PDF PAGE 1
Data: 23.09.2025
lei/MWh
Interval/Data 01.08.2025 02.08.2025 03.08.2025 04.08.2025 05.08.2025 06.08.2025 07.08.2025 08.08.2025 09.08.2025 10.08.2025 11.08.2025 12.08.2025 13.08.2025 14.08.2025 15.08.2025 16.08.2025 17.08.2025 18.08.2025 19.08.2025 20.08.2025 21.08.2025 22.08.2025 23.08.2025 24.08.2025 25.08.2025 26.08.2025 27.08.2025 28.08.2025 29.08.2025 30.08.2025 31.08.2025
INT001 699.71 284.31 651.34 254.37 421.52 799.29 242.10 681.65 255.12
INT002 699.56 97.30 646.00 425.60 103.89 691.39 692.09 796.73 93.00 210.48 396.41 283.40 692.75
INT003 446.01 438.29 454.79 231.33 298.07 120.07 654.47 646.00 700.72 87.77 77.21 646.00
INT004 698.82 297.57 223.70 107.10 129.73 44.24 626.25 -19.17 75.82 101.04 84.49
INT005 698.89 31.66
INT006
INT007 1,150.85 371.06 204.44 475.00 182.30
INT008 698.87 698.39 86.69 613.00 651.75 92.90 307.55
INT009 688.25 419.85 641.82 699.69
INT010 699.31 606.00 244.40 558.89 422.19 424.67 85.34 132.07 691.50
INT011 445.31 327.67 202.71 417.03 255.41
INT012 97.31 67.50 213.83 666.81 168.75 645.94 86.04 112.02 248.53
INT013 425.87 199.31 413.00 590.52 689.06 122.01
INT014 452.44 575.00 105.97 646.00 646.00 610.01 112.74 98.75 692.34
INT015 48.23 153.17 443.45 132.03 120.70 706.62
INT016 409.95 699.00 3,524.86 121.00 640.00 119.13
INT017 33.17 177.53 625.76 225.55
INT018 -15.46 283.05 105.36 170.38 102.53 148.65 120.88 109.59
INT019 427.97 282.39 621.48 130.24 385.70 626.80 678.11 197.79 110.25 642.43
INT020 699.00 132.56 297.94 115.70 146.61 641.71 520.61 637.55 106.04
INT021 23.71 97.86 124.40 674.76 87.09 167.23
INT022 398.86 129.67 643.36 36.67 399.49 125.41
INT023 699.23 196.90 664.24 454.75 226.75 347.06 699.00
INT024 698.80 146.57 98.10 218.84 390.99 399.83 424.53 423.85 76.80
INT025 373.08 123.86 692.28 691.14 119.37 305.01 476.72 290.24 508.99 432.17 699.83
INT026 417.04 147.26 692.57 245.82 107.97 421.57 247.83 676.38 699.05
INT027 183.24 905.67 171.31 402.52 358.36 411.55 234.87 394.46
INT028 698.58 492.00 424.62 685.57 689.27 677.82 555.88 744.44
INT029 261.63 234.43 109.31 147.15 239.34 676.01 397.83 -39.32
INT030 129.54 324.97 646.00 626.69 19.20
INT031 331.59 128.81 685.83 646.96 368.14 417.62 425.02
INT032 104.19 139.42 662.45 333.05 106.86 91.07 427.43 462.13
INT033 699.00 364.16 282.80 161.11 137.84
INT034 430.08 488.42 165.92 377.70
INT035 341.34 161.74 142.09 -1,958.27 128.03
INT036 -363.54 98.44 127.26 94.48 107.57 1,018.26 -1,976.98 196.31 101.87
INT037 313.08 172.12 668.80 395.83 644.91 117.39
INT038 437.15 284.24 110.34 40.78 -1,417.74 209.60
INT039 -117.65 232.10 43.42 460.84 82.70
INT040 -2,080.67 1,092.33 416.31 -2,555.22 -1,322.18
INT041 227.73 546.24
INT042 328.47 285.68 244.98 457.66 160.47
INT043 23.74 277.90 8.53 223.06 726.22
INT044 193.88 235.28 797.06 65.23 235.30 834.65
INT045 81.19 -111.92 707.17 129.48 437.24 62.61 -793.48
INT046 436.99 381.13 -1,085.53 194.49 -1,065.43 220.10 52.07
INT047 -236.63 75.55 86.77 495.79 138.10 113.63 97.36
INT048 155.01 450.00 475.90 161.72 140.77 91.25 125.64
INT049 345.84 234.36 182.85 593.89 86.57 476.51
INT050 -2,418.60 -5,593.09 593.60 627.38 183.18 79.61
INT051 450.00 -732.58 63.00 205.63 525.55 550.00 451.99 148.92 88.06
INT052 113.88 111.06 -201.26 90.33 77.59 447.00
INT053 -54.72 20.52 -432.90 460.01 512.75 3,942.72 -146.48 1,474.87 110.93 17.93 38.12 753.54 447.02
INT054 28.83 -16.58 424.44 174.15 933.14 47.05
INT055 -79.03 305.10 81.38 500.55 41.54 -805.31 34.60 447.00
INT056 374.53 450.00 9.77 146.26 20.47
INT057 450.00 1,182.34 70.75 88.47
INT058 76.57 218.71 450.00 87.73
INT059 67.06 -634.89 89.10 129.51
INT060 0.00 87.72 605.00 1,502.57 92.04
INT061 -985.19 -1,767.73 370.61 225.27 1,670.36
INT062 534.10 -2,663.87 -1,734.42 90.76 550.00 561.58 80.99 1,275.71
INT063 -2,753.58 -1,386.68 460.01 441.63
INT064 84.24 -2,477.12 450.00
INT065 -4,378.58 -39.27 -3,511.84 -1,140.38 350.25 -4,411.70 -50.04 493.67 166.43 559.78
INT066 229.12 38.84 -151.06 207.39 -111.37 331.29 284.15
INT067 247.66 98.48 -270.20 495.00 324.32 289.40 478.58
INT068 -538.20 228.07 75.48 172.36 183.09 5,585.51
INT069 -1,381.31 -2,830.36 635.20 274.01 179.36 329.62 1,138.82
INT070 2,093.02 -827.36 2,225.78 -1,933.71 232.45 269.82 878.37 162.97 473.11
INT071 2,964.34 -1,708.61 246.79 944.75 654.55 2,001.78 260.44
INT072 737.74 204.32 1,115.49 379.25 232.91
INT073 419.01 -1,850.02 -2,422.59 1,022.12 728.24 187.90 369.88 579.39
INT074 485.43 -391.47 475.00 238.14 267.92
INT075 609.63 336.00 370.72 526.09 547.80 796.84 127.89 407.51
INT076 351.73 556.93 496.53
INT077 2,898.79 1,654.93 784.56 81.44
INT078 447.38 378.28 297.32 2,025.00 962.97
INT079 67.54 45.02 382.61 453.48 382.27 -719.65 570.56
INT080 5,466.22 634.39 995.44 412.73 608.96 1,111.20 699.65
INT081 626.02 1,159.20 2,091.96 309.33 475.00 -110.06 320.36
INT082 433.90 377.51 386.46 375.91 699.86 317.16
INT083 646.07 587.73 677.21 439.20 1,092.71
INT084 659.77 699.62 625.34 154.86 865.60
INT085 475.00 443.46 363.84 382.59 699.97 700.00 175.75
INT086 700.00 998.07 427.54 359.62 699.54 411.60 417.25 699.96 180.12
INT087 431.38 700.00 419.46 1,180.29 378.22 340.39 699.51
INT088 444.99 875.55 700.00 699.99 176.32 699.94
INT089 700.00 458.95 894.70 452.83 381.78 678.82 744.22 145.95 308.65
INT090 700.00 365.48 691.51 333.87 653.53 123.87
INT091 699.81 345.31 175.59 661.54 146.29 115.06
INT092 345.93 700.00 -270.29 700.00 700.00 223.93 127.00 -1,304.83 24.30
INT093 474.25 700.00 195.33 198.43 691.75 665.00 1,625.07 694.28 121.47
INT094 436.51 410.94 352.34 178.27 139.99 642.56 429.49 665.00
INT095 699.93 699.68 700.00 345.80 185.46 119.32 422.19
INT096 156.62 -228.90 184.94 624.52
Pret final de deficit din luna August 2025
1/1