PDF PAGE 1
Data: 29.07.2025
lei/MWh
Interval/Data 01.06.2025 02.06.2025 03.06.2025 04.06.2025 05.06.2025 06.06.2025 07.06.2025 08.06.2025 09.06.2025 10.06.2025 11.06.2025 12.06.2025 13.06.2025 14.06.2025 15.06.2025 16.06.2025 17.06.2025 18.06.2025 19.06.2025 20.06.2025 21.06.2025 22.06.2025 23.06.2025 24.06.2025 25.06.2025 26.06.2025 27.06.2025 28.06.2025 29.06.2025 30.06.2025
INT001 1,150.15 693.15
INT002 332.54 1,025.40 287.97 264.16 168.76 811.62
INT003 92.09 645.17 729.03 -103.94 -477.23 177.86
INT004 160.80 208.05 88.89 343.85 9.30 463.33 203.65 -545.24 65.35 58.34 -646.56
INT005 224.44 695.93 91.84 435.19 607.73
INT006 693.31 947.35 687.25 653.71 0.00 497.47 341.89
INT007 84.75 328.93 104.70 649.36 440.80 206.22 215.69 -3,192.77
INT008 126.71 673.77 429.56 176.16 347.53 74.70 -34.34 -90.69 168.26 -340.79
INT009 1,087.67 390.00 1,115.88 0.08 326.65
INT010 127.00 803.31 702.79 0.00 0.36 482.53 780.51 167.27 142.61
INT011 697.24 797.45 0.18 466.59 700.63
INT012 254.75 -10.78 448.64 217.58 605.91
INT013 390.00 823.83 279.96 108.96
INT014 753.46 45.91 210.11 390.00
INT015 390.00 766.90 305.61
INT016 938.92 271.43 189.75 51.00 113.40 738.31
INT017 655.20 495.82 706.62 660.58
INT018 163.93 367.13 299.85
INT019 728.96 295.44 0.00
INT020 276.96 0.94 465.61 512.63 738.64
INT021 390.00 324.30 256.38 503.13 53.96
INT022 872.34 313.43 967.50 111.92
INT023 103.37 -41.02 390.00 12.00 115.17 764.49
INT024 160.40 28.90 791.00 178.23 346.99
INT025 878.60 46.46 2.39 656.07
INT026 78.11 224.10 631.30 387.64 333.52 528.32
INT027 39.05 191.77 294.36
INT028 393.30 341.45 629.74
INT029 31.57 132.32 306.01 251.46 183.93 295.81 328.61 -693.54 711.78
INT030 59.88 251.06 737.58
INT031 306.89 242.83 276.32 253.03
INT032 251.63 52.48 240.95 650.32 97.63
INT033 372.44
INT034 63.59 210.94 630.04 -72.09
INT035 578.27 -7,001.00 0.62
INT036 -2,413.78 111.71 -4,824.21
INT037 105.70 1.20 -989.33 831.77 202.23 -601.30
INT038 520.21 214.80 -4,497.27 535.38 -2,171.86
INT039 -810.41 31.68 -958.75
INT040 -369.93 -5,581.25
INT041 427.14
INT042 256.64 193.20
INT043 9.22 55.62
INT044 -1,236.49 -209.95 137.65
INT045
INT046
INT047 -874.89 716.66
INT048 22.23 88.06 599.04
INT049 -6,633.60
INT050
INT051
INT052 4.67
INT053
INT054 -4,730.77
INT055 216.21
INT056 723.58 94.00
INT057
INT058 -567.46
INT059 102.64 4.35
INT060 0.93 -313.11
INT061 -39.97 -4,880.80
INT062 557.33
INT063 -164.15
INT064 333.88
INT065 -487.82
INT066 440.85 -182.37 -165.00 -250.00 -136.92
INT067 20.00 0.00 428.72 10.57
INT068 637.68 89.96 -154.48
INT069 -3,295.09 -498.56
INT070 -217.96 -1,031.74 -25.41
INT071 376.89 453.55 569.19 232.16
INT072 370.82 5,872.83 362.58
INT073 -1,141.27 18.07 33.51 -845.95 -2,568.55
INT074
INT075 259.30 294.97 390.00 64.48 354.72
INT076 0.00 284.74 863.18 0.00 567.97
INT077 127.94 117.26 260.00 206.07 -3,338.41 173.21
INT078 328.22 386.08 592.50 254.49 390.00 319.78 400.00 348.36
INT079 390.00 376.99 -408.50 8,146.25 398.18
INT080 316.64 385.91 400.00 899.66 11,445.79 400.00
INT081 352.25 251.00 1,020.74 282.16 364.93
INT082 251.00 377.74 865.76 388.39
INT083 378.83 707.50 2,237.94 695.14 366.01 384.00 385.29
INT084 0.00 682.60 98.61 769.86 543.20
INT085 283.43 65.05 -5.30 318.56 353.35 -3,901.45
INT086 373.80 -3.79 374.83 731.61 691.25 1,252.88
INT087 374.53 718.33 390.00 1,279.34 343.99
INT088 366.99 248.94 203.31 651.59
INT089 667.82
INT090 948.92 -1,040.30 503.06 1,000.12 327.27
INT091 -128.66 134.22 245.01 39.53 668.48 249.45 881.39 284.92
INT092 329.55 -107.67
INT093 -630.76 31.01
INT094 319.79 339.96 -65.11 646.48
INT095 612.59 40.05 744.82 584.08
INT096 0.96 692.82 32.40 228.59 546.23 80.45 135.41 142.48 661.85 598.26
Pret final de excedent din luna Iunie 2025
1/1