PDF PAGE 1
Data: 18.05.2026
lei/MWh
Interval/Data 01.03.2026 02.03.2026 03.03.2026 04.03.2026 05.03.2026 06.03.2026 07.03.2026 08.03.2026 09.03.2026 10.03.2026 11.03.2026 12.03.2026 13.03.2026 14.03.2026 15.03.2026 16.03.2026 17.03.2026 18.03.2026 19.03.2026 20.03.2026 21.03.2026 22.03.2026 23.03.2026 24.03.2026 25.03.2026 26.03.2026 27.03.2026 28.03.2026 29.03.2026 30.03.2026 31.03.2026
INT001 654.47 743.27 -100.23 183.12 1,042.69 331.62 1,109.46 4,411.01 1,191.36 57.59 1,063.85 1,324.47 -1,786.35 94.17 -785.41 1,428.39 1,031.37 3,658.40 1,036.54 -226.08 5,854.18 -1,823.55 832.42 -233.24 700.00 -1,959.43
INT002 912.04 749.67 -474.75 261.12 1,116.70 787.45 1,170.12 1,059.07 1,016.25 232.06 -1,188.99 275.12 846.51 1,028.51 1,077.05 1,036.72 -143.83 219.75 4,459.07 664.10 8.89 748.64 225.42 400.00
INT003 912.64 1,021.04 -157.54 722.01 -363.64 145.89 780.35 274.13 289.58 1,557.85 1,046.05 267.86 -1,420.91 173.20 -442.33 929.79 1,260.50 981.67 1,250.64 -47.42 767.71 194.32 677.33 -195.71 911.41 -284.27 400.00
INT004 781.98 2,456.23 -153.91 691.50 -148.99 -467.93 1,079.49 1,177.31 1,850.53 -3,892.65 -1,207.93 1,028.70 1,029.51 777.28 -17.57 867.40 -43.20 983.52 -258.51 761.77 -107.43 884.68
INT005 830.23 -379.64 34.85 788.39 -356.07 273.14 700.00 265.68 1,178.34 1,386.17 -1,848.39 1,277.38 1,501.45 -23.36 1,075.66 -115.85 765.58 1,118.12 809.98 -508.85 906.26
INT006 982.36 1,409.69 -34.30 -23.00 806.79 197.28 264.17 778.58 39.53 1,165.70 2,157.82 -767.12 766.30 2,292.93 1,303.42 154.78 -673.75 463.47 -55.88 851.49 896.01 67.17 -374.65 890.23
INT007 782.00 -233.24 23.73 978.87 778.87 223.19 251.09 778.13 -17.67 979.95 870.87 1,954.37 700.00 -229.48 986.16 998.82 263.90 67.20 1.34 -319.55 662.58 853.61 99.19 47.29 600.00 882.40
INT008 781.59 762.71 -373.68 1,064.78 -28.27 61.74 756.12 778.55 150.52 775.51 1,072.93 1,073.70 262.69 983.46 999.00 258.77 699.87 3.04 -75.11 738.42 864.12 692.56 -152.09 647.54 700.00
INT009 774.92 772.14 819.58 973.78 -189.98 946.99 175.72 123.91 1,056.38 1,047.32 194.52 929.80 1,218.31 1,013.26 1,083.05 2.63 774.57 773.50 1,069.50 64.71 850.63
INT010 775.94 749.11 738.02 769.97 -120.13 938.93 1,119.05 124.39 82.82 704.52 1,184.14 109.64 775.73 767.47 1,411.35 600.00 976.48 802.52 317.29 743.34 1.40 -367.44 838.90 773.56 880.05 -212.14 -232.92 855.65
INT011 781.52 727.42 740.30 773.72 -19.74 1,653.59 1,205.98 -219.17 758.15 1,164.15 768.75 1,427.81 275.70 985.30 886.90 268.82 702.57 0.68 -303.08 540.90 796.30 695.80 -209.79 -568.60 274.58
INT012 781.83 701.96 -153.22 1,355.85 984.58 -296.20 -95.88 1,108.90 797.07 600.00 112.42 709.98 1,138.52 759.21 -50.20 998.36 775.00 270.13 712.68 -528.34 17.96 282.66 700.00 6,564.36 7.21 -668.71
INT013 768.88 748.94 -241.68 1,083.93 0.00 -106.36 139.96 822.93 765.41 963.91 1,651.60 -283.04 132.10 995.92 803.94 135.05 724.41 700.00 700.00 828.92 904.75 194.01 -265.85
INT014 769.04 721.35 -255.83 742.74 -131.91 -424.25 736.46 764.11 783.11 921.82 1,393.47 -365.54 213.55 1,005.68 770.86 214.84 707.76 -711.32 715.25 776.61 837.93 907.92 364.43 3.10
INT015 769.15 695.05 -120.25 -119.74 1,258.16 734.69 1,308.64 767.21 169.53 1,116.30 6.94 -91.66 1,196.11 777.45 280.79 763.65 -691.00 422.28 876.03 1,575.23 341.63 9.05 126.97
INT016 769.15 -121.52 -77.42 261.68 1,238.49 788.00 1,130.53 912.43 -76.00 1,435.16 -423.04 -255.44 1,921.57 874.93 284.84 773.02 252.80 376.17 1,037.91 941.85 -66.44 704.91
INT017 796.11 -1,340.40 23.47 1,534.00 796.32 1,065.40 256.87 765.04 1,484.47 -342.95 -84.86 -87.71 1,796.34 973.74 156.95 775.99 822.14 1,373.50 108.54 793.19 -1,041.84
INT018 814.07 -69.12 -92.03 761.92 1,089.47 1,184.07 684.15 -36.39 772.95 1,433.91 -479.36 1,454.66 1,196.71 768.05 706.93 917.52 887.03 1,676.62
INT019 768.11 163.50 -350.63 328.46 1,254.89 1,384.44 998.81 946.09 727.11 1,098.60 -196.24 1,465.37 1,095.06 235.18 771.37 725.05 700.00 895.92 306.63 2,134.17 498.18
INT020 772.27 213.49 -133.14 842.89 2,663.16 990.49 -58.87 1,128.24 64.85 777.32 1,171.34 -234.49 1,160.88 1,004.98 97.27 1,739.56 700.00 737.96 280.56 871.42
INT021 783.44 -306.97 -562.55 1,513.99 1,497.15 1,174.48 309.04 939.06 1,118.69 -3,285.54 166.39 1,189.28 954.23 715.63 296.14 10.71 1,179.10 700.00 872.94 239.91 823.14 -6.11
INT022 783.38 599.00 -2,372.30 710.70 969.16 1,573.05 700.00 843.51 700.00 730.03 777.30 -6,047.78 747.83 261.10 974.85 947.80 757.99 355.61 740.67 1,384.66 700.00 811.92 362.70 128.35 838.61 872.72
INT023 786.80 692.60 774.42 1,140.66 -62.91 697.90 1,448.65 1,506.48 771.37 1,130.69 700.00 734.40 1,076.75 -7,937.16 877.52 768.97 1,319.15 955.33 -201.00 843.37 3,536.14 853.77 785.99 299.91 -69.68 813.99 877.90
INT024 782.52 1,028.30 -24.98 1,103.14 2,067.13 885.77 1,300.02 2,903.50 719.99 715.31 -7,030.78 778.51 751.01 2,739.68 949.65 -413.74 947.25 2,365.45 1,194.73 971.47 246.90 210.74 837.21 292.85
INT025 800.00 722.79 760.36 1,082.73 -33.35 893.61 1,111.25 2,420.43 765.55 725.56 -5,276.02 740.57 1,307.45 948.46 753.65 -91.44 896.83 1,337.73 705.85 60.81 10.74 904.69
INT026 801.95 732.25 987.14 -48.93 1,118.01 2,790.66 1,024.45 1,358.46 -2,769.43 700.00 741.07 -101.81 -496.26 1,074.62 2,123.25 948.88 -221.36 803.78 1,034.26 762.15 -177.11 -194.33 884.45 101.04
INT027 799.22 921.94 796.69 1,174.88 -51.28 1,021.42 951.09 1,156.27 1,173.57 -2,190.63 1,012.19 700.00 700.00 -170.30 802.31 1,108.44 987.65 -49.97 873.23 772.12 700.00 871.19 -426.22 -201.32 885.00 1,069.85
INT028 798.86 1,103.29 1,018.43 -231.06 -151.36 1,257.18 786.02 1,034.25 2,926.08 -3,199.63 1,025.46 -140.03 694.05 700.00 2,112.01 1,094.01 -290.65 0.40 834.71 940.45 700.00 760.82 -416.37 940.21 1,621.14
INT029 800.87 -2,339.96 817.43 -887.34 258.29 1,178.31 760.37 1,022.81 1,256.51 -279.34 -477.84 -125.57 -72.35 188.43 1,769.41 4,389.61 -194.54 -384.19 125.44 778.55 81.79 -945.74 -11.34 1,133.91
INT030 800.48 333.77 761.95 -8.64 316.96 79.24 964.21 1,257.80 -282.64 -527.80 777.24 -561.33 252.46 -759.11 238.37 1,250.16 4,316.15 -130.47 257.56 864.99 728.34 39.92 23.19 -84.13 1,160.42 320.09
INT031 797.13 599.00 -109.43 -95.92 -122.80 1,288.33 -434.93 -2,449.37 727.37 612.50 -908.57 20.22 2,973.21 2,726.66 699.32 -202.73 271.36 130.24 194.17 764.71 211.08 -18.83 4,998.15 397.11
INT032 799.17 599.00 -848.76 16.78 -584.20 -791.36 -330.00 -53.65 -1,067.74 368.67 -13,683.74 905.28 -358.27 702.90 -1,324.75 -142.02 5,283.45 3,794.38 699.00 -86.73 293.76 -5.21 261.65 840.37 442.32 674.22 -102.11 5,618.91 401.00
INT033 2,102.55 764.82 -462.68 -215.80 -162.13 1,603.58 -944.92 1,186.16 699.20 812.90 -612.28 4,118.47 6,886.53 699.45 -180.61 303.98 -137.91 296.73 2,439.85 1,287.87 884.63 -124.54 401.00
INT034 678.06 1,639.52 73.98 -255.03 -27.34 -814.41 112.87 4,817.20 -549.95 995.76 896.23 -557.51 284.54 -306.11 3,604.83 4,734.11 690.53 -248.77 -41.98 1.35 1,482.81 1,009.48 741.97 -566.97 401.00
INT035 552.92 1,279.31 -854.20 -4,670.83 -263.60 -1,387.46 -2,107.95 1,006.73 -1,025.85 699.00 -343.96 880.64 -207.67 742.74 -604.46 -12.05 3,289.84 1,818.92 -1,457.45 35.99 12.97 1,150.55 1,011.08 818.27 -257.16 331.24
INT036 541.35 1,221.27 -889.13 -8,332.93 -661.03 -5,254.61 -2,644.78 -10,800.71 -868.80 -447.35 699.00 -1,170.44 881.89 -127.42 -2,488.12 -2,245.57 -4.74 3,323.11 -1,954.96 -751.05 -180.42 -323.46 -23.08 3,334.37 -3,629.71 704.12 -49.49 84.30
INT037 2,080.97 1,101.23 -3,061.68 695.40 861.34 -272.82 5,507.35 -797.86 9.26 900.91 1,014.97 -338.44 -17.49 -5,599.91 -97.87 4.38 838.43 -1,396.49 2,265.86 -15.36 1,262.69
INT038 484.95 1,086.83 -2,379.96 -939.50 -158.83 -161.01 862.17 0.40 2,718.04 -108.20 -119.24 968.23 -2,702.47 -3,983.36 -3.29 -1,865.92 -99.26 0.10 836.27 -198.65 840.43 1.15 273.25 4,322.18
INT039 465.97 1,354.07 -369.10 1,079.42 0.40 598.05 937.94 -122.79 -750.49 1,410.45 -2,966.91 -1,918.58 1.87 3.41 6.68 667.29 1,237.84 -70.91 793.11 -24.16 -186.23 6,223.06
INT040 499.49 1,093.13 -441.86 -1,578.59 -493.73 914.94 -27.24 573.93 -276.86 -452.64 -352.64 1,061.42 -2,882.09 -193.99 -24.56 7.44 -171.84 8.40 -5,323.22 -126.21 794.01 -279.29 -336.94 2,543.45
INT041 2,782.47 912.56 -128.32 -16,567.07 750.98 -302.55 -161.59 743.19 9.11 2,144.66 491.86 -94.91 -1,014.31 906.05 -191.76 -26.99 -241.11 -129.80 -62.45 -23.62 -7,000.49 612.69 141.22 1,219.11
INT042 2,677.17 1,818.94 1,082.62 -272.80 -74.77 -164.98 745.82 2.43 472.52 22.50 -2,101.65 909.28 -314.04 -27.79 -198.47 -125.51 -0.14 -21.97 600.00 261.36 1,224.98
INT043 487.03 1,108.10 -889.10 -198.70 -164.84 745.85 2.20 489.51 -113.85 -48.94 906.38 -28.43 -46.37 -288.09 -36.86 -66.36 740.10 679.39 -63.69 279.88 1,236.67
INT044 736.41 9,399.41 -1,045.78 -164.70 745.85 13.86 521.61 -102.59 -240.90 906.87 -87.86 -29.18 -182.16 -244.80 -198.95 686.13 679.39 290.73 1,236.67
INT045 2,862.62 768.82 -44.13 -173.82 -287.65 -164.39 583.89 11.94 1,088.72 -96.46 811.42 9.02 -155.49 -140.67 -125.45 2.37 712.52 539.59 305.81 -506.86
INT046 9,808.60 608.17 3.41 -3,789.62 743.89 622.21 -681.04 -105.50 574.28 -407.48 0.96 -161.81 909.53 687.79 -172.25 -145.94 0.65 708.19 511.08 854.83 809.74 -74.24
INT047 5,058.90 608.17 0.06 460.14 -57.98 -14.14 74.01 -33.46 450.00 6.92 16.43 -171.34 813.78 699.15 -390.21 0.63 2.60 956.89 542.13 822.67 691.92 275.44
INT048 1,514.66 655.45 -44.69 460.14 -178.50 -254.67 -107.13 -6.93 -356.48 -161.79 -161.76 770.48 677.11 663.96 -38.91 9.00 975.60 535.74 -332.03 -209.70
INT049 555.93 1,158.95 -373.98 572.09 -171.75 -28.88 -648.61 -81.81 679.30 -314.74 -105.98 -163.74 504.59 907.49 5.34 9.44 926.66 571.39 -594.57 1.44
INT050 551.88 -572.41 -151.40 -113.67 -347.77 -208.13 707.95 -369.33 -488.28 -164.36 502.45 698.62 19.27 -99.84 0.35 889.71 588.42 353.67 349.37
INT051 48.49 869.08 -286.10 -27.33 -152.58 -25.92 -1,100.38 -4.27 737.70 -692.51 -78.13 -106.79 502.45 256.44 15.69 -116.22 2.32 2.53 902.96 545.78 700.00 333.96
INT052 95.14 1,073.15 -238.73 26.09 97.00 -149.40 -112.17 -878.72 -50.91 674.22 -293.12 -23.17 4.21 512.26 264.67 6.37 -356.89 4.19 -163.40 0.00 12.21 915.41 559.29 -92.63 714.92 245.83
INT053 4,099.91 -225.30 10.01 -2,964.90 -164.44 -32.63 -356.83 -205.73 -43.82 -1,112.03 6.37 -5.91 492.98 1,040.28 23.21 -249.77 -153.40 -10.07 471.62 109.79 505.08 52.53 700.00 46.80
INT054 72.69 1,815.59 -234.75 -1.62 -6,866.89 -165.00 -107.28 -1,998.29 -40.76 94.48 -64.78 0.68 6.93 497.68 1,027.30 23.21 -23.20 -161.63 -0.61 520.34 600.00 481.22 -83.53 700.00 228.65
INT055 -196.85 606.10 -835.79 -238.94 1.95 -7,999.00 -20.37 8.06 -4,721.96 -17.10 -1.39 -42.21 449.22 1.75 517.65 101.62 -362.95 -22.51 0.10 -164.62 -28.04 719.84 664.14 601.78 55.91 700.00 -1.51
INT056 -2,515.58 606.07 -851.99 -249.43 -235.18 -9.29 -720.65 9.65 -3.73 0.30 -108.14 -21.61 471.45 -766.49 491.53 104.71 -450.54 0.40 0.94 -92.42 -622.22 1,384.08 600.00 480.18 -295.61 700.00 -179.47
INT057 727.35 -941.03 -289.58 -29.60 -266.21 6.58 -19.04 -5,392.29 -107.85 -113.35 -164.30 503.94 -442.00 594.98 12.59 -7.33 1.49 0.38 4.92 -156.86 674.47 700.00 499.29 153.80 694.67
INT058 -325.26 693.15 -233.13 10.15 -52.84 4.51 2.50 -233.05 -22.19 -180.04 -161.88 574.77 13.85 584.85 7.29 -197.35 1.26 -13.09 0.11 15.14 4,376.79 739.38 508.37 267.98 710.32
INT059 668.02 -145.88 -155.34 -438.67 -757.58 0.00 0.58 6.06 0.60 -104.07 -995.57 265.09 2.37 624.07 46.04 -17.13 2.50 1.26 0.87 -25.55 839.00 795.44 576.41 383.86 864.37
INT060 668.04 -161.82 519.93 -159.81 -520.00 -4,983.63 0.00 300.00 7.04 6.66 -156.15 650.41 0.60 770.31 6.80 3.12 0.20 21.42 -84.70 673.16 613.25 783.32 185.79 -25.51 128.22
INT061 -5,866.79 1,012.51 0.03 -510.99 -3,053.10 -5.42 -4.09 -16.44 -1,045.39 5.38 -109.05 263.16 -20.08 633.55 821.64 -200.95 -36.30 0.72 16.10 -4,105.26 665.54 860.05 61.99 -126.51 890.67
INT062 -5,475.94 873.19 3.52 1.63 -1,466.10 0.17 2.96 -80.20 -418.34 -75.45 347.13 1,123.29 1,019.55 -0.22 82.80 -208.39 1.20 0.63 -4,442.99 700.00 944.41 1,105.89 450.00 400.00
INT063 840.17 5.11 1,354.72 -186.13 -272.93 -25.00 1,019.90 -2,614.51 -225.67 61.94 890.39 1,535.38 5.87 -10.54 0.10 -24.50 -178.84 700.00 604.21 961.96 440.51 772.49
INT064 701.45 852.88 945.62 1,253.87 390.46 -2,809.92 -5.79 -541.29 -26.84 -565.19 958.87 19.39 735.84 1,040.43 0.11 155.05 6.82 0.27 0.40 9.65 724.02 640.31 1,209.99 -89.31 872.77
INT065 650.52 1,342.47 -40.24 2,265.63 222.89 274.38 -84.67 -7,906.76 -2,728.68 2,059.77 -20.72 -241.01 845.85 3,451.20 0.20 -39.71 7.62 255.68 -890.32 743.72 2,116.67 775.87 764.21 -107.30 255.30
INT066 726.59 908.06 3.19 -314.77 290.79 263.65 -8,351.02 0.13 -3,057.79 0.41 -2,011.77 4,295.23 1,098.45 4,797.42 0.20 -241.05 7.18 251.87 -999.08 735.51 1,131.35 -18.75
INT067 956.14 908.52 0.10 262.24 -261.08 1.07 1,308.13 -8,301.52 1,081.68 8.33 0.41 -456.17 1,105.05 1,107.79 3,481.63 5,636.80 1.02 -368.24 313.76 182.43 942.61 1,487.06 676.82 63.19
INT068 692.13 1,952.66 844.87 1,058.57 2,933.43 20.45 254.30 940.91 1,343.81 173.77 1,366.63 1,135.13 0.40 0.40 6,050.36 5,089.92 2,015.88 219.98 -194.08 349.98 1,033.48 3,123.42 2,124.92 1,820.10 -305.20 145.65
INT069 772.80 87.20 -1,428.33 -1,026.11 -40.37 -3,509.87 -232.19 11.65 251.55 -130.84 1,044.68 12.53 3,701.97 1,097.06 960.39 -541.94 253.36 7.40 271.77 2,322.27 1,397.84 3,570.42 274.38 -96.79
INT070 736.99 -2,573.22 34.68 -3.12 -48.16 -287.60 775.16 0.79 1,138.51 860.67 4,195.65 100.00 4,582.02 1,093.07 5,418.77 -46.25 107.99 832.09 303.30 955.14 1,046.21 5,263.39 209.94
INT071 820.65 1,070.38 1,585.89 0.00 108.47 -1,303.75 1,138.63 400.00 1,205.51 1,144.82 3,946.19 -32.94 400.00 0.00 3,925.24 1,280.58 5,787.32 -141.28 943.03 699.00 376.15 257.18 1,028.97 3,756.14 318.92
INT072 1,259.46 1,037.74 114.19 273.61 4,842.45 73.14 1,481.16 1,025.12 1,283.80 1,004.93 4,373.92 1,462.49 3,901.85 1,147.52 1,618.63 1,020.18 998.21 127.67 1,151.35 1,573.90 85.04
INT073 1,192.28 3,101.08 248.94 80.98 259.37 1,228.55 113.69 1,066.76 -1.24 181.38 5,508.99 -411.72 -12.70 1,142.45 1,366.79 1,150.18 3,949.75 45.14 1,156.71 255.63 50.14 -843.33 326.05 1,194.29 278.70 -461.45 12.54
INT074 952.25 3,601.84 307.43 271.47 2,246.32 -156.66 -57.19 -163.89 1,333.36 253.66 6,359.37 -1,004.49 333.16 1,218.14 3,866.26 1,150.36 3,373.73 -257.40 0.00 1,203.01 65.86 -77.24 1,355.10 -229.40
INT075 1,120.59 1,445.23 -628.52 1,181.98 1,127.35 -491.55 1,462.74 185.63 2,613.26 272.92 1,239.93 8,076.54 -275.18 1,630.49 1,357.21 1,144.71 2,021.76 1,289.65 1,318.35 122.93 143.74 759.66 1,905.32 945.45 -2,801.95
INT076 1,077.88 1,505.73 -255.81 767.29 1,391.94 2,881.72 105.07 343.79 3,388.58 -10.64 2,248.59 1,383.98 -932.75 1,958.43 1,523.86 1,145.80 1,974.67 691.47 3,791.28 1,055.00 312.77 -322.13 917.65 1,766.73 1,028.14 -4,397.66
INT077 1,338.84 3,671.38 8.97 -290.32 768.85 1,679.98 -62.59 767.27 291.57 1,303.86 100.81 1,445.44 1,799.48 -32.87 1,669.11 1,241.09 1,537.37 1,485.49 646.74 228.20 5,012.52 883.41 -812.45 1,609.83 816.70 -4,314.60
INT078 1,060.33 2,032.33 -38.91 1,568.73 -298.64 236.83 81.77 1,374.30 363.92 1,427.52 906.03 1,400.83 1,631.78 1,229.37 1,504.76 688.89 6,999.00 6,887.38 4,752.15 735.80 -768.34 195.06
INT079 1,060.33 1,800.74 -120.64 1,324.84 -292.83 239.51 1,088.18 400.00 1,518.99 1,220.89 1,730.18 3,682.94 1,599.54 1,610.13 844.78 328.66 4,460.72 5,792.50 1,837.19 716.61 1,137.29
INT080 1,129.80 -496.19 1,300.02 132.41 1,378.52 389.02 1,972.15 1,273.34 2,029.07 1,227.82 2,114.00 364.07 1,764.98 2,403.53 5,917.89 -187.71 2,127.88
INT081 2,555.06 -370.37 -72.18 2,472.22 -17.27 777.41 677.63 1,572.87 1,144.26 1,638.43 1,280.76 104.27 1,820.17 2,516.10 6,871.67 936.35 976.12
INT082 2,351.25 232.73 -264.98 -79.69 772.79 2,119.21 -75.42 188.69 777.84 897.72 2,501.48 2,312.88 1,184.86 -38.82 228.38 1,999.70 4,845.57 -309.17 1,565.65 1,395.33
INT083 1,186.53 335.59 -85.79 1,737.47 -124.89 777.79 1,084.12 1,632.56 69.13 920.33 1,057.85 1,147.98 62.10 191.12 1,697.50 4,479.28 1,166.98 34.85 906.13
INT084 1,082.18 -231.20 267.52 -352.29 2,285.25 -322.72 163.14 777.65 250.05 796.76 2,033.05 -6.50 1,125.76 976.85 1,267.22 923.88 -767.25 -106.09 -99.50 1,701.22 1,734.16 2,936.68 262.76 -12.23 280.60
INT085 1,122.50 1,000.04 1,184.61 -158.90 777.02 777.19 1,190.54 803.63 1,211.42 1,164.97 708.86 3,057.01 1,158.88 -851.92 -82.69 3,164.93 2,221.46 600.00 4,260.17 17.19 764.58 267.52 1,535.33
INT086 921.31 -236.78 818.20 1,188.94 -33.30 888.03 773.51 885.17 1,234.77 -155.51 1,194.81 1,009.68 2,985.18 2,234.17 308.41 1,488.33 3,358.39 4,882.39 70.46 47.07
INT087 889.80 107.52 1,419.39 -13.03 166.34 186.95 2,481.61 -159.66 1,173.12 1,171.03 5,069.17 70.29 868.37 -22.39 1,028.85 2,339.33 542.81 2,148.37 -35.10 -466.53 386.11
INT088 706.36 314.09 -302.67 1,268.87 7.15 234.84 -217.23 45.39 77.88 279.87 0.82 3,156.15 -246.59 1,139.89 1,851.56 71.22 1,657.93 -60.92 1,709.03 1,366.93 -13.41 -1,479.81 360.28
INT089 647.78 142.06 683.33 769.52 1,138.11 769.02 720.28 1,185.43 1,142.50 42.16 1,159.86 897.20 1,149.58 4,464.92 1,013.82 -98.41 2,398.13 1,263.50 860.48 443.65 1,226.55 203.52 909.99
INT090 759.60 -297.91 683.33 1,074.39 1,267.86 716.02 -12.14 1,194.46 1,099.63 -7.25 1,998.88 1,094.29 2,675.28 4,544.09 -290.03 5,633.92 1,263.25 255.00 266.72 1,190.20 400.00
INT091 793.65 -988.80 38.30 1,523.71 2,147.47 -216.17 -24.13 268.37 -466.67 885.10 262.93 1,149.31 -2.34 1,064.84 -97.98 782.15 1,268.25 1,900.01 -62.13 1,875.57 4,943.20 256.80 149.63 1,070.32 -126.81 400.00 277.36
INT092 1,071.92 -624.45 -533.79 -80.38 770.61 -554.63 701.14 -409.84 935.16 1,107.00 -206.35 774.51 -628.96 1,076.37 1,198.85 6,580.34 9.67 1,257.55 3,025.37 -1,127.22 -3.95 1,072.44 81.51 -2,444.27 -12.47 -1,412.46
INT093 1,308.15 -429.62 1,246.15 -18.70 168.62 1,011.71 1,922.12 68.91 1,956.56 768.92 1,572.84 -361.15 1,259.77 -62.48 1,096.31 1,074.80 4,064.02 3,620.08 861.22 5,221.51 880.87 1,653.35 757.09 140.04
INT094 1,319.17 -26.67 -248.37 275.13 94.06 1,872.22 319.99 2,192.74 1,005.58 873.34 -214.94 -87.96 1,164.60 1,063.08 3,204.16 1,217.62 -80.13 2,060.12 6,959.99 859.44 1,281.21 837.11 91.26
INT095 1,171.87 -79.66 678.45 -167.62 299.15 84.00 1,225.89 -7.07 1,109.86 1,042.32 865.85 -189.02 -664.40 763.43 1,237.30 1,071.69 1,092.56 -130.48 1,327.75 6,635.59 263.94 781.42 974.20 704.48 32.88
INT096 883.54 -102.41 768.07 147.60 284.91 178.05 195.45 -578.46 1,614.73 1,075.68 995.20 1,092.14 -2,416.83 1.07 -1,007.81 852.88 1,362.06 0.95 1,099.93 -326.24 807.87 2,886.74 750.37 -0.63 700.00 381.92 122.83
Pret Final Unic din luna Martie 2026
1/1