PDF PAGE 1
Data: 14.03.2025
lei/MWh
Interval/Data 01.01.2025 02.01.2025 03.01.2025 04.01.2025 05.01.2025 06.01.2025 07.01.2025 08.01.2025 09.01.2025 10.01.2025 11.01.2025 12.01.2025 13.01.2025 14.01.2025 15.01.2025 16.01.2025 17.01.2025 18.01.2025 19.01.2025 20.01.2025 21.01.2025 22.01.2025 23.01.2025 24.01.2025 25.01.2025 26.01.2025 27.01.2025 28.01.2025 29.01.2025 30.01.2025 31.01.2025
INT001 59.84 109.41 674.05 300.00 694.65
INT002 680.00 300.00 688.86 686.44
INT003 134.21 74.75 252.85 680.00 755.62 228.90
INT004 729.35 815.54 680.00 118.86 1,072.81 74.72
INT005 192.07 4,983.02 658.49 680.00 96.89 1,053.48 22.85
INT006 365.21 5,169.62 636.26 680.00 158.98 991.57 205.08
INT007 680.00 680.00 40.65 330.96 113.15 128.59
INT008 77.84 98.00 295.25 61.32 4,330.55 133.81 186.12 120.45 883.68
INT009 679.13 680.00 35.97 177.50 98.88 680.00 215.04
INT010 680.00 672.52 274.99
INT011 680.00 680.00 695.27 372.27 844.14 89.94
INT012 132.86 680.00 87.73 566.67
INT013 680.00 680.00 119.19 -33.04 23.32
INT014 277.58 129.04 103.40 150.86 73.50 118.47
INT015 60.76 116.04 668.98 653.33 635.00
INT016 53.40 67.82 464.78 183.29 501.40 31.12 680.13
INT017 62.59 518.63 672.53 680.00 840.00 65.21 778.57
INT018 208.73 88.95 732.08 85.63 200.69
INT019 74.29 579.19 680.00 125.40 415.84 110.14 443.05 668.69 104.74
INT020 680.00 88.34 599.00 100.44 82.92 680.00
INT021 93.33 80.17
INT022 94.22 739.92 348.68 923.82
INT023 84.67 712.24 680.00 805.72 700.00
INT024 140.86 37.48 1,124.85 93.43 994.28 541.35 -690.94
INT025 680.00 69.41
INT026 680.00 680.00 63.76 239.71 48.14 130.22
INT027 673.52 100.84 1,058.61 141.41 952.57 -105.74
INT028 675.68 109.19
INT029 244.30 773.18 1,269.48
INT030 148.35 113.82 4,983.62 718.65 198.32 338.52
INT031 667.07 6,601.90 117.60 93.34 859.75 700.00 901.20
INT032 680.00 86.85 719.92 102.44 874.74 361.29
INT033 1,208.50 741.70 225.30 984.79 1,000.00 123.93
INT034 194.64 673.22 273.12 754.85 755.42 703.35
INT035 196.96 296.14 680.00 59.33 698.68
INT036 272.04 296.58 200.73 312.21 1,169.92 110.14
INT037 0.00 280.23 121.59 137.14 143.72 87.13 157.08 145.45
INT038 386.95 350.16
INT039 243.92 287.23 220.68 2,647.02 174.28
INT040 1,130.58 178.21 159.70 333.51 207.43 1,645.15
INT041 1,123.10 92.25 287.01 1,243.97
INT042 86.02 1,355.75 226.35 876.46 174.41 177.63 880.36 215.28
INT043 1,296.17 109.48 148.61 1,638.61 1,204.00 304.79 1,085.51 31.77 266.72 122.27
INT044 2,425.42 1,334.16 142.71 270.96
INT045 91.49 3,099.01 87.10 244.67
INT046 58.12 270.85 108.34 878.46 120.55 184.07 124.83
INT047 198.41 167.71 105.16 96.01 102.62 384.84 1,093.36
INT048 216.40 193.30 354.80 82.00 1,093.36
INT049 354.76 69.97 175.45 139.99 760.02 222.24 -321.19
INT050 114.72 195.34 204.45
INT051 260.79 277.14 152.90
INT052 419.48 680.00 156.48
INT053 372.24 163.71 309.43 294.75
INT054 85.55 374.99 459.50 312.32 585.03 104.40
INT055 591.79 396.47 800.00 273.82 235.88 514.94
INT056 201.09 604.00 396.03 204.61
INT057 82.67 226.60 196.84 458.33
INT058 665.36 742.91 439.32 245.98
INT059 1,280.17 84.14 554.94 303.21 356.28
INT060 5,058.67 153.89 445.89 186.37 1,044.10
INT061 988.87 101.05 695.64 73.64 441.21
INT062 239.15 466.93 312.21 471.73 405.82 317.12 974.96 146.81
INT063 458.01 161.22 540.31 954.48 1,020.17 326.80 141.27 298.53
INT064 1,321.17 684.98 203.12 2,266.94 344.93
INT065 250.00
INT066 48.68 168.72 232.71 323.56 3,655.47
INT067 47.20
INT068 890.51 162.50
INT069 680.00 763.52 688.28 2,130.74 831.10
INT070 117.86 548.67 680.00 -148.71
INT071 313.66 1,207.11 356.40 343.38 908.76 861.89 4,341.67 718.93
INT072 906.27 327.92 165.12 668.41 3,443.71 350.90 873.02
INT073 994.99 680.00 126.83 129.67 1,361.57 317.70 672.54 1,026.05 1,176.15 293.15 840.71
INT074 171.19 89.86 310.92 147.77 388.28 706.09 1,271.04 269.98 232.82
INT075 422.49 51.13 86.22 218.27 62.00 675.82 397.65 326.74 323.92
INT076 680.00 680.00 352.93 680.00 574.63
INT077 213.13 73.33 92.15 59.10 680.00 274.74 680.00 296.10
INT078 371.25 576.36 679.61 305.44 878.53 892.09 1,421.25 316.24 363.22
INT079 65.46 300.00 157.67 257.82 700.00 600.00
INT080 846.84 680.00 483.87 173.86 284.83 301.70 600.00 359.13 335.69
INT081 1,080.05 106.54 86.22 113.80 377.34 358.16 300.50 269.42 885.54 700.00
INT082 999.83 584.19 679.93 54.22 680.00 166.06 326.80 349.66 190.55 408.13 714.67
INT083 280.37 300.00 772.18 210.57 680.00 323.29 105.10 700.00 341.51
INT084 168.87 111.98 315.78 183.90 244.49
INT085 94.44 27.69 219.27 100.66 680.00 680.00 189.97 108.15 700.00 218.54
INT086 435.32 145.69 53.18 929.26 791.06 204.05
INT087 67.86 11.15
INT088 680.00 759.33 680.00 1,507.93 1,050.00
INT089 257.85 707.01 680.00 1,370.97 1,163.36 54.09 700.00 700.00
INT090 724.16 677.94 114.46 680.00 962.18 693.25 301.55
INT091 235.49 47.46 -11.52 232.93 715.85 206.92
INT092 791.78 680.00 -5.24 178.55 700.00 525.00
INT093 373.66 59.97 389.20 -519.64 32.30 678.05 0.00
INT094 49.85 362.56 680.00 440.54 689.86 874.29 717.23
INT095 98.16 292.54 127.27 1,425.81 639.15 680.00 277.83 350.97 948.37 185.08
INT096 690.90 115.59 680.00
Pret final de deficit din luna Ianuarie 2025
1/1