PDF PAGE 1
Data: 15.05.2025
lei/MWh
Interval/Data 01.03.2025 02.03.2025 03.03.2025 04.03.2025 05.03.2025 06.03.2025 07.03.2025 08.03.2025 09.03.2025 10.03.2025 11.03.2025 12.03.2025 13.03.2025 14.03.2025 15.03.2025 16.03.2025 17.03.2025 18.03.2025 19.03.2025 20.03.2025 21.03.2025 22.03.2025 23.03.2025 24.03.2025 25.03.2025 26.03.2025 27.03.2025 28.03.2025 29.03.2025 30.03.2025 31.03.2025
INT001 1,072.42 4,308.54 1,122.14 4,797.43 1,237.84 963.30 1,066.48 1,048.06 1,002.13 18.15 988.25 898.98 257.08 856.15 919.54 283.70 559.05 395.91 294.65 -227.53 -669.74 3,219.18 157.52 4,037.33 1,023.64
INT002 1,071.06 2,367.73 1,037.75 96.39 1,009.49 1,056.94 998.13 -8.26 987.30 151.82 163.11 853.75 102.91 751.46 281.43 125.42 549.60 133.16 163.14 34.15 -466.15 778.98 281.24 5,025.74 1,007.16
INT003 1,052.98 1,043.10 358.71 1,337.15 998.07 233.04 982.18 1,049.23 840.69 21.10 1,069.13 128.21 840.00 205.94 -2,232.13 744.00 315.73 262.70 148.27 744.00 217.42 -88.84 10.59 959.63 1,458.00 223.89
INT004 984.73 1,036.30 -463.03 1,449.65 992.02 366.68 997.33 997.45 848.03 10.26 987.31 114.86 840.00 219.18 4.85 936.30 224.76 221.58 129.66 972.95 -119.35 -17.02 23.48 243.33 151.79 744.00
INT005 1,091.91 3,154.90 -625.10 4,090.04 2,503.69 53.89 840.00 912.27 1,412.70 184.44 277.58 1,066.01 43.82 848.55 981.72 287.46 549.00 95.16 -1,564.41 181.39 5.23 923.19 985.62 3,425.09
INT006 1,087.97 1,437.88 231.13 1,426.09 2,083.94 79.43 995.63 997.31 1,431.70 239.21 843.96 218.59 1,007.01 -1,742.56 992.23 869.81 -1,399.16 744.00 -3,894.08 939.28 549.99 186.58 196.87 -2,999.00 229.98 17.48 924.68 3,125.44
INT007 2,597.42 1,069.90 276.34 1,077.08 1,040.64 257.57 840.00 218.73 1,009.41 283.86 844.89 15.06 1,153.08 -3,881.13 1,003.46 294.76 -4,830.36 87.19 549.89 139.99 -1,369.19 244.36 12.01 222.70 744.00 3,295.96
INT008 1,160.10 1,083.24 231.45 1,123.57 1,015.81 -8.58 877.70 1,009.24 867.28 840.00 977.46 -4,499.00 1,003.64 393.36 -2,229.37 952.33 151.74 549.43 744.00 -1,251.68 259.13 2.30 91.58 966.48 1,560.53 157.26
INT009 1,045.92 1,090.66 987.22 1,895.45 1,054.74 1.26 1,289.87 356.39 999.11 856.65 369.45 174.81 4,089.79 -4,499.00 961.12 290.39 54.15 4,817.10 861.68 308.52 274.04 2,332.72 106.99 227.22 -1,269.93 279.54 0.46 183.83 1,350.74 1,317.82
INT010 1,048.33 1,085.71 985.55 2,156.97 999.94 -11.57 991.06 840.00 999.05 268.70 121.16 1,001.87 -4,499.00 961.39 125.94 4,445.97 263.88 660.72 744.00 -4,909.17 199.24 3.66 156.15 911.73 1,405.73
INT011 1,045.02 1,085.05 983.89 1,316.60 1,119.11 5.85 906.28 855.51 992.16 233.79 -4,979.96 1,010.70 845.72 1,094.30 225.02 995.80 9.54 746.30 -4,445.09 -28.33 12.18 243.85 810.93 777.45
INT012 1,048.46 1,096.11 983.41 1,328.41 2,761.75 -134.80 862.88 886.58 846.67 12.89 -3,541.70 1,033.30 847.71 1,462.28 550.00 885.19 -6,928.63 -1,178.02 -304.95 21.31 977.33 532.14 146.74
INT013 1,077.38 996.08 978.79 1,070.73 5,050.61 70.36 952.60 1,088.59 979.22 286.99 158.60 816.22 -718.31 4,741.01 252.81 850.21 1,067.67 763.81 306.37 549.91 549.00 990.47 -644.56 -165.03 -546.40 1.97 5,152.28 1,334.48
INT014 1,030.61 995.44 977.25 1,103.43 5,814.71 88.68 960.39 986.52 889.35 255.23 245.40 254.14 819.22 209.27 1,535.09 181.87 835.66 927.25 972.14 744.00 549.62 1,336.06 -5,077.99 -3,904.89 -386.96 2.64 845.85 537.37
INT015 1,598.13 1,123.47 977.92 999.17 2,927.38 21.93 970.63 971.37 250.43 259.04 819.22 979.78 2,020.84 214.67 744.00 944.25 933.16 751.48 549.00 2,767.04 -7,262.71 -2,044.81 1.19 751.54 475.35
INT016 1,185.67 965.31 999.10 1,387.19 4.38 923.84 990.08 218.57 288.85 819.22 975.65 843.58 -5,831.11 744.00 912.66 744.00 762.76 549.00 3,396.52 -5,624.02 20.63 -360.80 4.73 475.35 245.88
INT017 1,353.89 320.14 959.78 996.42 1,084.07 -211.79 1,101.18 985.90 937.33 255.01 214.85 2,881.39 965.75 847.55 -1,318.63 869.97 296.60 998.45 549.61 961.44 27.66 -183.25 90.97 14.25 179.93 455.97 207.78
INT018 1,407.76 372.34 959.27 986.75 2,826.00 992.22 255.37 308.43 140.53 5,795.61 841.38 100.17 950.74 549.00 549.00 1,208.22 -28.47 -288.04 357.94 7.43 -13.49 530.30
INT019 2,535.19 374.13 1,170.34 3,172.66 985.66 889.78 942.23 287.73 940.10 -4,007.18 3,951.86 846.80 -332.50 975.21 997.78 553.43 549.00 5,924.32 -181.02 -77.46 9.70 89.34 469.20 67.36
INT020 1,702.29 959.83 1,107.10 5,584.69 4,655.09 942.77 890.98 -2,319.06 3,952.61 844.05 42.10 770.95 928.39 950.81 549.61 545.88 5,436.98 206.72 24.48 0.70 188.20 455.97
INT021 1,688.68 999.39 275.42 1,331.89 3,605.66 -334.28 1,901.78 356.60 1,021.01 -424.65 2,144.73 512.10 173.39 61.13 803.99 241.08 790.42 549.93 549.94 112.26 217.55 47.51 -21.31 0.84 202.36 48.43
INT022 999.00 1,000.65 2,192.55 1,512.68 1,625.43 1,019.52 960.89 269.02 374.74 12.10 1,013.52 854.77 193.08 191.85 845.68 751.68 751.53 550.00 255.74 246.89 25.83 -432.56 -8.74 673.40
INT023 998.53 988.67 1,267.01 2,867.86 7,795.31 2,080.50 1,090.54 960.89 348.70 -2,583.77 -138.68 843.86 163.28 22.33 851.98 987.01 201.81 -114.99 -3,854.60 2.75 775.53 644.40 103.86
INT024 998.02 1,099.03 1,177.95 4,937.57 3,662.12 4,355.34 1,067.50 230.14 960.89 954.12 262.35 -1,371.97 294.41 846.73 128.11 744.00 3,704.30 990.66 993.42 115.65 879.57 -1,950.38 90.97 0.37 752.60 483.44
INT025 994.03 301.78 1,101.30 7,192.76 222.08 85.78 1,121.81 84.51 -8.63 71.49 -4,411.46 -4,444.51 898.48 231.53 -2,018.58 68.67 232.58 162.43 305.12 550.00 549.90 -4,368.95 233.23 -4,141.51 -3,876.66 45.94 898.99 765.82 -3,399.40
INT026 1,015.68 996.21 1,210.75 5,277.41 5,322.11 1,086.16 1,139.17 1,028.69 287.10 1,024.45 27.21 -809.57 -3,778.32 885.09 313.85 -486.97 302.57 550.00 -3,933.17 -3,156.45 -3,180.77 47.96 819.55 576.65 92.41
INT027 978.18 1,044.14 3,652.78 1,872.18 5,729.70 1,846.23 236.15 1,026.02 -822.21 -282.81 -2,652.79 895.17 -6,284.68 129.59 1,716.04 340.08 70.41 -2,218.66 913.12 -24.22 -4,995.10 14.29 853.87 456.10
INT028 905.80 -1,375.01 3,380.71 3,542.19 3,171.85 7,992.44 6,492.91 168.02 305.86 1,024.58 1,007.07 3,450.80 -452.69 -316.96 -31.05 -3,463.12 844.04 4,383.15 -27.92 292.10 882.09 -1,367.75 88.62 840.00 863.24 180.60 345.38 -192.40 910.97 456.10 952.25
INT029 -993.96 1,044.15 2,262.75 2,279.98 1,871.71 1,201.96 989.68 -993.24 -5,550.87 847.18 -5,941.86 -5,793.15 1,234.61 246.15 1,271.95 550.00 716.76 -1,322.78 -36.32 -6,608.83 -58.91 -118.40 2,414.71 456.51 -5,889.46
INT030 352.55 1,112.25 3,752.78 2,282.26 1,394.08 1,087.68 204.75 1,156.77 1,150.43 -774.47 358.97 -403.20 288.45 1,184.57 316.86 1,183.50 585.96 1,056.16 279.39 -6,940.96 729.54 456.23
INT031 944.08 313.65 1,138.23 1,641.58 -27.04 -230.69 983.56 1,720.79 2,195.26 178.28 10.64 -2,312.01 -6,754.67 847.45 1,148.93 -4,374.00 -1,018.09 530.00 1,051.42 24.70 -55.95 991.63 360.57 547.58 456.41
INT032 894.20 -736.46 1,276.12 2,042.83 252.50 98.64 -277.20 -5,299.17 931.71 1,546.23 1,129.59 50.16 -222.18 -537.30 -5,026.83 994.93 1,130.01 238.81 -7,509.71 -280.85 -151.21 549.88 1,132.53 234.36 30.51 1,085.08 338.17 547.56 456.54 1,323.64
INT033 904.20 -3,123.50 1,332.94 1,190.08 998.43 1,052.60 932.53 1,000.00 1,020.56 1,205.14 -620.67 234.41 -6,162.26 -2,354.16 1,875.93 998.37 -3,781.07 191.50 550.00 5,787.46 994.82 -1,042.49 -2,033.62 -326.92 893.89 870.72 1,473.19
INT034 990.50 1,333.44 364.90 360.83 123.43 1,039.94 931.14 1,076.73 1,059.31 1,313.23 937.58 -2,972.66 249.81 -6,475.86 1,026.43 989.38 -3,033.58 232.50 550.00 3,996.74 1,254.28 308.55 -931.57 357.21 1,018.54 893.79 729.94 1,632.94
INT035 961.68 1,330.11 938.00 1,000.00 1,186.11 850.09 238.58 592.59 550.00 910.09 -3,366.94 -4,812.37 1,498.50 1,195.39 -4,126.05 -2,589.13 909.57 1,051.31 893.85 459.72 474.76
INT036 965.01 207.01 -4,997.38 -941.18 -17,556.05 -11,620.55 -27,138.07 -311.78 1,025.41 1,201.60 -901.10 937.17 244.96 845.90 903.60 201.13 845.39 -3,314.45 -6,909.91 -1,875.39 998.88 -7,837.98 -2,059.25 1,262.35 893.36 459.23 2,113.88
INT037 1,139.29 999.81 -1,922.82 1,215.71 2,957.64 966.06 996.98 937.87 784.98 6,090.93 1,203.96 -31.19 833.72 778.81 3,154.59 868.69 686.66 5,241.87 -689.27 18.77 726.07 6,261.18 999.87 -1,489.19 -194.61 3,969.48 868.07 576.94 7,789.96
INT038 1,143.87 999.88 1.24 226.75 18.77 926.84 784.98 999.39 1,151.35 -8,345.56 709.04 625.89 2,897.07 837.94 848.47 723.98 -525.51 648.34 999.62 -1,105.09 -172.46 2,772.95 868.37 446.89 2,286.68
INT039 1,143.74 908.76 -3,846.92 -2,599.60 1.74 -234.21 -2,353.99 936.80 999.00 1,166.26 -2,030.24 625.89 647.98 837.94 841.06 207.89 1,618.40 -2,084.85 -5,669.02 -3,011.00 520.35 -2,638.59 -312.58 842.30 966.07 868.54 447.74 1,313.01
INT040 1,143.51 244.56 -21,628.21 3.08 -3,343.42 -10,011.72 922.67 -289.56 474.23 -3,812.72 625.89 579.79 837.94 -2,949.35 -4,559.70 -6,648.83 -4,541.23 171.67 -2,232.74 -214.17 1,080.74 868.86 447.64 1,326.64
INT041 1,131.64 1,151.40 995.92 5,891.47 5,712.80 222.54 1,573.16 595.63 942.72 1,090.04 -2,280.57 653.96 6,542.96 4,599.23 821.93 955.73 711.12 516.07 -19.96 0.90 147.95 644.98 226.59 -1,506.58 -2,272.00 883.70 1,872.85 843.19 447.02 1,471.07
INT042 1,167.74 918.05 5,180.85 2,542.38 810.96 99.24 942.72 1,090.04 -236.62 1,270.56 4,516.48 783.61 841.73 550.00 511.61 -3,446.78 4.53 -2,507.56 119.16 -922.97 -285.14 840.00 811.76 843.89 447.01 1,125.01
INT043 2,552.23 -2,186.37 298.01 58.31 794.31 845.81 0.20 810.96 -71.86 74.86 1,018.87 0.00 3.40 630.00 5,055.48 783.61 840.76 -3,545.03 -1,572.90 -5,079.48 14.59 -1,482.73 -12.39 -1,367.92 -1,707.13 819.00 843.92 448.00
INT044 1,139.82 -2,834.25 920.49 -1,898.08 -2,069.88 810.96 131.49 -1,831.06 -8,001.00 630.00 5,395.74 783.61 260.20 -5,669.62 -6,725.83 -7,830.04 -8,471.60 -865.77 13.45 345.04 -645.27 -4,154.37 804.22 843.70 1,488.46 -7,274.88
INT045 4,313.06 383.84 918.23 1,112.04 629.83 -56.38 213.02 -1,752.10 -16.71 512.62 5,809.95 601.63 744.00 590.13 -548.05 -14.48 7.22 13.91 518.60 143.30 800.70 874.57 2,249.40 16.36
INT046 -2,118.75 362.65 687.49 568.11 733.21 539.80 2.53 811.04 292.85 173.72 5,676.59 601.63 767.40 84.84 -2,616.49 0.10 1.19 21.79 520.01 2.64 28.32 773.09 1,407.28 5,418.24
INT047 288.56 680.60 68.64 733.21 0.00 4.68 72.11 841.91 250.22 -1,659.76 -107.83 3,605.41 744.00 -103.52 -5,991.54 0.47 0.37 16.56 518.60 53.25 778.27 875.40 222.19
INT048 114.59 680.60 5.61 -283.06 -1,071.66 19.32 -999.97 83.08 3.63 -638.60 2,900.67 744.00 -39,658.55 6.94 1.04 18.59 518.60 31.58 -14,546.60 -335.53 769.05 876.00 -2,369.09 -5,360.73
INT049 300.71 693.85 5,862.76 -819.88 475.40 867.98 0.00 8.06 800.85 929.53 -802.94 8.17 -743.49 1,908.73 505.39 775.37 -250.76 -1,062.79 3.90 0.28 549.00 1,125.94 -362.64 -1,704.16 7.61 605.00 889.94 -860.93 -1,450.61
INT050 693.85 4,039.03 7.78 -1,828.73 141.44 -94.01 6.64 800.70 905.30 848.19 -12,029.36 29.99 1,845.09 966.83 -14.14 13.88 0.99 549.69 510.19 -221.87 744.00 677.21 891.34 47.36 16.81
INT051 998.04 1,373.90 -4,264.04 -805.04 -845.27 -416.57 15.58 842.72 360.74 -1,174.83 2,657.75 -19.30 970.63 -3,020.90 -18.90 -20.49 -54.74 549.00 503.49 -443.75 744.00 0.30 827.88 898.57 -54.41
INT052 1,008.69 1,127.62 -569.13 -3,048.00 -27.34 -289.51 13.32 951.67 306.65 -304.93 500.50 588.84 1,934.18 -274.53 -192.98 -96.99 -35.36 549.07 506.65 744.00 757.98 677.21 895.07 12.81
INT053 962.84 586.85 1,340.76 69.88 -141.08 57.62 -233.39 -76.88 826.78 930.83 286.51 -2,169.50 15.83 1,990.56 4,249.95 -2,347.10 -18.49 -0.67 -13.63 549.84 585.75 -708.83 834.00 905.95 204.68 873.28 21.15
INT054 963.04 586.85 1,661.29 72.15 -144.15 -273.38 -61.07 -307.51 -175.81 828.26 3,117.14 907.69 -3,921.95 1,027.22 5,788.92 -2,145.89 0.68 -42.99 -0.78 549.30 580.84 826.35 -72.06 3,637.61 -63.35 873.70 420.00 3.51
INT055 962.01 798.31 57.44 -102.36 10.22 -203.13 450.20 828.26 2,487.62 987.32 -146.00 609.88 712.37 107.81 801.29 -180.74 -44.70 -11.44 -30.67 549.25 527.29 873.08 744.00 1,365.70 -106.78 873.88
INT056 965.18 798.31 13.08 -68.59 -162.37 -33.01 450.20 4,610.47 933.40 377.93 0.03 612.44 705.01 2,174.34 465.14 450.20 -26.75 10.73 767.36 525.47 1.50 834.00 744.00 667.27 -273.85 872.69 0.00 -1,646.72
INT057 944.35 530.81 695.80 46.08 -13.18 -1,439.03 4.47 -3,751.58 -4,395.98 4,743.55 945.72 352.91 19.15 814.94 759.04 34.56 1,892.35 -53.00 -1.49 -1,704.74 -27.68 34.45 744.00 731.35 -973.96 811.16 18.94 500.00
INT058 944.12 530.81 2,809.34 14.84 1.44 -2,159.01 -38.28 -3,310.38 -4,747.59 7,151.63 945.52 369.84 663.31 4,688.21 692.90 0.00 885.65 -17.08 455.30 -132.54 -2,189.05 550.00 676.24 61.70 -346.27 744.00 731.86 811.31 0.00 656.86
INT059 530.81 693.82 2.83 -33.72 -48.61 -121.67 -47.43 867.47 1,053.05 3.87 451.00 5,025.05 7,569.65 472.13 666.48 463.67 454.93 -46.38 -23.77 549.51 64.25 918.09 744.00 731.64 -625.25 811.19 450.00
INT060 360.26 530.81 693.81 -1,613.33 -940.33 834.72 1,181.99 0.70 451.00 1,045.54 8,001.00 472.13 666.42 463.67 527.86 1.38 -6.31 778.19 549.91 189.08 905.17 744.00 731.37 -223.87 811.18 450.00
INT061 221.74 -24,132.82 1.74 -7,012.86 -6,752.78 0.00 1,107.95 -1,869.96 -218.65 3,899.70 6,885.65 72.96 2,398.58 -375.46 -2,535.84 -6,011.20 51.82 548.49 108.61 -6,249.27 1,028.29 942.35 866.84 -957.48 56.72
INT062 255.14 236.54 297.90 -15.02 -2,855.87 -42.99 450.37 451.89 987.93 962.87 10.89 -220.29 3,444.23 7,812.00 176.16 4,056.65 485.10 -65.50 -422.45 -102.21 550.00 938.40 937.87 866.88 450.00 -257.54
INT063 335.76 676.48 771.67 467.08 56.42 191.33 450.37 452.98 1,831.43 5,238.72 1.65 1,019.90 4,353.08 8,001.00 492.19 5,383.21 484.05 1.50 626.05 952.83 940.12 949.75 844.67 887.21 450.00 -405.16
INT064 210.80 613.98 281.75 833.11 467.08 469.66 635.78 450.37 1,983.93 3,998.16 6,997.79 970.31 5,615.62 8,715.66 492.21 5,159.52 484.50 743.09 2.21 1.75 615.74 718.68 1,015.76 990.88 932.40 940.82 859.41 866.22 450.00 -806.34
INT065 338.15 293.97 -2,412.68 -12,723.77 -5,699.20 -7,361.34 -6,741.18 738.25 2,272.04 -585.20 -3,192.61 2,059.83 -2,423.89 907.46 -1,498.91 -144.13 -333.87 -3,443.77 -6,222.67 95.52 1,035.86 -2,283.59 1,119.20 2,350.93 1,177.96 -1,635.58 -4,256.10
INT066 360.37 -216.18 361.19 -3,699.81 194.34 745.03 536.53 7,474.34 -292.42 1,211.93 879.78 66.01 47.97 -40.33 92.80 196.86 1,078.41 1,014.09 950.04 936.32 -1,900.95
INT067 957.72 925.33 1,600.29 2.46 961.66 2,651.76 2,653.66 946.45 8,001.00 1,011.62 3,921.40 1,208.92 808.14 803.62 4,230.79 -403.66 0.20 -175.66 228.74 1,076.19 955.73 5,678.14 -11,989.38 4,239.78 891.59 760.15 -1,456.94
INT068 3,218.90 943.71 2,870.00 1,466.67 948.43 5,911.87 708.65 946.50 6,400.01 1,006.26 2,448.70 330.36 811.24 1,120.67 803.62 2,062.91 625.07 550.00 997.03 1,037.31 1,250.01 -2,126.30 4,204.89 892.55 769.83 -668.54
INT069 296.95 242.56 -4,013.76 -3,259.19 -1,727.68 -5,947.57 -131.94 -3,689.12 140.42 -4,476.37 1,754.83 258.06 -1,707.21 195.05 174.61 1,304.30 -2,440.83 -6,133.30 -199.21 -7,739.95 -5,680.35 -1,898.22 997.70 -4,087.00 -5,879.66 -4,338.92 843.93 1,418.13 -7,176.55 -4,653.87
INT070 311.89 -10.70 273.49 313.85 -7.76 -571.74 4,461.05 365.19 274.19 145.34 333.68 1,496.71 1,954.62 -583.59 130.31 -4,745.67 -1,439.43 -13.33 1,039.87 -2,405.53 224.08 -2,493.06 1,025.59 -7,139.63 -2,549.39
INT071 127.15 1,172.59 2,367.39 1,499.55 -1,623.86 282.33 3,218.65 55.38 339.84 2,773.30 361.57 263.63 13.40 4,549.12 1,822.28 3,076.29 299.22 88.07 1.47 110.41 861.48 1,010.46 250.79 284.47 -1,273.68 390.00 1,010.07 -514.68 -4,517.14
INT072 1,227.44 2,866.19 5,737.98 4,147.51 5,999.00 1,673.66 967.76 375.70 1,816.52 999.74 842.20 61.42 1,392.81 1,543.67 7,749.11 4,924.64 6,293.48 -81.24 760.68 3,543.98 1,048.47 363.55 112.39 -26.93 944.60 1,009.41 -3,881.46
INT073 339.29 251.02 1,587.31 42.61 -3,751.99 -1,901.96 97.90 -4,305.34 298.39 361.86 -2,516.05 290.20 -1,824.68 307.81 -4,991.00 2,066.07 4,754.71 2,173.65 -6,337.61 -847.28 -3,695.06 0.00 -2,501.35 341.71 -663.42 -2,803.04 -4,383.64 -3,695.45
INT074 328.88 367.01 1,430.10 361.00 390.63 -1,479.73 183.72 184.07 345.67 321.93 244.93 346.58 -275.06 1,348.65 5,996.83 358.49 320.24 -1,287.33 550.00 4,158.50 1,322.91 359.16 397.61 44.75 353.06 -640.94 -3,940.24
INT075 270.84 1,818.03 3,320.53 376.15 0.00 3,741.27 179.80 -249.14 -904.43 353.11 300.52 1,082.78 1,580.71 2,946.48 45.17 2.00 4,305.07 1,669.49 165.70 237.02 4.38 246.28 -1,057.44
INT076 1,654.98 3,814.20 2,849.93 378.37 2,585.92 7,206.75 1,281.16 1,145.17 1,094.18 999.12 273.80 48.70 1,736.50 4,110.58 4,317.33 5,118.51 2,408.17 -47.95 4,354.07 8,001.00 1,203.47 148.38 -123.50 328.24 1,013.66 796.33 -107.93
INT077 389.83 1,802.27 1,996.92 360.35 263.68 1,139.37 -202.68 -1,505.27 308.64 -6,477.69 161.25 -770.87 1,733.94 79.43 -19.85 304.83 6,607.44 -2,174.11 215.19 352.32 -4,397.96 287.68 957.76 -947.15
INT078 4,371.19 4,291.99 323.65 233.33 1,587.82 -39.80 266.21 328.58 372.89 -1,942.24 338.80 2,138.29 282.77 389.16 -948.79 550.00 5,226.36 150.08 388.55 380.65 -2,384.20 285.67 1,411.33 -590.54
INT079 1,646.00 389.79 5,999.00 5,180.96 -2,700.36 112.79 1,341.97 25.72 -249.56 1,110.35 360.98 349.93 362.11 4,644.93 148.37 1,768.48 2,136.73 -4,499.00 550.00 5,226.36 1,220.47 146.90 327.03 327.30 339.07 1,570.39 -125.74
INT080 1,627.35 4,712.02 2,192.41 -1,207.22 338.37 1,369.97 113.63 -154.44 360.01 333.57 249.63 2,100.52 196.02 371.77 390.17 1,856.02 2,093.08 -604.26 5,226.36 0.93 400.00 398.01 154.14 1,533.74
INT081 3,339.01 998.23 1,696.24 4,808.62 360.01 978.23 932.12 898.11 365.71 152.22 3,439.71 1,073.85 321.77 1,956.81 352.14 1,713.74 5,550.16 341.64 282.29 1,886.57 1,012.54 40.65 304.94 391.13 999.99 1,195.94 1,303.75 -2,121.30
INT082 3,324.32 886.63 1,483.58 1,541.68 360.11 299.78 894.00 868.09 271.81 -572.55 5,999.00 376.97 1,032.70 381.24 2,479.29 385.52 1,549.73 2,288.34 305.71 1,055.62 11.28 -443.55 0.83 1,267.50 1,225.01 1,880.37 277.28
INT083 2,227.22 886.06 1,367.75 1,870.69 -910.95 219.97 979.84 989.98 1,175.14 888.08 -1,571.86 3,635.93 991.40 303.30 2,777.28 -3,608.43 1,692.05 1,871.77 224.24 1,058.01 17.96 -77.96 -11.68 1,275.52 1,616.71 2,431.45 300.35
INT084 1,460.43 927.69 1,420.63 -468.95 277.13 906.53 897.50 840.00 125.29 -564.37 2,904.97 274.95 -1,800.18 -3,574.42 119.92 855.45 23.96 -183.77 -1.50 1,189.66 1,186.13 1,736.70 314.65
INT085 1,542.84 5,904.29 4,416.86 2,174.18 3,675.39 995.80 1,338.12 1,164.01 1,124.31 1,105.76 4,863.70 1,692.47 1,195.23 -114.48 -643.77 1,373.33 -190.03 1,417.99 2,104.62 1,413.44 908.35 845.30 3,342.19 9.13 4,071.65 4,138.32 7,235.08 380.71
INT086 1,209.97 4,793.49 3,316.51 1,331.50 1,345.84 106.76 995.43 1,062.86 884.00 909.78 3,199.90 1,425.06 978.01 25.38 -1,077.78 3,276.76 31.30 925.12 550.00 586.31 998.58 28.40 17.48 986.63 967.02 936.57 384.34
INT087 1,230.94 4,382.61 2,632.18 1,315.41 144.36 897.90 1,113.69 939.24 982.84 2,244.76 991.36 304.66 898.05 228.93 877.96 996.60 996.07 33.66 26.58 842.68 976.05 917.21 375.88
INT088 1,185.81 1,794.34 1,383.44 228.98 291.25 127.35 1,075.49 -497.18 -699.39 361.68 1,188.08 -1,273.90 1,729.60 918.67 234.05 -2,879.60 213.93 103.96 177.99 830.06 -1,401.41 5.03 -3,790.58 887.22 -2,231.37
INT089 1,586.21 5,958.00 1,652.43 1,630.63 1,463.17 1,353.10 1,613.90 944.10 1,080.55 1,069.05 974.17 1,012.73 1,136.08 979.42 5,942.62 5,927.16 -340.19 1,684.99 1,153.13 1,010.68 4,342.19 1,054.64 -90.32 4,231.09 72.91 960.55 3,826.92
INT090 5,142.24 1,295.46 229.72 954.80 942.82 967.91 -3,366.64 3,689.65 4,627.33 938.83 846.53 3,704.89 5,139.09 352.88 353.64 226.30 550.00 550.00 167.26 -208.81 -774.71 998.48 242.03 970.55 894.98 70.58
INT091 1,715.08 1,735.58 351.39 -1,957.34 362.08 140.94 750.00 275.05 -1,150.36 1,599.70 844.25 881.76 1,043.60 -3,050.77 -1,333.77 275.11 205.80 550.00 5,106.43 68.66 49.78 -1,643.32 -1,123.48 842.30 792.47 -4,007.72
INT092 134.46 1,315.16 -3,836.85 -3,316.94 317.05 750.00 267.90 -3,222.84 -7,727.16 -5,656.07 -126.61 846.41 847.21 -6,517.94 -5,498.93 235.90 -3,282.09 81.25 905.62 -3,979.42 -137.30 -3,848.82 -3,494.97 -215.36 744.00 -5,758.73
INT093 1,754.55 5,591.75 1,215.39 1,122.01 -1,436.93 1,080.06 1,846.82 1,231.30 998.64 840.00 -1,491.26 1,241.11 4,442.01 2,776.00 1,388.60 -2,070.82 1,055.15 4,456.24 1,025.44 -935.13 1,121.04 833.05 -2,053.04
INT094 999.01 4,266.22 1,227.61 204.87 1,088.24 1,187.97 843.98 -2,757.36 1,037.79 872.84 989.94 -1,424.81 558.35 618.64 184.95 29.62 194.04 854.13 -1,944.03
INT095 1,068.39 1,095.02 1,126.32 286.59 321.53 1,050.71 1,181.33 -188.53 1,043.17 -662.11 357.09 965.87 988.81 -1,159.60 -421.67 982.54 1,619.84 809.69 213.55 40.45 -1,867.24 843.49 978.19 851.16 58.62
INT096 1,023.23 1,238.56 -4,240.69 -461.18 969.52 985.57 223.86 47.75 1,150.99 -1,518.69 981.08 -2,948.70 -1,117.02 254.05 191.70 550.00 199.01 18.66 -5,049.78 253.32 204.37 883.33 -3,203.29
Pret Final Unic din luna Martie 2025
1/1