PDF PAGE 1
Data: 21.01.2026
lei/MWh
Interval/Data 01.11.2025 02.11.2025 03.11.2025 04.11.2025 05.11.2025 06.11.2025 07.11.2025 08.11.2025 09.11.2025 10.11.2025 11.11.2025 12.11.2025 13.11.2025 14.11.2025 15.11.2025 16.11.2025 17.11.2025 18.11.2025 19.11.2025 20.11.2025 21.11.2025 22.11.2025 23.11.2025 24.11.2025 25.11.2025 26.11.2025 27.11.2025 28.11.2025 29.11.2025 30.11.2025
INT001 796.97 797.25 795.50 799.73 23.80
INT002 403.13 791.83 788.57 140.43 1,881.90
INT003 422.74 793.90 354.71 790.00 31.19 135.04
INT004 436.00 104.86 332.60
INT005 371.77 766.00 754.00 159.53 -1,625.95 795.16 418.81 21.69 124.57 388.62
INT006 766.00 147.81 286.87 755.98 799.06
INT007 385.21 146.27 176.82 676.00 799.52 124.31 799.93
INT008 185.34 153.09 225.98 308.39 785.18 791.21 327.39 344.61
INT009 422.34 331.41 245.03 774.00 742.68 793.07 793.69 796.81 646.13 685.00
INT010 818.89 321.10 782.37 790.00 246.91 -47.14 676.00
INT011 712.00 271.18 151.77 700.00 799.55 790.00 799.10 642.00
INT012 118.51 797.34 118.93 344.91 351.61 128.92 365.95 642.00
INT013 366.59 255.51 527.99 799.03 289.85 676.00 366.21
INT014 794.69 166.54 419.87 795.24 407.53 104.46 767.39 790.27
INT015 792.68 799.76 114.76 356.53 419.54 106.98 796.81
INT016 799.75 363.15 415.90 795.90 609.00
INT017 250.04 329.93 140.54 334.90 797.83 900.98
INT018 766.00 81.65 67.87 124.30 699.00 115.93
INT019 153.30 100.93 182.51 770.00 798.01 798.74 790.00
INT020 95.57 110.34 182.27 227.48 798.92 798.40 393.38
INT021 622.00 790.06 794.98 311.06
INT022 124.13 239.20 432.57 617.00 799.94
INT023 665.00 407.96 799.54 798.92 790.00 586.00 549.00 803.07 998.80
INT024 245.93 794.53 790.00 549.00 1,017.69
INT025 -105.53 274.85 436.45 329.90 358.08 250.66 293.48 369.96 5,754.10
INT026 748.56 445.01
INT027 233.92 799.86 631.00 796.65 162.43 152.10
INT028 275.73 798.17 631.00 877.73 454.99 826.32 433.83
INT029 365.15 852.61 471.41 85.70 214.18 85.32 245.43 -102.76 231.28
INT030 360.47 -30.31 793.16
INT031 402.06 152.24 799.24 325.74 797.23 790.00 232.21 286.42 437.09 -7.32 559.07 463.87
INT032 289.48 341.43 237.99 305.17 1,063.36
INT033 295.65 798.91 304.27 220.88 -55.84 1,429.54
INT034 307.07 445.99 394.56 361.73 350.80 356.09 -18.85 1,082.98 290.49
INT035 398.28 788.11 127.84 305.18 69.75 174.65 107.49
INT036 162.49 345.88 799.24
INT037 663.00 343.34 105.64 247.94 799.95
INT038 348.21 5,245.83 790.00 -127.77
INT039 296.29 179.33 797.81 264.36 321.72 -1,273.50
INT040 287.59 113.73 307.01
INT041 6,879.38 200.02 303.76
INT042 251.66 -223.56
INT043 550.00 127.60 351.52
INT044 550.00 51.67 140.65
INT045 116.51 -1,237.26
INT046 119.59
INT047
INT048 223.44 178.07
INT049 71.88
INT050 88.04 959.45 119.91
INT051 268.26 -790.40 85.68 206.51 971.68
INT052 269.56 957.91
INT053 338.41 232.39
INT054 245.00
INT055 20.13 902.20 746.42 354.69 345.13 416.70
INT056 129.32 197.76 240.74 326.11 391.89
INT057 108.53 792.70 231.91 213.73
INT058 774.41 799.21 59.93 292.88 799.59
INT059 343.60
INT060 182.93 411.78 588.57 450.10
INT061 927.04 72.50 1,115.25 463.30 1,700.09 107.29 309.69
INT062 325.14 334.02 945.45 375.64 799.74 348.78 236.89 311.61 1,142.90 348.63 824.84
INT063 5,571.13 359.44 379.24 339.97 346.28 372.77 696.77 308.84
INT064 521.98 1,868.95 473.31 486.86 387.39 481.08 976.63
INT065 12.93 363.92 -19.56 459.52 -7.44 312.46 900.42 122.78 799.21 799.63
INT066 144.44 869.06 786.31 398.32 792.75 909.60 799.90
INT067 739.94 1,500.10 344.75 1,211.29 799.87 374.50 522.80 328.95
INT068 500.57 799.96 455.68 877.24 829.08
INT069 464.57 799.44 181.52 268.77 799.43 3,378.14
INT070 340.43 332.81 415.45 526.86 3,235.76 992.65 2,879.22 883.62
INT071 418.44 304.67 1,425.07 799.26 178.96
INT072 632.26 1,065.24 1,010.44 1,220.89 1,226.29
INT073 145.19 351.30 880.47 1,147.56 620.82
INT074 411.92 798.21 152.90 1,227.65 205.61 362.41
INT075 798.99 329.58 722.00 1,137.00 192.81 144.04 164.32 368.96
INT076 1,417.65 463.83 2,174.92 1,208.22 1,335.22 1,532.59 154.83
INT077 1,809.02 795.11 1,148.83 374.67 137.08 798.39
INT078 146.90 394.75 1,393.94 162.54 1,149.71 355.67
INT079 348.47 420.61 453.96 369.31 798.03
INT080 791.82 799.01 524.26 402.80 439.17 448.08 2,187.63 792.72
INT081 404.84 330.64 312.77 380.77 774.74
INT082 799.06 793.42 2,436.13 798.66 203.42
INT083 777.50 799.63 366.04 415.01
INT084 844.98 150.70 797.12 798.88 412.80
INT085 6,136.08 799.42 154.36 360.89 797.40 799.45
INT086 5,075.85 947.75 799.75 5,500.40 792.64 793.45
INT087 1,804.20 135.53 46.44 2,400.34 1,045.02 346.82 928.14 799.84 595.49
INT088 266.38 1,071.07 795.79 334.26 189.73 129.41 842.59
INT089 1,406.40 310.96 790.00 340.81 -1,266.41 223.00 4,027.37 147.60 790.50
INT090 313.00 146.10 540.73 448.73 395.29 183.59 408.27
INT091 3,904.56 799.70 301.95 145.09
INT092 101.95 4,425.74 798.46 113.32
INT093 116.71 882.87 4,494.40 0.00 -365.65 1,039.92 793.29 921.89 59.07 791.23 796.07
INT094 744.24 317.45 789.70 328.01 165.79 760.00 700.00
INT095 757.79 253.03 963.22 780.00 361.86 757.60
INT096 598.77 217.58 799.60 187.54 348.43 466.95 334.59 -122.74 277.41 267.41
Pret final de deficit din luna Noiembrie 2025
1/1