PDF PAGE 1
Data: 14.03.2025
lei/MWh
Interval/Data 01.01.2025 02.01.2025 03.01.2025 04.01.2025 05.01.2025 06.01.2025 07.01.2025 08.01.2025 09.01.2025 10.01.2025 11.01.2025 12.01.2025 13.01.2025 14.01.2025 15.01.2025 16.01.2025 17.01.2025 18.01.2025 19.01.2025 20.01.2025 21.01.2025 22.01.2025 23.01.2025 24.01.2025 25.01.2025 26.01.2025 27.01.2025 28.01.2025 29.01.2025 30.01.2025 31.01.2025
INT001 37.23 93.99 773.89 284.85 706.97
INT002 818.50 263.83 629.69 704.84
INT003 112.92 31.69 224.38 697.54 826.20 233.70
INT004 716.54 223.60 740.13 81.31 397.81 75.99
INT005 299.00 2,727.25 627.29 530.19 36.39 1,080.75 -29.50
INT006 290.00 2,926.84 644.98 655.53 173.47 1,059.86 183.58
INT007 727.39 713.40 4.91 314.84 -8.75 57.08
INT008 26.21 -64.85 293.16 -32.51 2,630.20 23.47 -61.98 -118.85 935.96
INT009 687.54 697.19 15.82 145.75 65.51 739.88 228.60
INT010 688.18 727.68 213.35
INT011 749.77 699.77 653.57 350.00 -70.84 29.84
INT012 18.07 687.04 -83.04 583.27
INT013 797.94 725.85 107.46 -59.23 54.63
INT014 299.00 94.80 30.86 66.10 -33.18 85.65
INT015 34.35 24.90 258.83 668.50 605.15
INT016 -12.49 24.84 478.42 51.82 387.95 19.65 690.45
INT017 -0.77 522.39 717.17 632.36 792.65 39.03 764.63
INT018 218.49 15.38 0.10 77.91 211.82
INT019 -19.15 518.45 654.30 64.56 302.00 117.08 246.03 635.82 105.08
INT020 705.11 48.37 600.01 38.80 44.28 686.30
INT021 43.61 36.19
INT022 38.80 710.48 276.42 905.15
INT023 29.46 582.32 666.11 729.56 770.24
INT024 143.99 47.12 870.20 255.79 1,309.37 602.07 -1,393.96
INT025 663.00 2.90
INT026 712.79 672.42 31.49 167.34 62.52 101.64
INT027 643.90 16.02 1,119.38 95.08 973.80 -155.48
INT028 729.86 122.10
INT029 -837.82 582.97 886.90
INT030 121.69 109.16 -44.15 590.86 231.68 316.31
INT031 639.37 -602.80 148.06 18.86 898.12 869.30 898.65
INT032 667.01 136.21 767.21 152.41 845.13 312.41
INT033 -2,148.92 607.29 185.55 616.01 -1,046.78 127.20
INT034 -127.02 602.86 268.05 808.81 774.95 698.64
INT035 204.47 247.85 747.33 152.05 734.39
INT036 0.10 278.49 176.40 257.80 1,292.00 50.11
INT037 -464.73 235.27 129.95 132.89 111.80 121.41 0.00 137.16
INT038 301.00 269.67
INT039 244.46 154.20 193.67 1,716.78 26.45
INT040 -84.43 109.99 154.43 301.00 157.52 301.66
INT041 -109.39 39.08 -695.51 1,008.11
INT042 41.78 -275.67 132.19 936.09 0.00 169.76 933.35 0.66
INT043 -149.20 34.51 194.59 -382.34 103.96 301.00 78.16 924.11 49.86 122.90
INT044 -1,215.21 -168.49 -119.90 261.39
INT045 -19.16 8,709.30 -92.06 1.15
INT046 -19.72 -322.25 48.21 1,055.03 290.00 -1.81 -17.14
INT047 167.69 -92.74 -74.74 98.69 8.91 4.26 1,040.11
INT048 13.02 -61.73 301.00 17.89 877.85
INT049 269.43 -18.65 2.49 -166.82 1,217.52 5.68 -737.03
INT050 87.47 4.04 0.89
INT051 -260.65 -123.86 84.17
INT052 0.30 805.32 -104.33
INT053 0.20 -104.03 -261.14 18.26
INT054 0.00 279.89 -98.41 109.95 2.34 98.82
INT055 645.08 -9.97 961.99 301.00 98.90 0.63
INT056 -178.08 539.27 33.49 146.82
INT057 75.01 1.17 -137.93 478.32
INT058 0.20 582.47 0.10 301.00
INT059 -18.98 49.91 0.20 100.46 0.30
INT060 -1,056.61 -48.78 290.00 6.83 1,105.77
INT061 828.79 -1.46 0.30 -10.09 326.05
INT062 151.50 3.20 17.96 35.00 0.30 323.82 1,043.83 -1.88
INT063 0.20 35.00 -965.73 872.94 1,261.01 324.08 -60.18 178.43
INT064 -351.35 652.65 312.00 0.30 248.51
INT065 104.86
INT066 24.35 150.12 96.92 301.00 0.30
INT067 88.67
INT068 543.60 193.37
INT069 545.68 702.91 621.87 1,565.43 77.83
INT070 65.38 0.40 632.73 -256.85
INT071 299.00 645.08 290.00 301.00 968.65 0.10 -18.11 691.93
INT072 795.76 60.00 242.26 521.32 -70.24 320.76 876.25
INT073 155.48 695.32 103.00 240.67 25.07 301.00 651.62 -71.43 1,239.14 271.55 855.75
INT074 155.07 45.75 298.31 295.70 301.00 676.67 693.14 301.00 306.00
INT075 3.00 27.83 51.98 298.97 0.00 589.98 299.51 301.00 284.89
INT076 600.93 576.34 301.00 668.78 616.34
INT077 184.91 -45.72 0.23 18.75 678.54 302.00 652.82 306.00
INT078 338.12 569.03 697.53 187.40 819.04 882.46 937.23 305.51 347.11
INT079 42.72 275.08 176.02 301.00 677.70 619.56
INT080 124.77 683.64 398.86 179.55 239.93 301.00 623.94 347.45 322.04
INT081 -128.33 131.37 107.31 157.57 350.00 330.19 317.00 299.16 829.39 702.17
INT082 217.94 577.26 681.47 74.58 659.14 152.30 329.18 326.31 204.00 350.00 726.04
INT083 165.48 175.60 779.65 207.23 607.83 301.00 105.91 682.55 328.06
INT084 114.74 41.61 128.76 100.22 236.80
INT085 108.52 136.48 172.01 105.80 1,168.76 577.62 0.92 147.94 708.00 211.62
INT086 207.40 96.80 87.84 707.05 811.70 199.12
INT087 55.77 0.00
INT088 654.85 631.29 357.08 -289.50 192.12
INT089 126.57 1,053.28 487.57 -273.06 1,121.49 102.00 757.84 682.86
INT090 664.52 705.21 78.37 725.13 720.98 651.60 246.96
INT091 287.77 52.02 43.34 259.26 -56.77 207.21
INT092 744.98 492.55 -3,345.29 1.71 772.32 427.72
INT093 36.55 -42.90 2.22 -984.50 -923.11 485.43 -408.95
INT094 48.98 0.30 692.05 297.31 725.77 829.19 705.84
INT095 52.38 0.30 101.61 -360.46 569.03 854.27 289.63 359.34 925.94 182.57
INT096 689.27 14.08 572.98
Pret final de excedent din luna Ianuarie 2025
1/1