PDF PAGE 1
Data: 23.07.2026
lei/MWh
Interval/Data 01.06.2026 02.06.2026 03.06.2026 04.06.2026 05.06.2026 06.06.2026 07.06.2026 08.06.2026 09.06.2026 10.06.2026 11.06.2026 12.06.2026 13.06.2026 14.06.2026 15.06.2026 16.06.2026 17.06.2026 18.06.2026 19.06.2026 20.06.2026 21.06.2026 22.06.2026 23.06.2026 24.06.2026 25.06.2026 26.06.2026 27.06.2026 28.06.2026 29.06.2026 30.06.2026
INT001 896.30 1,254.47 1,043.58 899.59 283.95 1,233.89
INT002 307.15 267.94 79.20
INT003 47.26 308.30 395.66
INT004 151.23 129.88 884.33 898.63 319.97
INT005 372.51 168.89 944.22 259.17 881.75 109.87 1,282.56
INT006 283.23 800.00 162.22
INT007 291.59 315.70 80.16 340.08 127.53 353.77
INT008 224.02 369.42 104.84 291.98 1,189.43 1,089.37
INT009 362.16 116.44 699.00
INT010 375.17 387.60 163.58 271.65 294.17
INT011 800.00 121.15 175.94 251.85 337.83 800.00
INT012 800.00 342.21 877.30 93.76 92.33
INT013 283.81 177.55 228.33 409.83 311.63 1,208.07
INT014 869.83 233.47 1,206.59
INT015 899.06 699.00 260.77 1,076.26 1,341.67 256.60
INT016 266.73 332.99 1,089.29 68.04
INT017 977.56 886.37 1,073.05 426.54 1,009.95
INT018 1,050.43
INT019 150.79 897.80 884.53 301.21
INT020 843.49 807.07 744.41 853.29 1,105.65 143.28
INT021 261.21 286.08 114.74 897.80 241.64 267.71 464.12 1,097.92 425.96 163.41
INT022 230.51 228.92 138.75 428.55 421.90 1,213.45
INT023 153.98 264.41 699.00 309.39 307.73 147.96 800.00 408.86 827.75 115.02
INT024 896.18 56.07 699.00 207.54 383.97 855.85 182.07 145.02 314.64 120.83
INT025 700.00 146.23 59.65 221.44 125.98 808.22 74.38 179.40 800.27
INT026 430.16 356.43 699.00 117.25 399.34 165.32 189.21
INT027 318.04 9.20 145.19 102.99 147.08 140.75 211.67 135.67
INT028 165.99 16.76 63.94 412.19 159.25
INT029 114.95 295.69
INT030 518.09
INT031 82.60 873.83 917.45
INT032 827.79 812.38 366.10
INT033 835.19 18.85 348.34
INT034 249.84 384.09 354.95
INT035 526.47 6.65
INT036 898.28 108.15 585.09 788.00 190.11 1,018.67
INT037 449.37
INT038 313.05 -349.04
INT039 2,346.46 700.00 -290.21
INT040 132.61 443.94 -49.88
INT041 991.63 192.24 189.00 170.91 449.00
INT042 31.82 227.52 370.47 -13.51
INT043
INT044 74.14
INT045 25.08 743.13
INT046 -25.39 69.14
INT047 -42.99 123.42 472.06
INT048 438.42 -8.94 -332.03
INT049 -360.97 529.81
INT050 -340.33 -39.68
INT051 134.65 137.33 449.00 449.07 495.23
INT052 176.79 173.30 53.42
INT053 450.00 9.34
INT054 207.63 38.65 -8.19
INT055 447.00
INT056 13.84
INT057 26.40 76.25
INT058 870.49 23.95 274.30
INT059 27.30 664.40
INT060 1,091.24 6.62
INT061 241.55
INT062 229.60
INT063
INT064 -2.70 459.69 182.97
INT065 762.75 61.10
INT066 664.84
INT067 512.81
INT068 449.18 553.49
INT069 487.42 962.69
INT070 828.81 876.81
INT071 370.77 832.37 731.75
INT072 156.93 701.96
INT073 678.41
INT074 85.70 539.32 989.66
INT075 140.70 3.34 -55.01 415.27
INT076
INT077 1,251.21
INT078 118.80 1,315.78 1,075.27 349.64
INT079 195.15 305.44 1,565.98
INT080 1,335.57 1,716.75
INT081 465.52 560.87 329.18 11,496.91
INT082 393.12 1,957.82 1,194.16 10,878.47
INT083 1,645.32 882.04 456.32
INT084 1,552.35 1,445.04 1,143.31 1,010.63
INT085 443.19 491.27
INT086 431.32 374.17 889.06
INT087 1,148.62 319.13 381.88
INT088 794.04 459.67 303.97
INT089 776.78 418.64 548.94
INT090
INT091 318.89
INT092 178.85 98.33 147.33 323.10
INT093 1,244.48 898.78 162.66 377.61 1,957.60 1,963.66
INT094 802.50 970.41 248.67 97.27 892.91
INT095 139.50 1,712.25 1,185.53
INT096 146.10 897.73 118.63 929.24 1,891.67 208.24
Pret final de deficit din luna Iunie 2026
1/1