PDF PAGE 1
Data: 17.02.2026
lei/MWh
Interval/Data 01.12.2025 02.12.2025 03.12.2025 04.12.2025 05.12.2025 06.12.2025 07.12.2025 08.12.2025 09.12.2025 10.12.2025 11.12.2025 12.12.2025 13.12.2025 14.12.2025 15.12.2025 16.12.2025 17.12.2025 18.12.2025 19.12.2025 20.12.2025 21.12.2025 22.12.2025 23.12.2025 24.12.2025 25.12.2025 26.12.2025 27.12.2025 28.12.2025 29.12.2025 30.12.2025 31.12.2025
INT001 -4,184.00 210.65 5,711.35 314.79 781.96 700.00
INT002 722.00 707.00 762.11 778.08 313.80 683.10 765.30 1,093.01
INT003 103.49 320.23 291.72 343.72 152.00 397.07 1,115.62
INT004 127.91 -775.45 705.17 251.43 295.24
INT005 238.53 382.32 290.79 700.00 700.00 776.25 940.13 154.85 989.28 751.18
INT006 750.00 684.00 742.68 772.41 131.59 161.14 755.60 116.01
INT007 136.75 671.00 759.87 774.49 390.37 638.26
INT008 750.00 700.00 769.21
INT009 462.10 294.81 782.61 127.25
INT010 333.43 137.90 700.00 704.75 151.40
INT011 676.00 642.62 321.37 732.43
INT012 129.76 212.80 452.55 784.00 131.29 737.88 436.00 667.00
INT013 413.74 130.23 304.72 637.00 783.79 124.44 667.00 636.00 283.88
INT014 -3,152.24 128.69 121.81 406.40 280.15 706.60 777.39 114.90 670.07 667.00
INT015 251.51 397.88 155.84 201.33 781.71 633.00
INT016 642.00 90.76 705.54 86.06
INT017 -3,153.13 743.55 349.29 166.45 333.27 471.63 119.99 446.76 700.00
INT018 130.26 574.00 141.40 310.57 769.97 115.15 354.44 406.68 411.47 705.91
INT019 172.50 574.00 141.99 173.64 141.99 727.07 700.00 750.84
INT020 609.00 124.95 574.00 91.35 123.77 784.58 707.33 762.71
INT021 340.92 784.48 214.09
INT022 272.35 300.34 308.18 256.63 764.71 378.42
INT023 769.25 783.02 118.62 418.16 800.27 1,064.52
INT024 291.47 330.17 369.68 784.50 779.89
INT025 49.94 783.77 783.27 775.78
INT026 556.00 19.87 76.26 149.71 783.83 439.56
INT027 549.00 130.33 307.37 784.75 371.61 874.00 700.00
INT028 105.80 5,189.28 776.10 286.59 706.92 203.59
INT029 2,011.69 410.17 1,258.48 177.78 834.04
INT030 246.29 227.82 784.84 1,659.45 411.56 185.45 331.87 877.88 118.17
INT031 117.07 784.96 122.68 222.35 370.93
INT032 798.06 760.23 766.97
INT033 844.85 785.00 227.34 363.28 768.81 110.02 936.39
INT034 418.78 452.91 768.57 756.97 175.68 822.07 1,040.00
INT035 349.18 426.98 337.16 784.01 418.05 700.00
INT036 433.33 764.75 784.75 700.00
INT037 289.09 495.04 701.95 948.88
INT038 217.07 402.18 785.00 279.09 344.47 951.36 319.82
INT039 319.57 700.00 354.36 390.57
INT040 325.70 781.59 902.30 207.53
INT041 191.96 160.99 65.15 941.53
INT042 162.76 178.14
INT043 324.87 784.59 208.39
INT044 215.10 159.90 405.49 168.34 345.62 187.97
INT045 318.29 199.73 312.16 945.27 160.81 369.58
INT046 249.52 140.48 279.26 670.83
INT047 777.31 184.62 1,009.50
INT048 223.38 172.45 97.72 281.11 335.42 195.65
INT049 16.71 622.30 123.57 715.20 784.89 907.88 746.72 763.73
INT050 138.15 791.68 2,198.34 792.45 69.84
INT051 29.78 175.11 421.58 151.86 274.15
INT052 260.91 19.82 180.30 304.22
INT053 328.75 141.74 311.07 120.16
INT054 271.54 40.06 361.73 115.57 145.69
INT055 350.60 335.64 141.47 575.17
INT056 308.68 426.78 665.00 92.77 630.23
INT057 458.65 883.65 672.64
INT058 432.28 570.96 -2.96 282.95 358.42 207.38
INT059 689.51 301.59 539.22 784.95 278.74 613.25
INT060 123.75 784.89 161.06 143.74 404.72 322.03
INT061 -900.18 305.47 938.28 556.74 816.09 316.61
INT062 396.36 154.91 585.23 1,830.19 1,512.94
INT063 375.38 336.71 1,289.90 386.26 764.06 372.86 385.08 5,293.26
INT064 347.68 800.00 627.58 4,494.88 450.44 151.59 345.03
INT065 956.51 115.04 955.02 475.92 335.33 343.10 1,507.38
INT066 889.30 300.29 782.54 78.17 4,313.10 731.17 783.22 778.30 381.36 387.55 387.78 765.11 614.95
INT067 287.38 454.96 1,314.14 405.06 787.97 747.98 448.86 562.63 2,930.78
INT068 855.05 800.00 307.50 1,005.09 699.70
INT069 358.23 368.33 1,132.91 19.86
INT070 401.02 370.80 1,739.21 1,217.94 785.00 303.32
INT071 371.87 800.00 1,685.16 1,175.45 427.87 833.32 1,260.56 1,435.05
INT072 403.57 799.98 1,574.31 949.98 939.83 874.96 795.80 945.92 435.08
INT073 799.47 877.33 336.41 414.54 1,195.11 101.73 -9.05 1,359.45
INT074 379.86 1,202.77 370.17 783.75 408.09 729.92 932.69 1,500.01 976.60
INT075 676.55 784.95 199.57 466.66 328.39 164.52 602.80 1,018.68
INT076 164.86 1,362.83 1,718.83 195.41 770.74 957.02
INT077 785.00 716.25 377.60 1,077.99 1,287.50 390.93 1,147.90
INT078 161.50 411.69 160.54 1,432.81 181.09 944.28 185.74 1,155.05
INT079 281.68 19.30 384.95 145.45 944.28 192.26 1,321.12
INT080 761.36 350.18 434.02 73.00 367.07
INT081 313.93 145.62 794.21 1,009.21 757.78 407.01 656.14
INT082 183.07 790.00 332.04 377.46 902.52 412.21 741.03 746.23 145.96 778.37
INT083 777.24 785.00 1,013.60 132.12 778.84 784.35 336.79
INT084 297.12 317.61 799.00 700.00 314.79 784.66 737.74 130.77 253.28 428.46
INT085 167.35 322.36 301.27 179.42 158.15 785.00 1,028.95 785.00
INT086 340.64 789.87 573.50 834.45 798.08 775.09 1,287.37
INT087 324.43 395.57 355.66 1,057.30
INT088 783.33 394.30 783.62 777.68 997.35
INT089 129.15 153.36 1,265.35 904.06 86.40 259.28
INT090 274.39 932.76 1,200.74 4,362.66
INT091 302.08 191.70 173.98 768.91
INT092 118.18 188.39 784.54 322.44 761.89
INT093 142.44 13.81 892.10 784.44 783.62 1,151.12 700.00 786.49
INT094 665.00 744.17 804.40
INT095 314.12 745.00 198.63 359.76 734.39 707.41 191.00
INT096 9,837.56 115.04 260.98 107.60 160.33 763.68 317.01 969.70 783.68 173.21 1,129.91
Pret final de deficit din luna DECEMBRIE 2025
1/1