PDF PAGE 1
Data: 20.03.2026
lei/MWh
Interval/Data 01.02.2026 02.02.2026 03.02.2026 04.02.2026 05.02.2026 06.02.2026 07.02.2026 08.02.2026 09.02.2026 10.02.2026 11.02.2026 12.02.2026 13.02.2026 14.02.2026 15.02.2026 16.02.2026 17.02.2026 18.02.2026 19.02.2026 20.02.2026 21.02.2026 22.02.2026 23.02.2026 24.02.2026 25.02.2026 26.02.2026 27.02.2026 28.02.2026
INT001 1,390.17 -307.48 -105.01 -641.75 314.52 -113.61 -198.83 -4,539.79 -136.46 -109.97
INT002 -1,587.16 172.54 575.29 642.64 156.15 467.79 106.94 574.64
INT003 87.24 672.57 0.10 532.65 109.14 599.88 613.05
INT004 508.56 258.09 59.80 -102.80 717.64
INT005 1,104.34 904.80 370.49 32.66 619.81 -131.88 183.49 552.45
INT006 551.78 637.98 38.60 298.37
INT007 806.54 300.27 29.33 498.91 -64.64 516.88 412.15 715.20
INT008 768.81 522.21 130.75 34.62 580.98 531.29 -5.57
INT009 760.41 471.35 -77.52 596.74 615.44 63.32 -230.86 259.98 599.70 534.60
INT010 734.60 403.76 664.66 613.57 458.82
INT011 786.59 682.31
INT012 165.06 800.65 1.91 519.68 0.23 119.31 598.86
INT013 369.37 636.06 382.17 651.07 576.74
INT014 274.20 719.58
INT015 574.72 554.52
INT016 -1,846.34 -310.19 385.35 669.20 -244.89
INT017 1,115.89 -723.16 48.68 545.67 602.90
INT018 -101.82 562.10 457.04
INT019 0.94 802.13 623.21 -14.07 -340.08 -357.00
INT020 1,378.27 164.13 306.57
INT021 58.15 269.87 621.27 644.32 -73.80
INT022 166.18 500.00 322.03 120.13 541.42 -350.71
INT023 187.91 149.21 -121.04
INT024 183.03 171.61 150.77 580.55
INT025 209.51 743.06 245.15 128.36 515.28 470.74
INT026 575.19 146.03 766.97 269.13 622.69
INT027 447.97 -271.80 500.00 725.77 0.00 205.72
INT028 99.49 494.54 22.02 584.41 247.75
INT029 -19.30 272.00 322.66 -506.56 300.05 -197.10 814.14 289.94
INT030 1,347.56 117.99 320.12 690.54
INT031 183.78 -1,170.11 300.62 537.36 661.17 -390.35 699.24 50.42
INT032 496.03 746.53 981.07 594.51 557.28 268.07 1.66 -65.67 -151.29
INT033 -27.18 347.45 443.51 307.68 346.42 400.03 612.19 82.42 691.22 18.56 -95.15
INT034 361.52 500.00 0.00 317.00 700.82 483.49 274.81 544.35 2.50 -2,125.50
INT035 469.80 500.00 381.03 362.08 260.22 386.17 3.76 -219.54 305.64 208.62 0.83 -65.68 -987.32 -937.25
INT036 299.65 500.00 675.05 848.13 399.89 729.61 -1,076.44 210.35 49.51 -795.72 -1,123.18 -1,958.71
INT037 278.55 0.00 -472.89 347.48 555.12 710.33
INT038 500.00 0.00 -52.12 -700.86 702.23 272.31 -126.20 -1,426.69
INT039 438.26 348.40 500.00 -131.16 698.74 -211.03 -41.81 -2,380.90
INT040 500.00 -196.63 -9.65 358.54 -576.59 -4,790.86
INT041 -114.35 -195.20 -116.32 -477.00 -381.04
INT042 226.74 317.31 72.88 -209.77 81.43 -135.36
INT043 342.19 314.13 35.50 -781.20 -178.54 -2,943.90 -124.89
INT044 331.43 272.08 -551.99 -236.37 -4,043.96 -5.61
INT045 329.29 319.39
INT046 241.46 493.64
INT047 500.00 738.28 -611.73 -1,330.94
INT048 129.40 500.00 -2,123.29 469.75 -67.91 -1,569.19
INT049 131.39 -748.05 -234.16
INT050 -32.58 -217.21
INT051 -227.43 -3,456.04
INT052 -54.30 -4,377.32 -38.38 -1,190.52
INT053 -45.06 767.59 -288.95 -1,991.19 -2,436.31
INT054 -61.07 -406.47 -830.76 226.85 -147.28 -621.22
INT055 47.60 373.34 -289.49 -1,977.02 -183.52 -255.18
INT056 140.98 162.43 -1,951.05 102.82 -104.85 -340.69
INT057 13.02 -402.65 229.90 -1,660.74 11.49 -429.56
INT058 1.99 383.18 -143.88 -450.41 -3,089.22
INT059 3.84 -178.06 358.04 0.75 -1,649.03 -248.72 -414.14
INT060 13.45 828.63 61.81 558.08 -236.93 0.99 -267.99 -273.18
INT061 32.09 -2.21 384.43 3.05 -2,192.09 -2,535.34 37.02 -1,249.45 34.55 -263.38 -5,524.23
INT062 0.60 373.16 127.07 -1,218.50 219.02 -6,824.74
INT063 251.38 0.00 284.20 -200.49 315.15 -709.64 663.11 -321.66 -4,340.55 -153.86 -5,428.27
INT064 482.13 311.39 746.09 -693.67 127.12 -165.00 -2,449.76
INT065 340.21 949.93 -78.19 -6,662.57 307.11 -603.32
INT066 402.13 0.00 -82.97 48.37 500.00 -442.21 382.41 4.91
INT067 1,331.54 -240.35 372.13 0.62 268.14 500.00 -105.94
INT068 692.56 0.00 0.00 0.40 67.79 311.08 -106.00 -2,162.15 138.85
INT069 -581.20 362.28 0.00 0.00 528.03 728.45 -83.74
INT070 -1,375.68 357.14 606.65 265.51 293.85 949.24 660.18
INT071 0.00 870.55 0.00 255.43 485.04 734.87 0.30 -81.43 689.34 400.00
INT072 276.23 153.06 652.59 0.30 2.23 472.11 13,115.59
INT073 -216.35 356.81 0.00 52.04 661.79 -361.59
INT074 392.50 500.00 307.64 184.08 -95.15 903.61 841.98 0.40 1.10 586.04 119.10
INT075 -5,853.90 1,011.03 371.25 758.06 695.33 0.40 10,967.41
INT076 363.86 500.00 369.37 401.00 250.00 523.96 642.70 0.40
INT077 1,017.36 315.79 326.98 500.00 200.00 131.46 -1,787.74 0.85 6,421.09
INT078 297.73 296.39 128.97 5.65 303.47 536.68 857.78 -860.64 367.71 82.08
INT079 0.00 144.97 313.81 1.10 484.73 723.75 712.92 689.89 509.63 124.57
INT080 0.00 150.12 388.46 6.76 294.74 -769.18 590.91 604.47
INT081 200.00 558.72 795.88 1.96 -106.00 452.07
INT082 522.48 667.45 506.11 -310.41 693.91 557.11 -78.52 738.66 400.00
INT083 160.13 339.59 438.15 569.49 544.95 -43.67 462.58 470.37 738.46
INT084 992.62 573.04 34.20
INT085 296.41 827.26 369.60 604.95 3.86 670.23
INT086 1,193.21 770.15 676.05 721.82 172.50 482.14 576.64
INT087 1,294.57 319.18 561.10 661.70 512.15
INT088 354.58 -63.10 571.89 580.05 647.03
INT089 -45.55 587.87 639.33 135.00 1.50 8.74
INT090 126.33 400.00 714.42 712.70 596.67 309.82 717.80 534.27
INT091 257.07 4.05 -3,321.78 702.01 538.57 0.40 815.63 535.86
INT092 33.33 349.02 513.47 418.41 248.97
INT093 620.89 379.42 312.91 -532.52 483.82 626.97 467.21 46.66 575.91 443.61 778.05
Pret final de excedent din luna Februarie 2026
1/1