PDF PAGE 1
Data: 21.08.2026
lei/MWh
Interval/Data 01.07.2026 02.07.2026 03.07.2026 04.07.2026 05.07.2026 06.07.2026 07.07.2026 08.07.2026 09.07.2026 10.07.2026 11.07.2026 12.07.2026 13.07.2026 14.07.2026 15.07.2026 16.07.2026 17.07.2026 18.07.2026 19.07.2026 20.07.2026 21.07.2026 22.07.2026 23.07.2026 24.07.2026 25.07.2026 26.07.2026 27.07.2026 28.07.2026 29.07.2026 30.07.2026 31.07.2026
INT001 4,762.10 153.70 176.22 750.00
INT002 1,181.62 4,645.51 103.21 152.17 260.08
INT003 883.85 1,787.08 138.95 1,054.79 800.00 344.84 130.63 750.00 164.66
INT004 48.44 137.71 156.22 800.00 351.49 124.61 93.23 137.52 800.00
INT005 85.64 307.27 7,579.41 447.49 297.29 802.54 799.78 138.13 800.00 203.76
INT006 253.11 3,031.75 283.17 284.25 370.97 438.82 898.48 246.96 352.35
INT007 138.67 486.01 124.76 299.91 800.74
INT008 279.35 158.16 854.29 283.68 799.80 -122.22 136.82
INT009 -637.00 363.56 184.08
INT010 253.36 326.70 177.50 161.69
INT011 146.10 364.39 186.01 179.11
INT012 1,118.37 372.89 111.58 141.82
INT013 703.58 302.27 169.64 342.91
INT014 992.25 528.49 145.95 148.76 814.29
INT015 149.52 183.25 874.22
INT016 269.97 139.06 137.94 147.94 167.36 191.50 180.50 982.48
INT017 889.76 334.32 299.74 843.79 177.23
INT018 893.97 400.24 238.84 143.16
INT019 891.54 244.32 817.47 310.99 171.09
INT020 1,170.14 1,396.45 196.27 313.44
INT021 232.01 2,693.43 111.47 360.19 711.56 897.73
INT022 250.54 1,557.91 861.88 950.94 164.32 168.02 150.43
INT023 1,432.99
INT024 144.35 336.04 829.29 890.58 889.01 428.00 171.58 923.71
INT025 261.52 896.19 44.46 348.47 895.10 308.86 379.55 132.31
INT026 841.46 441.12 341.02 884.81 488.88 422.71 1,029.93 319.08 879.74 209.80
INT027 159.51 446.06 208.07 283.48 893.79 145.25 283.82 911.44
INT028 307.73 228.55 21.26 220.84 129.87 120.43 84.12 150.48 898.99 157.76 209.68
INT029 70.94 70.39 128.32
INT030 236.11 84.94 118.11 714.40
INT031 53.68 149.27 137.57 445.23 930.08 197.46 144.36
INT032 432.62 66.01 165.33 109.57
INT033 345.77
INT034 1,746.62 171.42
INT035 802.68 179.51 56.96
INT036 645.22 180.95 199.49
INT037
INT038 177.08 699.00
INT039 505.59 -31.60
INT040 -672.60 523.17 11.71 26.80
INT041 478.18 1,839.61 0.00
INT042 768.96 500.00
INT043 0.00 779.97
INT044 648.47 -7,187.79
INT045 1,032.68 295.00
INT046 787.14 92.98 13.78
INT047 -3,381.11 21.11
INT048
INT049 -173.53 212.76 11.45
INT050 94.97 450.00 69.50
INT051 450.00
INT052 682.55 49.36
INT053 450.00 490.19
INT054
INT055 12.94 493.31
INT056 14.68 400.00
INT057 450.00 641.95 444.71
INT058 -10.90 86.02 464.67 -86.37
INT059 5.59 113.38 -461.13 -21.52
INT060 21.43 3,759.75 8.54
INT061 47.46
INT062 10.10
INT063 65.61 184.27
INT064
INT065 138.94 44.95
INT066 -50.45 576.78 -85.15
INT067 -554.80 578.84 500.00 53.84
INT068 187.30 560.79 0.50
INT069
INT070 452.36 88.13
INT071 193.25 169.00 681.55
INT072 608.86 179.77 332.82 848.12 891.28
INT073 908.43 201.08 143.18 7,368.83 889.50 378.23 36.03 1,827.23
INT074 152.05 1,618.47 1,051.48
INT075 64.99
INT076 806.03
INT077 323.56 2,119.13 172.93 1,500.11 594.87 -1,203.12 -653.94
INT078 7.45 1,170.41 120.80 784.66 1,750.05 -762.18
INT079 1,581.04 1,733.59 354.76 199.52 364.71 3,081.24
INT080 3,714.85 3,572.85 1,170.17 885.08 1,685.30 320.78
INT081 557.71 338.01 535.11 534.32 1,077.75 454.32 500.88
INT082 1,472.98 1,430.30 1,296.60 398.84 474.13 268.91 269.56
INT083 893.54 298.82 3,120.66 386.52 9.23 900.00 372.36 306.06 1,043.58
INT084 590.99 888.20 972.23 1,143.69 416.61 609.93 321.63 906.64 806.00
INT085 1,121.87 294.99 382.30 452.24
INT086 402.39 297.87 401.46 419.94
INT087 669.60 390.64 1,048.30 500.59 331.77 434.34
INT088 1,452.17 412.23 423.18 281.21 243.99 1,363.05 225.53
INT089 233.05 383.16 447.97
INT090 1,777.31 74.11 921.99 415.68 360.11
INT091 162.38 394.09 551.14 2,501.73 375.24 480.91 170.59 1,192.66
INT092 592.17 62.67 2,689.16 482.39 372.20 127.27 170.77 210.78 376.65
INT093 1,185.54 542.46 474.90 225.02 192.85 850.32 202.22
INT094 1,765.27 215.89 121.93 1,128.61 201.15 1,190.02 898.04 174.52 133.99 822.21 178.55
INT095 530.59 269.90 869.64 823.26 292.40 800.00 810.71
INT096 1,296.03 71.47 182.62 111.32 874.74 155.21
Pret final de deficit din luna Iulie 2026
1/1