PDF PAGE 1
Data: 17.02.2026
lei/MWh
Interval/Data 01.12.2025 02.12.2025 03.12.2025 04.12.2025 05.12.2025 06.12.2025 07.12.2025 08.12.2025 09.12.2025 10.12.2025 11.12.2025 12.12.2025 13.12.2025 14.12.2025 15.12.2025 16.12.2025 17.12.2025 18.12.2025 19.12.2025 20.12.2025 21.12.2025 22.12.2025 23.12.2025 24.12.2025 25.12.2025 26.12.2025 27.12.2025 28.12.2025 29.12.2025 30.12.2025 31.12.2025
INT001 45.92 -261.15 -25.81 4.12 190.34 46.10 1,174.82 225.19 190.51 162.19 307.58 708.84 -3.80 781.09 861.54 52.07 852.52 701.14 725.43 980.25 -321.13 3,865.11 202.05 770.34 1,268.96
INT002 106.24 -4,784.67 78.09 -1,560.68 149.23 -4.85 -886.56 -628.53 5,594.70 287.61 115.70 154.45 807.84 234.55 784.95 42.90 747.48 779.98 982.37 -10.27 777.47 161.29 756.32
INT003 41.13 722.00 -2,508.15 -2,150.86 210.22 83.49 -1,770.23 116.16 2,980.43 208.35 775.70 245.67 266.86 700.00 305.21 694.00 785.00 76.67 773.00 867.54 1,571.66 0.67 236.90 704.24
INT004 -1,145.88 722.00 185.61 -2,862.82 125.28 -69.53 -1,457.16 862.87 42.63 714.83 265.43 60.81 755.68 -81.29 782.26 784.72 73.47 125.83 701.61 776.52 1,097.58 10.93 270.55 -197.63 764.33 185.89
INT005 -908.10 145.64 42.91 252.09 250.63 -53.46 2,321.74 -569.81 1,369.71 3,043.68 259.78 218.27 35.68 711.65 142.03 3,587.89 274.86 19.17 629.00 23.11 -210.84
INT006 24.74 -1,715.24 8.61 254.89 -284.03 784.45 338.86 784.95 671.00 328.65 1,148.83 250.95 119.04 211.17 1,144.34 767.41 218.39 3,529.68 256.81 -28.22 670.20 -52.83 376.19
INT007 -149.80 -126.66 214.23 -416.20 211.80 -170.62 769.13 213.38 784.57 671.00 779.12 270.37 128.53 220.92 808.37 14.40 5,284.62 331.72 12.39 191.41 -113.64 225.68 -19.25 16.72 110.42
INT008 -1,026.08 -3,554.56 -238.52 -1,013.45 171.09 53.12 830.75 158.86 843.61 671.00 190.72 754.56 188.62 269.67 317.48 737.10 36.79 2,912.59 185.43 15.41 290.54 302.43 251.15 -135.09 98.24 79.34 670.00 55.54
INT009 -464.82 -1,528.23 253.69 112.26 -361.14 185.89 -85.15 -273.26 206.82 1,202.66 678.81 332.11 709.48 280.51 281.17 784.61 1,085.49 826.32 4,112.78 784.11 16.30 772.91 292.82 181.85 -1.25 162.28 187.05
INT010 -3,116.07 -821.28 253.62 255.26 -120.69 8.98 26.47 257.30 227.94 784.91 762.06 249.01 226.39 191.77 804.91 760.60 909.93 777.32 782.00 22.63 259.17 717.25 -24.87 836.48 636.00 -0.62
INT011 -296.32 -76.57 203.66 203.22 101.43 -10.72 253.00 322.40 790.66 197.40 194.66 109.45 737.58 322.96 893.98 -132.17 1,392.33 723.20 7.91 254.68 764.11 743.89 -25.50 702.79 762.63 677.10 57.97
INT012 -375.94 -3,952.59 26.33 676.00 56.00 -110.67 169.86 212.17 248.51 212.05 715.23 320.83 3,928.69 136.98 1,146.31 716.69 56.04 205.92 705.86 -64.36 735.40 711.76 -6.41
INT013 -1,136.90 -5,502.63 152.86 261.55 262.39 -1,723.79 -325.03 4.83 784.09 -110.21 242.68 335.86 2,753.83 189.34 835.40 783.17 64.65 784.53 360.86 705.97 11.18 742.65
INT014 -618.02 73.84 198.60 -40.41 -16.68 795.82 210.11 -240.20 249.73 16.23 707.66 263.78 988.97 196.10 746.79 106.94 374.23 -28.04 710.82 604.00 1,409.41
INT015 -219.74 -123.88 -13.93 205.90 77.17 -354.76 -82.58 784.00 241.17 11.09 235.49 30.28 227.71 733.66 945.53 196.49 322.50 112.05 221.51 351.18 295.95 -111.21 676.00 757.40 740.51
INT016 -293.93 -345.28 -38.57 251.20 -3,349.26 26.67 137.62 784.00 207.47 261.76 120.83 98.38 605.00 741.30 284.70 944.06 181.61 227.78 766.91 93.68 135.82 282.99 268.24 -458.05 700.00 849.07 667.00
INT017 -243.77 -447.10 -3,160.71 253.18 236.28 -155.26 -124.00 -2,033.30 1,550.94 -86.34 733.94 1,025.07 107.58 776.55 50.11 179.20 178.37 337.02 -168.95 204.66 768.05 1,020.05
INT018 -249.09 -197.03 -982.88 351.44 151.48 199.15 -8.12 -44.63 -2,031.20 873.47 137.29 940.63 155.83 243.51 75.97 -40.62 380.22 -73.27 -312.91 704.47 822.52
INT019 -234.86 -148.78 266.75 609.00 208.43 -3,272.54 51.72 -345.82 -381.87 784.99 696.12 -229.91 906.43 257.33 85.20 -99.13 606.00 360.36 -14.48 642.00 -172.17 788.24 838.70
INT020 -199.66 -173.56 254.51 -356.51 -810.26 76.12 -371.58 784.58 276.56 772.58 35.95 693.33 930.08 243.66 59.43 -335.21 639.77 314.95 14.15 670.00 -185.39 1,166.06 826.37
INT021 -158.95 -322.44 271.56 -1,303.49 -1,700.96 56.19 228.16 -235.86 289.24 690.47 835.49 69.14 211.46 261.25 784.45 1,335.59 217.41 1,454.61 59.97 273.81 228.12 711.44 363.81 -35.84 786.90 -354.15 1,396.92 826.76
INT022 -164.86 -379.02 256.20 -308.79 -2,126.62 14.67 226.45 276.39 277.53 741.54 727.41 -91.05 255.96 721.43 216.91 1,277.02 -53.29 -169.50 720.21 359.57 26.74 729.87 210.72 4,418.53 1,278.12
INT023 -248.95 -178.81 100.56 720.58 -293.55 75.97 33.80 254.32 197.17 845.54 778.42 730.59 -3,738.22 733.13 700.00 104.82 5,844.63 777.99 -454.78 -71.46 702.27 0.21 622.70 185.73 1,229.50
INT024 -147.26 -268.22 255.11 -16.48 48.51 58.02 -190.12 339.74 656.79 -1,588.68 725.91 1,106.77 260.95 700.00 -17.74 6,961.18 733.29 -181.69 -19.02 783.96 6,103.85 -84.57 770.35 -27.93 905.65 243.41
INT025 -154.42 14.93 252.12 -2,534.13 -185.99 0.00 -1,494.91 366.05 320.70 279.06 258.35 784.21 -25.37 289.52 3,148.14 211.20 -1,324.25 1,804.80 824.38 -53.19 -325.95 795.01 6,905.75 82.61 -952.54 906.56 238.62
INT026 -245.44 271.42 -93.49 0.00 -31.77 212.31 287.19 275.71 -78.38 3,369.35 232.70 283.88 -286.63 1,212.28 787.81 198.04 774.68 -182.82 799.01 1,598.21 120.13 133.37 114.07 889.52 151.97
INT027 27.35 528.00 173.55 104.74 0.00 -180.28 217.50 273.50 76.09 823.35 1,175.00 783.86 303.03 18.87 3,786.74 173.93 174.83 706.24 282.18 2,389.19 137.06 69.05 908.52 -38.33
INT028 34.31 528.00 196.85 156.74 -102.46 86.10 81.70 1,244.53 63.44 906.85 322.36 259.28 1,027.37 1,167.59 -49.22 2.53 784.91 274.94 277.24 1,413.81 873.41 67.29 259.48 -19.64 912.89
INT029 2.34 5,504.85 -1,456.29 256.12 239.98 52.26 85.96 -1,475.44 -82.59 278.27 1,204.40 324.47 284.69 -1,544.19 2.69 359.00 -129.56 239.24 -956.17 1,160.86 866.84 -63.74 5,140.23 -184.48 1,018.26 -75.44
INT030 -814.38 3,596.02 276.61 329.60 4.92 -3,442.09 348.99 1,620.52 389.45 218.32 254.09 4,566.16 819.96 9.13 847.97 55.89 -2,655.81 802.40 35.28 6,999.57 979.24 177.23
INT031 323.38 2,175.03 1.26 278.42 59.78 -10.43 392.07 3,631.02 298.93 1,193.92 319.22 5,434.32 5,767.12 1,400.45 22.25 1,065.78 -584.04 228.90 -923.03 856.70 -219.59 20.75 7,000.00 651.27 1,079.65 -16.38
INT032 1,106.40 3.60 261.54 -1,096.71 15.84 -130.84 3,780.23 311.64 1,044.99 245.25 3,672.37 23.88 254.89 1,230.26 6,293.38 932.46 49.05 1,007.60 -302.28 117.41 -181.51 939.03 77.69 30.91 1,640.87 850.71 1,009.15 4.90
INT033 197.04 1,348.63 -7.64 251.23 -4,019.16 142.10 -359.23 915.27 352.29 1,011.10 179.30 2,326.42 4,968.74 1,159.90 -239.33 281.84 -222.06 -172.14 1,339.42 1,406.35 35.92 769.52 990.97 -70.67
INT034 1,194.36 42.24 -92.60 42.52 177.07 -60.55 784.97 347.99 330.68 279.10 1,039.05 197.96 240.91 4,563.35 5,525.29 933.25 -13.26 295.27 -115.32 938.11 49.21 717.77 995.49 3.75
INT035 820.54 1,271.35 47.49 44.98 -4,469.46 252.47 219.28 784.48 976.10 371.61 823.77 220.28 2,655.86 2,417.78 785.00 -2.07 400.00 -128.47 832.67 919.65 -33.21 -3,869.07 994.20 995.95 -54.08
INT036 864.66 1,296.31 -9.38 -82.23 -5,937.29 92.23 170.33 784.36 358.06 784.07 841.63 299.76 256.96 1,734.22 1,431.34 301.86 -2,809.33 1,135.37 3,059.90 -160.35 831.73 852.84 -118.88 307.70 1,000.59 1,525.42 -77.75
INT037 799.47 -1,590.93 -70.30 1,030.56 -1,131.95 74.49 1,049.99 1,590.23 378.58 791.32 224.28 763.55 256.38 2,705.50 1,991.17 778.74 741.27 -700.75 1,270.80 2,847.06 1,040.09 -2,351.17 167.69 294.80 1,029.29 927.84 -369.56
INT038 799.32 262.24 237.42 198.15 963.12 1,228.15 346.89 917.57 785.00 779.75 5,850.96 2,017.03 782.64 -6,153.99 846.96 393.54 6,246.57 1,210.81 -762.14 -646.34 189.11 374.58 1,029.46 762.43
INT039 799.95 797.61 -379.00 -1,675.37 48.93 785.00 1,048.23 1,048.62 340.65 812.93 854.34 781.71 2,168.77 378.33 700.00 -2,922.17 784.99 5,423.09 1,272.60 784.93 0.00 120.58 190.09 0.43 1,029.48 400.00 143.33
INT040 2,268.64 -939.41 144.47 -881.40 -873.86 785.00 1,069.14 1,000.94 341.84 780.01 834.61 761.31 1,471.76 941.74 -4,606.36 989.69 315.04 2,921.43 4,893.44 1,864.52 324.33 92.63 20.85 1.17 1,120.56 371.50 144.19
INT041 856.46 -822.46 -844.59 780.94 1,006.89 1,166.32 128.67 763.08 1,048.22 912.99 793.34 1,157.11 395.31 1,113.85 768.30 -1,371.32 6,138.26 1,503.79 7,580.62 6,985.70 304.36 4,465.14 32.70 110.48 999.00 822.27 101.00
INT042 1,237.19 346.86 290.24 252.38 49.20 745.00 1,014.37 1,238.46 304.92 784.18 946.83 784.33 901.13 1,699.53 1,242.40 715.06 -561.88 4,325.68 996.69 2,502.21 1,804.06 7,000.00 1.10 1,629.91 45.38 74.19 279.09 783.21 106.74
INT043 1,263.62 770.81 301.07 252.47 -418.80 2.07 832.11 1,027.02 1,002.57 372.09 785.00 915.18 780.19 754.72 2,433.43 743.35 316.81 -2,700.85 4,800.34 6,923.95 1,164.87 1,500.32 1.94 945.32 70.45 23.12 18.82 235.43
INT044 1,265.24 781.94 -3,122.40 34.38 -158.01 840.08 1,026.72 1,043.99 -106.93 1,004.42 757.34 864.01 1,086.75 716.07 -1,729.82 1,342.08 915.85 7,001.00 3,214.06 1,046.09 1.34 1,124.22 30.65 57.49 -611.15
INT045 1,161.67 791.61 232.12 798.65 1,003.29 962.21 57.23 2,359.33 1,207.41 4,717.97 1,556.15 0.00 1,955.83 1,012.53 995.22 7,001.00 3,974.73 1,205.99 -229.83 899.31 22.21 30.04 29.10 18.10 3.17
INT046 1,170.99 791.04 -1,250.54 1.90 1,106.77 1,065.58 305.50 -455.12 293.70 929.46 784.49 923.63 2,404.86 781.18 2,801.35 1,130.32 1,215.22 3,632.20 4,553.34 1,183.86 -687.54 913.38 4.51 -137.09 14.63 700.00 11.84
INT047 1,090.06 795.61 258.38 -320.45 741.55 -50.17 1,899.66 1,003.47 785.00 -206.05 275.70 1,355.14 1,678.38 999.98 385.12 989.93 979.91 871.71 1,321.22 1,539.54 1,184.34 25.03 963.61 -2.77 -111.25 0.54 700.00 3.86
INT048 1,153.56 722.00 -1,683.07 743.21 -85.62 4,350.21 1,001.47 333.11 -53.46 251.66 823.41 947.57 988.95 401.00 1,034.39 797.85 1,277.49 1,059.30 1,660.64 -74.68 902.20 -46.28 13.94 251.16 101.27
INT049 1,152.24 5,400.36 141.14 -516.32 685.00 785.00 989.17 341.35 1,042.63 784.81 1,646.63 1,004.42 2,254.45 332.16 -1,189.79 2,345.24 7,499.79 -310.98 1,224.82 -199.06 1.39 700.00 101.00
INT050 1,166.30 1,119.75 1,089.52 785.89 784.99 964.61 327.48 -488.17 -73.39 2,097.60 784.92 2,608.53 991.58 785.00 1,050.02 -1,411.09 895.68 2,244.05 2,949.28 700.00 24.18 903.36 665.00 -35.10 773.82 752.13
INT051 1,151.53 1,217.63 251.58 205.38 959.07 321.03 -742.54 3.23 890.88 784.17 5,160.75 995.04 912.73 1,062.96 -861.86 -870.54 784.83 266.84 1,288.46 1,081.47 55.40 1,025.54 173.32 665.00 700.00 790.82
INT052 1,161.20 799.60 2,450.39 -3,686.26 795.55 -263.28 256.11 975.48 310.10 -252.26 -360.91 970.10 784.80 4,952.21 1,003.65 1,157.24 270.10 -843.51 991.65 328.57 1,256.55 1,974.19 206.90 -64.14 253.01 700.00 1,536.86
INT053 1,220.72 836.80 799.24 799.65 790.00 300.83 984.34 438.80 -360.80 0.00 783.20 915.48 784.10 1,175.77 754.04 48.35 -533.74 965.61 363.40 1,757.09 1,031.26 631.00 230.77 167.93 -996.25 701.09 0.00
INT054 1,224.21 1,146.71 650.00 804.80 791.03 216.96 1,275.58 291.42 -44.69 1,163.06 785.00 1,087.11 401.00 844.53 759.45 483.08 -445.06 1,026.97 327.76 1,625.28 1,030.76 863.86 311.26 216.08 700.41 272.99
INT055 1,221.26 992.10 800.00 -729.97 848.93 759.00 301.22 1,233.94 409.17 -20.14 54.43 1,478.16 2,732.66 0.00 770.62 328.16 411.94 -300.70 988.06 1,390.87 1,046.42 386.09 210.51 862.03 242.96 700.00 569.00
INT056 1,212.21 886.77 941.56 757.53 759.00 246.80 1,103.75 785.00 -88.31 699.00 914.69 386.17 1,359.06 372.61 792.97 781.61 -319.79 988.76 1,027.94 1,371.30 1,086.80 362.11 864.07 686.97 134.88 867.10
INT057 1,261.08 2,401.55 3,201.20 0.56 799.13 790.91 225.41 1,020.64 951.74 -89.99 447.36 1,119.52 343.87 900.00 383.29 0.00 785.00 4,147.01 1,063.80 1,361.77 1,526.64 63.21 665.00 856.39 -3,980.49 154.57 -728.79 880.27
INT058 1,187.37 4,480.93 4,232.64 510.28 274.06 1,473.92 290.50 1,690.52 944.99 -261.22 699.00 365.03 877.26 0.00 332.45 3,077.14 1,433.07 887.71 1,248.06 1,568.34 631.00 859.33 -213.53 155.97 879.40
INT059 2,009.49 1,264.71 2,058.74 474.51 444.48 7,957.58 342.35 954.72 -188.30 665.00 369.41 972.89 205.49 1,145.02 6,218.37 784.42 1,026.98 1,454.75 1,555.35 746.11 872.34 26.68 168.92 186.79 880.60
INT060 1,211.99 885.26 1,396.33 301.87 2,658.09 906.68 899.44 -585.67 2.57 841.90 783.63 5,793.51 4,771.96 784.41 957.26 898.79 2,175.92 1,628.74 756.99 867.03 -41.98 214.68 -163.16 251.75 880.31
INT061 1,338.19 0.00 313.18 -1,784.35 781.85 749.20 785.00 -90.70 -113.52 279.95 4.13 784.81 1,301.12 1,105.19 254.89 1,194.43 1,533.34 2,282.71 3,667.26 920.44 35.85 -1,735.47 826.39 251.06 1,388.83
INT062 2,554.78 1,616.23 475.00 -5,226.24 55.27 320.30 2,180.63 923.87 -329.96 334.45 3.81 827.16 1,195.58 1,102.87 400.11 785.00 1,708.57 1,947.86 3,530.29 6,999.85 920.40 9.64 -72.72 756.16 786.35 1,515.13
INT063 1,391.19 1,277.21 -5,906.27 174.10 268.55 6,940.82 1,674.16 333.58 367.71 928.45 1,143.92 401.00 786.89 1,899.40 1,864.40 1,954.37 2,020.49 904.77 10.13 181.12 2,076.86 4,632.87 1,587.69
INT064 1,268.98 -3,739.48 169.88 273.04 7,000.98 785.00 358.55 82.41 1,230.83 342.01 1,559.29 1,021.52 1,060.13 3,339.10 2,342.73 1,811.26 8,820.69 2,832.75 887.58 -220.32 314.18 5,407.08 6,999.53 2,895.40
INT065 301.84 -11.37 133.55 -894.04 246.76 7,000.85 387.50 360.08 300.94 165.70 360.80 1,177.04 1,112.79 401.00 261.62 918.92 4,994.21 2,662.98 -250.16 3,603.36 1,085.42 204.01 2,934.15 4,412.57
INT066 1,012.40 19.71 222.88 72.85 7,001.00 1,150.64 1,116.20 305.99 939.32 5,358.80 2,702.04 6,699.40 1,568.89 220.50 1,482.73 3,052.55 6,999.96 1,231.66
INT067 1,132.63 347.78 326.00 762.57 243.32 180.98 7,001.00 683.07 798.99 4,942.13 1,770.52 373.78 287.15 3,395.98 5,230.67 2,822.88 2,474.17 1,792.93 210.40 6,094.55 2,389.74 4,345.78
INT068 -219.67 1,023.93 781.27 135.95 204.10 7,000.95 813.88 647.87 3,224.52 896.92 4,313.27 5,349.70 1,242.94 335.39 320.56 2,958.39 3,687.21 -35.78 5,604.28 6,783.81 1,383.66 -9.99 6,391.91 2,852.20 3,661.96 27,802.81
INT069 259.79 189.13 3,950.05 213.36 295.09 2,474.94 705.81 5,695.94 811.98 269.99 1,830.48 1,756.32 1,332.60 280.59 287.06 1,461.50 3,050.08 400.00 4,037.17 3,382.13 2,119.03 -52.83 204.18 2,847.62 1,370.78 2,373.26 4,657.61
INT070 377.57 352.42 1,268.46 184.39 300.81 818.35 1,393.68 829.59 322.10 1,282.37 1,272.22 1,307.84 262.06 1,033.24 3,375.69 302.53 2,927.12 855.69 843.89 0.00 209.86 3,244.73 1,676.30 1,753.19 2,957.98
INT071 326.00 246.61 1,148.16 203.66 209.80 1,024.80 2,611.23 1,154.48 810.31 362.38 5,182.91 2,179.92 1,376.36 112.02 796.43 5,056.86 391.46 1,463.08 978.57 0.30 157.32 1,035.80 3,908.33
INT072 -369.48 238.77 1,227.29 111.50 199.82 1,147.18 997.36 273.92 6,737.35 2,584.83 1,602.13 188.00 281.69 5,289.29 325.51 1,869.55 1,211.47 -181.48 1,864.46 316.90 2,082.22 -2,843.65
INT073 284.61 -6.75 21.56 1,652.14 47.21 200.88 -750.46 784.84 1,334.97 356.28 1,118.88 1,501.23 263.60 1,036.08 1,139.62 373.09 1,325.14 1,557.93 801.82 -386.59 361.76 1,049.26 -1,121.14
INT074 320.87 25.84 -8.29 11.39 208.91 -10.61 -86.52 1,654.65 379.62 2,342.02 4,346.76 1,530.02 306.01 884.07 988.76 317.74 1,995.73 1,713.11 784.89 241.65 263.95 1,050.62
INT075 281.83 360.00 35.00 12.56 1,264.76 52.52 200.84 -69.73 234.77 1.74 2,956.13 5,034.61 1,222.67 283.89 216.50 812.23 785.00 294.07 2,292.72 1,037.97 960.46 310.72 1,051.90
INT076 69.98 337.52 66.09 48.89 378.15 35.33 -539.33 -81.50 151.47 308.30 133.72 198.51 2.42 1,382.08 214.56 1,082.49 893.04 271.02 2,536.37 1,484.03 2,511.00 344.99 782.45 188.13 2,138.70
INT077 71.47 352.70 -100.70 14.93 -80.99 29.41 -3,459.89 132.32 330.52 296.82 19.38 316.60 1,613.73 1,378.44 326.88 114.92 204.41 283.07 1,427.99 1,382.56 355.71 324.81 917.62 2,823.60
INT078 33.48 360.00 -30.62 -291.91 14.71 -868.49 260.37 336.46 782.25 277.19 -25.74 3,449.28 1,692.21 305.91 212.24 991.19 299.21 1,775.75 1,163.65 383.77 268.13 1,100.92 4,074.37
INT079 1.64 360.00 -68.84 -524.62 799.00 50.57 -319.93 186.09 339.51 292.71 746.85 112.58 27.06 1,381.65 1,462.12 2,258.50 268.44 219.58 1,548.45 973.12 397.29 125.79 3,748.74 1,855.48
INT080 8.59 325.44 -296.97 51.63 799.01 33.55 173.65 193.36 313.54 308.01 289.42 251.75 -7.92 4,733.86 1,992.59 2,172.30 302.04 212.85 330.61 2,295.94 1,020.46 -44.95 -49.88 4,596.88 1,963.74 -1,045.64
INT081 -220.32 321.36 46.19 799.49 35.15 137.41 291.51 372.26 97.71 779.75 -214.89 4,462.66 2,123.90 376.43 218.36 259.59 1,436.02 948.10 384.97 315.24 770.14 4,406.70 1,659.98 -269.40
INT082 13.33 7.46 799.00 62.65 146.66 136.76 330.18 332.85 285.52 0.32 5,075.82 948.37 201.12 1,560.69 700.00 259.06 299.24 1,508.26 6,934.70 1,155.83 -573.18
INT083 1,011.82 239.01 177.64 -1.62 799.71 40.24 185.72 199.22 334.35 331.07 297.96 -439.69 4,866.15 800.49 245.50 322.79 1,622.49 25.85 304.73 254.49 2,710.66 3,679.62 1,427.39 -2,714.95
INT084 148.70 -1.93 61.53 191.35 -117.34 297.69 301.77 276.41 310.47 -392.62 4,599.98 341.67 300.14 209.58 305.94 1,101.53 700.00 1,033.79 1,535.91 2,774.68 -957.74
INT085 333.51 892.84 -24.26 169.49 330.21 363.92 315.01 5,645.93 966.06 784.59 -237.17 187.61 1,079.86 276.52 1,195.35 759.81 784.58 161.25 1,110.34 6,095.92 1,266.84 1,842.64 -252.04
INT086 309.27 314.96 340.96 -108.75 255.07 17.54 -79.64 316.12 337.00 303.03 318.24 4,417.84 783.92 217.39 189.90 771.17 321.50 1,280.38 700.00 298.79 1,352.94 1,021.36 1,251.56 -171.29
INT087 290.35 377.58 357.10 2.72 251.48 19.63 184.56 325.13 268.56 299.71 324.50 177.66 4,699.41 351.81 784.59 262.03 184.57 700.00 324.16 999.95 251.16 718.84 309.55 1,156.15 1,151.96 1,348.22 8.92
INT088 -1,166.98 255.94 -9.73 -34.52 -2,677.53 41.42 -167.07 262.63 84.65 282.21 169.42 789.99 254.57 5,215.47 263.05 88.77 295.76 305.12 -433.26 778.59 271.33 261.31 1,306.39 58.05 27.22 38.76
INT089 137.58 303.77 259.85 195.92 -203.32 -16.66 339.18 711.11 851.52 190.03 4,445.26 1,036.07 3,422.93 253.94 824.32 310.53 784.66 1,151.86 -429.72 2,456.30 274.61 4,914.29 1,014.74 157.59 -890.94
INT090 79.79 264.47 -1,845.75 281.96 207.48 7.70 156.26 325.97 287.74 360.80 765.90 -242.07 1,087.18 2,957.62 255.20 -513.82 782.91 284.64 776.07 1,098.41 -502.60 4,528.29 257.62 5,127.41 3,872.48 15.77 -226.58
INT091 -258.45 272.41 -28.49 114.27 73.06 -88.02 -15.69 267.01 -311.78 302.06 157.37 -438.04 400.97 1,050.63 256.71 249.83 322.38 783.85 751.46 -148.67 1,282.93 275.80 1,322.93 1,638.01 149.64 10,282.55 -52.85
INT092 -3,904.16 212.28 -1,606.58 98.45 112.82 -13.98 -3,062.84 -1,624.14 -2,692.33 262.33 389.98 -1,381.16 309.06 1,030.87 191.93 -1,663.40 281.94 784.73 -403.05 1,757.21 54.85 1,052.23 344.48 -5.95 4,673.91 -112.16
INT093 -669.31 -372.29 45.79 -935.87 0.00 93.76 277.54 770.09 833.60 12.92 4,554.05 862.34 95.31 -1,053.36 209.42 811.04 1,261.22 258.82 1,422.78 73.73 954.93 2,370.98 980.85
INT094 87.71 119.79 58.16 26.67 7.65 -53.03 745.00 259.42 950.76 370.50 751.28 724.46 324.30 134.58 3,719.07 326.80 789.89 218.07 -17.10 136.57 700.00 1,060.14 264.08 939.93 700.00 735.26 5,202.88 751.95
INT095 121.79 198.63 -35.37 26.80 -232.23 745.00 311.83 842.80 311.74 780.64 55.86 310.15 778.65 64.38 -260.57 739.26 204.23 742.48 994.18 1,426.51 294.56 947.81 1,313.74 733.78
INT096 -2,587.59 349.35 -1,614.01 -34.02 162.75 853.65 214.09 286.77 753.19 -0.62 750.70 -166.89 115.74 -1,499.21 207.69 174.73 974.32 266.35 48.06 1,111.79
Pret Final Unic din luna DECEMBRIE 2025
1/1