PDF PAGE 1
Data: 08.01.2026
lei/MWh
Interval/Data 01.10.2025 02.10.2025 03.10.2025 04.10.2025 05.10.2025 06.10.2025 07.10.2025 08.10.2025 09.10.2025 10.10.2025 11.10.2025 12.10.2025 13.10.2025 14.10.2025 15.10.2025 16.10.2025 17.10.2025 18.10.2025 19.10.2025 20.10.2025 21.10.2025 22.10.2025 23.10.2025 24.10.2025 25.10.2025 26.10.2025 27.10.2025 28.10.2025 29.10.2025 30.10.2025 31.10.2025
INT001 769.62 740.27 801.84 690.00 415.51 470.99 789.84 367.96 180.34 582.44 217.59
INT002 799.60 550.53 177.23 345.79 444.21 752.50 786.30
INT003 277.53 630.30 422.29 390.51 392.49 799.47 333.34 390.39 500.00 274.70
INT004 91.81 263.23 719.40 -177.05 343.97 233.76 255.55 -746.43 -150.84 119.63
INT005 700.00 1,577.50 512.68 581.61 700.00 169.83 79.73 436.45 758.94
INT006 149.50 152.17 1,397.10 703.67 207.28 591.93 23.04 382.45
INT007 112.80 794.50 423.79 178.14 181.01 391.86 69.17 250.44
INT008 774.00 162.29 312.45 35.02 128.91
INT009 94.25 796.04
INT010 420.84 157.51 148.61
INT011 122.49 909.16 174.09 117.30 71.86
INT012 132.01 467.18 346.76 777.57 153.32 450.84 335.26 406.62 158.45
INT013 327.72 509.20 667.42 476.45 316.63 181.07 91.53 372.73
INT014 475.00 750.00 245.75 153.12 153.16 164.16 -146.05
INT015 87.99 77.42 415.18 835.73 150.49 24.63 179.86 131.70 482.70
INT016 487.51 598.00 112.50 152.76 232.87 149.54 85.44 176.66
INT017 744.47 690.00 789.00 145.41
INT018 721.06 109.14 290.97 -1,215.50
INT019 646.97 669.00 196.80 170.78 152.78 406.20 390.77
INT020 135.75 724.17 181.42
INT021 550.00 610.32 665.00 175.68 177.30 549.00
INT022 224.07 407.93 168.80
INT023 194.68 179.21 457.93 342.01 650.00 311.30
INT024 649.78 799.97 729.25 124.26 761.65 598.29 392.66
INT025 191.21 245.28 481.69
INT026 440.51 369.57 521.00 2.34
INT027 328.56 642.54 3,603.34 753.41 240.77 212.98 439.32
INT028 518.24 742.27 450.27 676.00 402.47 790.84 727.00
INT029 350.40 185.05 3,060.38 162.35 -411.08 1,315.47
INT030 797.28 474.92 799.72 669.00 5,741.56 1,054.65 363.62
INT031 376.74 804.60 182.46 331.75 768.83 343.66 398.38 2,082.30 697.54
INT032 347.38 92.01 412.90 340.94 669.00 454.21 170.19 945.59
INT033 1,058.70 392.87 364.56 706.13 5,960.38
INT034 376.57 95.63 337.51 2,609.44
INT035 368.03 621.29 333.10 403.12 252.08 1,075.60 302.57 191.08
INT036 136.03 161.86 5,286.21 117.77 120.83 164.59
INT037 830.87 887.18 127.09 -101.98 231.02
INT038 343.68 342.50 1,215.99 121.84
INT039 346.45 110.35 216.89 3,685.73 221.62
INT040 216.81 883.65 118.57 215.03 324.38 753.05
INT041 364.76
INT042 220.88 1,208.84 251.26 676.58 533.66
INT043 222.56 233.10 1,384.87
INT044 3,144.97 180.25
INT045 150.57 3,033.08 -281.35
INT046 242.58
INT047 199.26 279.38
INT048 751.49 1,404.20
INT049 256.47 547.43 354.02 1,552.79
INT050 13,691.10 451.03 79.13 839.37 727.07
INT051 157.25 56.65
INT052 1,431.89 857.83 348.70 491.99 336.83
INT053 145.60 35.98 553.30 534.90
INT054 38.60 419.56 282.62
INT055 450.00 163.98 569.86 -167.06
INT056 456.23 177.09 591.79 391.66 516.35 410.78 522.00
INT057 211.78 67.50 710.43 495.00
INT058 445.49 294.50 34.64 798.25
INT059 246.42 832.65 507.17 272.34
INT060 250.37 19.03 1,881.14 49.20 503.40
INT061 42.95 812.85 318.90 53.17 316.60
INT062 396.18 706.66 797.24 457.95 203.93 358.47
INT063 647.64 399.08 157.33 949.46 382.33
INT064 270.25 586.53 815.30 385.38
INT065 168.79 898.84 1,012.18 316.48 569.10 1,001.15
INT066 350.17 659.82 266.09 706.23
INT067 633.19 897.84 443.49 771.48 694.92
INT068 1,553.20 740.07 253.91 762.04
INT069 878.34 635.00 621.19 682.26 235.20
INT070 987.47 494.83 347.84 424.56 1,518.84 342.43
INT071 626.12 434.43 337.24 293.08 356.25 1,494.61 396.96
INT072 1,891.24 765.30 1,860.54 371.37 808.87 792.23 4,386.88 799.16 456.53
INT073 410.93 613.20 77.95 311.74 457.33
INT074 393.92 423.80 707.60 388.17 1,225.61 1,457.91
INT075 144.57 667.56 583.77 161.00 444.46 1,551.61 799.64
INT076 885.35 825.41 1,392.65 1,455.73 473.30 866.48 267.71 452.61
INT077 226.43 799.22 1,928.18 524.36 301.56
INT078 542.71 1,163.13 1,669.27 340.85 3,957.94 1,067.37 2,407.09 452.81
INT079 348.25 -18.36 184.65 320.10 2,060.06 469.28
INT080 4.16 368.23 1,132.13 685.29
INT081 253.88 1,137.11 4,058.75 856.59 929.21 397.75
INT082 314.17 789.84 525.99 503.02 5,014.51 487.59 1,083.75
INT083 720.54 813.05 546.64 2,306.91 1,148.67 167.23 375.96
INT084 2,057.45 1,739.90 1,021.80 539.89
INT085 461.73 2,180.38 1,047.16 787.84 1,171.29
INT086 980.63 2,796.74 199.61 500.00 874.05 790.00
INT087 314.17 2,650.92 798.48 839.51 632.57 356.35 867.99 419.55 790.00
INT088 2,370.37 431.89 799.68 765.58 786.31 681.25 132.02 239.34 792.62
INT089 546.75 203.20 786.45 382.04 146.21 825.55 584.62
INT090 304.25 690.34 1,315.65 347.70 170.60 27.65 177.73 699.38 155.64
INT091 166.14 142.19 412.95 366.14 725.39 160.69 377.77
INT092 284.67 754.00 799.92 206.65 304.13 792.50 135.77
INT093 136.70 799.89 408.84 760.00 797.96 892.30 799.97 735.27 1,655.77 700.00
INT094 1,377.12 148.74 323.86
INT095 304.38 798.44 740.00 172.11 428.91 635.93
INT096 339.67 174.65 138.56
INT097
INT098
INT099
INT100
Pret final de deficit din luna Octombrie 2025
1/1