PDF PAGE 1
Data: 18.05.2026
lei/MWh
Interval/Data 01.03.2026 02.03.2026 03.03.2026 04.03.2026 05.03.2026 06.03.2026 07.03.2026 08.03.2026 09.03.2026 10.03.2026 11.03.2026 12.03.2026 13.03.2026 14.03.2026 15.03.2026 16.03.2026 17.03.2026 18.03.2026 19.03.2026 20.03.2026 21.03.2026 22.03.2026 23.03.2026 24.03.2026 25.03.2026 26.03.2026 27.03.2026 28.03.2026 29.03.2026 30.03.2026 31.03.2026
INT001 272.70 13.63 661.58 148.81 335.00
INT002 173.12 124.04 252.28 400.00 59.44 -247.91 -110.37
INT003 115.46 37.23 728.04 -222.50
INT004 327.86 890.05 109.37 116.98 602.59 27.11 27.43 419.22 -353.94
INT005 -26.43 13.70 288.37 697.89 820.95 -103.59 -216.58 172.15 754.04 339.47
INT006 -16.47 395.94 832.38 777.30 96.34 117.97 400.00
INT007 72.51 253.90 880.82 -372.77 73.91
INT008 646.09 254.73 801.61 -8.17 66.70 73.62
INT009 400.00 706.33 106.77 -37.33 48.83 295.82 790.37 60.35 50.48 237.17
INT010 52.89 56.82 -50.91
INT011 734.97 79.11 257.52 346.27 294.94 265.61
INT012 187.16 57.93 -240.04 -263.10 -9.54
INT013 645.59 272.93 725.99 745.75 54.28 -272.77 -207.29 51.94
INT014 92.28 885.48 125.09 132.79 -37.29 0.40 18.48
INT015 811.06 -26.59 127.23 763.94 766.08 271.31 -122.37 88.98
INT016 637.66 274.35 264.37 272.07 845.27 49.72 -554.59 302.51 75.14
INT017 602.18 210.29 255.71 319.33 400.00 92.75 796.55 96.57 -189.36 260.68
INT018 123.62 400.00 1,042.45 780.29 132.14 68.04 -231.69 124.23 756.37 65.74 -154.37 161.66 -181.95
INT019 139.80 812.68 674.16 119.08 112.02 99.91 0.71 664.92 783.00 -200.29
INT020 704.79 866.51 62.99 728.23 673.97 5.69 121.40 778.81 37.37 753.61 -152.71
INT021 734.69 -36.69 18.65 635.72 251.15 -237.53 965.91 120.15 375.94
INT022 400.00 148.56 925.63 -533.50 707.15
INT023 768.54 -544.64 813.57 718.65
INT024 620.52 904.13 84.30 -947.23 383.89 761.26 748.32
INT025 623.18 1,338.62 -973.80 2,804.01 258.94 266.69 199.79 91.68 -204.71
INT026 810.29 308.34 748.74 259.75 63.16 695.32 255.47
INT027 103.69 -189.62 258.23 113.23 10.52
INT028 94.65 720.49 96.36 129.82 -17.17 0.58
INT029 908.30 253.21 857.59 55.31 0.40 217.44 263.59
INT030 771.50 736.86 253.61 -7.43 -133.09
INT031 28.60 730.63 100.28 -82.87 253.12 0.10 462.12
INT032 -111.80 -534.12
INT033 -208.68 -771.21 475.22 -1,168.09 -937.47 -183.42 -352.91 -956.59
INT034 -328.25 -6,294.58 -103.05 -812.82 -962.96 -4,961.47
INT035 -302.47 -4,359.38 -76.94 -552.99 203.03
INT036 -3,377.44 -405.46 135.38
INT037 -606.60 -1,089.27 -40.97 -2,338.32 -646.53 -2,533.24 -358.87 -243.83 -306.86 189.11
INT038 -453.07 -3,230.48 -763.67 599.69 -1,669.57 436.71 -458.77
INT039 -330.88 -1,896.33 -1,162.15 -4,406.41 5.46 3.63 -1,944.64 -630.70 -344.43
INT040 -2,415.30 -1,150.97 -3,611.12 -3,897.32 -103.08 -2,384.60 -615.11
INT041 -1,368.37 -1,664.23 677.76 -1,657.97 -669.72 685.41 564.61
INT042 -439.28 -2,091.59 -1,029.79 -1,547.50 -1,271.21 385.39 -844.05 -8,624.65 139.33 0.30
INT043 -415.87 -1,203.28 -1,512.25 -4,836.12 17.97 -1,415.50 -4,758.57 -4,768.97 -988.38 -3,290.67
INT044 -1,542.58 -1,757.15 -1,203.37 -979.58 -298.98 13.68 -1,555.69 -4,480.03 -4,774.66 -729.23 -154.57 -65.00
INT045 -784.15 -3,458.60 -866.42 687.42 -1,479.54 -7.32 -1,513.93 -1,345.24 0.26 -586.71 588.60
INT046 -2,028.37 -6,657.79 -1,167.61 54.36 4.44 -1,426.98 0.48 -1,009.09 -318.76
INT047 -2,592.61 -5,661.40 -872.76 682.68 -1,361.14 -131.29 541.24 -456.42 -234.64
INT048 -2,513.71 -7,172.09 -1,303.93 462.07 -1,111.01 439.30 -107.68 -164.21 -432.09 -245.36 132.76
INT049 -2,062.95 -7,378.38 -1,368.51 -289.98 -1,255.43 0.45 19.22 -551.29 -237.69 -98.14 714.55
INT050 538.07 -2,108.31 -4,269.09 -1,650.19 -290.00 -3,647.13 -1,896.25 -3.23 51.23 -439.88 -258.90 251.00
INT051 -1,784.51 -2,260.21 -2,186.47 -1,567.64 -1,905.78 0.48 -413.31 -161.19 85.33
INT052 -1,763.13 -1,741.69 -2,862.45 -1,525.73 -239.12
INT053 273.15 -3,508.05 -1,044.71 -4,153.23 -4,267.65 -261.88 -298.13
INT054 -2,825.81 -993.11 -1,244.75 -4,297.03 -226.16 -261.96
INT055 -2,515.61 -319.55 -4,395.36 3.93
INT056 -1,805.47 -1,205.54 -6,557.66 0.37
INT057 -304.76 -1,593.34 -141.68 -1,110.76 1.36 -163.83
INT058 -1,885.95 -656.70 -149.03 -1,131.66 4.64 298.02
INT059 -114.23 -1,527.14 -152.32 -1,031.10 0.10 5.46
INT060 92.37 -1,747.43 -288.70 -106.00 0.12 34.72
INT061 -650.66 -144.06 -108.00 -755.93 8.45 -1,628.72
INT062 -1,471.77 -693.46 0.10 -652.57 0.10 6.91 -265.94
INT063 -189.53 -655.48 -164.28 -806.05 -111.25 552.32 -163.64 21.08 4.02
INT064 -616.76 -164.95 224.17 0.00 10.42 9.64
INT065 -164.81 -174.01 -5,170.60 12.21 -426.57 287.05
INT066 -164.00 -164.91 0.10 -455.96 6.21 0.51 -737.02 256.59 371.24
INT067 -9,198.13 2.69 1.61 0.10 -827.01 282.94 196.73
INT068 -9,674.68 8.51 -4,785.73 -114.23 261.00
INT069 -823.81 -7,262.79 -163.70 76.24 0.11 2.64 -464.91
INT070 47.78 0.10 924.21 221.81 0.10 9.29 -212.53 -249.11
INT071 312.31 350.36 776.10 0.95 -334.23 -143.20
INT072 767.53 1,011.50 0.40 37.73 345.83 10.70 766.57 16.46 -221.46 -161.30
INT073 1,003.11 400.00 269.43 125.83
INT074 400.00 800.93 257.81 894.68 283.85 697.30 -360.05
INT075 231.89 253.54 400.00 632.91 281.45 22.77
INT076 1,029.58 683.99 756.12 778.15 17.89
INT077 257.68 400.00 500.00 229.54 252.30
INT078 281.84 400.00 384.05 400.00 600.00 331.83 500.00 -159.35 -106.01
INT079 62.10 382.13 324.14 1,067.37 1,009.47 -50.37 500.00 19.87 400.00 324.69
INT080 646.73 95.79 158.26 264.49 296.45 1,096.05 139.29 685.92 -25.03 927.95 500.00 -74.88 362.93 791.07
INT081 500.00 251.75 270.26 85.95 381.05 78.15 224.74 -289.06 -1,130.62 258.38 500.00 -177.67 744.99 353.27
INT082 261.11 400.00 301.14 172.75 697.24 -299.30 -1,675.49 500.00 400.00 657.38 929.21
INT083 442.88 76.11 708.79 127.07 261.44 743.39 -134.39 -4,199.48 500.00 -173.41 818.45 401.00
INT084 434.65 237.53 791.40 500.00 -107.05 401.00
INT085 420.93 227.31 172.60 87.13 816.74 17.22 -58.33 252.07
INT086 742.78 -108.72 138.85 936.57 253.34 761.56 95.35 496.40 19.63 392.35 401.00
INT087 402.00 -13.91 347.88 75.36 333.34 119.04 285.63 904.47 -55.49 401.00
INT088 -7.76 125.86 118.74 500.00 -23.11 -119.32 194.45 49.84
INT089 -47.96 138.40 1,037.12 254.82 670.25 1,739.54 -163.39 751.46
INT090 256.41 36.94 793.03 802.73 138.58 97.07 0.50 652.25 273.17 255.45
INT091 97.06 784.52 0.50 715.51
INT092 27.64 47.95 -14.90 107.66 0.50
INT093 98.74 -67.38 -136.40 5.05 -145.80 234.13
INT094 103.48 11.83 836.56 3.35 400.00 43.63 323.55
INT095 18.04 798.11 0.20 257.10 400.00
INT096 4.34 -6.12 -39.47
Pret final de excedent din luna Martie 2026
1/1