PDF PAGE 1
Data: 15.05.2025
MWh
Interval/Data 01.03.2025 02.03.2025 03.03.2025 04.03.2025 05.03.2025 06.03.2025 07.03.2025 08.03.2025 09.03.2025 10.03.2025 11.03.2025 12.03.2025 13.03.2025 14.03.2025 15.03.2025 16.03.2025 17.03.2025 18.03.2025 19.03.2025 20.03.2025 21.03.2025 22.03.2025 23.03.2025 24.03.2025 25.03.2025 26.03.2025 27.03.2025 28.03.2025 29.03.2025 30.03.2025 31.03.2025
INT001 -27.538 -57.987 -30.234 -44.030 0.339 -15.428 -7.325 -23.329 -44.394 -9.281 4.160 47.966 -44.396 10.569 -6.865 21.820 -24.467 9.075 -8.380 -1.640 6.334 6.338 -17.320 30.589 21.038 14.366 42.732 -31.514 7.279 -30.911 -14.336
INT002 -46.947 -52.484 1.368 -41.695 3.304 15.295 1.780 -9.991 -42.153 -5.770 -3.732 43.982 -59.703 28.239 0.071 21.362 -17.478 27.167 -16.941 17.098 22.633 1.076 -16.193 14.981 26.214 32.234 21.193 -10.496 9.530 -41.674 -10.828
INT003 -34.691 -66.339 33.679 -37.345 -11.299 15.105 4.635 -8.926 -33.707 0.339 -11.022 51.738 -57.662 9.488 -11.701 18.579 -3.005 38.958 -12.604 6.333 15.988 -2.207 6.784 -9.333 21.511 20.460 49.772 7.245 -9.269 -39.334 -6.566
INT004 -10.999 -51.035 51.585 -18.097 -14.314 37.493 1.825 -6.342 -13.220 1.797 -13.590 29.074 -42.982 14.348 -22.075 15.115 4.637 23.491 -26.248 27.693 14.405 -2.225 15.109 -9.439 38.208 21.044 55.198 35.353 12.827 -51.181 2.353
INT005 -34.651 -81.751 36.243 -50.922 -32.887 45.298 -22.565 -15.061 -46.383 -4.838 5.383 31.652 -26.122 38.738 -57.135 2.366 1.165 2.156 -20.245 30.005 3.829 -18.240 -2.543 5.081 26.939 10.181 38.322 -7.658 -32.465 -27.879 0.301
INT006 -49.844 -65.983 38.942 -50.689 -34.820 42.021 -30.657 -7.110 -49.464 6.058 -25.264 23.690 -34.442 61.183 -93.558 -8.707 18.778 -5.217 -11.027 40.712 -8.076 -13.539 11.137 5.087 33.667 14.889 59.202 -2.299 -50.226 -40.321 3.955
INT007 -48.066 -59.554 29.060 -54.143 -29.467 26.404 -9.855 4.357 -28.831 10.594 -30.201 7.865 -29.305 71.151 -95.019 11.801 23.129 -0.244 2.353 30.116 -5.829 -7.721 11.900 3.386 30.434 21.051 63.094 7.628 -48.223 -28.402 4.980
INT008 -34.690 -63.800 21.799 -57.598 -17.322 28.669 -15.994 1.111 -25.893 -1.057 -6.001 -10.453 -23.090 59.191 -86.554 12.810 25.545 -8.902 -13.168 20.020 4.499 -10.074 2.598 -17.425 27.436 23.431 68.475 38.171 -32.124 -26.599 19.609
INT009 -44.500 -57.017 -14.685 -65.540 -11.301 24.787 -35.679 8.545 -29.115 -12.284 24.473 10.578 -32.496 56.487 -69.351 7.636 13.423 -34.420 -7.535 14.511 9.705 -27.074 14.393 5.497 21.842 33.410 48.379 38.728 -12.602 -21.168 -3.284
INT010 -43.503 -39.584 -23.191 -61.154 -15.958 23.391 -28.977 -8.680 -26.330 -1.191 32.919 10.813 -18.950 59.872 -64.994 -1.264 14.768 -34.767 3.158 16.285 -1.483 -32.719 3.743 -8.420 44.098 45.299 41.834 57.865 -14.957 -30.848 -5.403
INT011 -44.954 -43.797 -30.870 -69.186 -28.252 23.328 -27.967 -11.769 -16.002 -3.440 7.697 -4.958 -7.800 87.442 -44.575 -25.039 4.230 -21.704 7.454 0.948 1.462 -32.704 9.809 -30.397 40.268 65.194 49.242 72.762 -2.814 -26.474 -8.800
INT012 -45.715 -41.951 -23.109 -50.389 -36.911 18.127 -24.424 -4.851 -18.587 -3.022 -0.152 -6.425 28.420 87.915 -43.275 -6.613 -3.236 -14.407 1.589 -1.257 6.317 -20.178 -2.136 -45.394 34.855 74.478 25.143 74.726 -25.994 -22.719 5.457
INT013 -35.178 -26.899 -22.666 -61.993 -39.970 46.239 -21.047 -31.092 -24.000 4.976 3.720 -1.275 -22.584 52.526 -58.621 33.875 -16.059 -5.525 -20.285 -14.967 11.527 -10.651 -7.101 -30.397 44.325 74.540 23.979 53.801 -35.333 -8.626 -0.934
INT014 -44.154 -24.649 -11.099 -60.325 -56.921 31.307 -29.449 -12.325 -22.879 2.804 25.776 9.622 -32.505 18.497 -63.324 35.796 -14.704 -9.517 -22.248 -28.501 1.993 -20.152 -3.537 -53.389 48.778 63.054 12.100 52.373 -43.088 -27.183 4.115
INT015 -23.275 -19.956 -14.067 -83.746 -59.140 29.660 -30.526 -8.375 5.404 3.528 17.652 0.114 -14.776 -18.439 -71.990 39.399 -12.838 -19.462 -5.665 -15.255 1.070 -25.639 -4.107 -77.343 62.393 52.750 4.027 59.779 -36.058 -18.536 2.998
INT016 -35.561 -6.868 -17.369 -71.894 -67.496 28.696 -23.463 -13.543 9.408 -5.467 8.026 3.894 -33.321 -19.172 -46.469 50.253 -22.353 -17.718 0.947 -14.974 -6.393 -17.905 -4.266 -93.643 56.827 52.405 24.068 55.041 -4.828 -22.711 12.941
INT017 -33.020 12.154 -19.882 -83.482 -49.807 16.409 -27.335 -9.339 4.611 -11.393 24.433 20.434 -18.120 -41.815 -42.215 34.540 -7.234 -3.234 -11.665 19.685 -9.356 -1.844 -11.412 -46.032 42.049 74.400 12.471 90.700 35.413 -11.071 8.114
INT018 -31.902 20.119 -9.634 -86.104 -57.583 -0.294 -24.034 -5.607 -2.216 -4.844 34.270 19.237 10.467 -73.591 -41.201 36.728 5.210 -19.464 -2.169 2.591 0.474 -10.058 -18.907 -45.591 29.914 71.776 23.631 76.854 45.598 -23.545 -0.786
INT019 -18.150 13.474 -4.737 -94.963 -58.248 -10.231 -45.364 -7.476 -4.935 -7.840 19.311 -27.551 38.999 -87.891 -25.505 48.134 4.032 -29.746 4.943 -3.270 -7.838 -21.434 -15.708 -62.888 12.062 59.759 -0.158 81.981 26.910 -20.627 8.517
INT020 -27.557 -4.702 -7.059 -96.252 -74.139 5.666 -42.771 2.179 1.567 -23.438 1.264 -43.843 34.951 -120.965 -23.935 34.892 -9.901 -22.618 1.510 -19.841 -1.580 -27.900 -14.407 -56.629 9.806 41.361 -0.026 75.270 20.773 -15.803 -0.576
INT021 -24.009 -6.717 13.931 -86.469 -64.984 8.155 -34.732 7.767 3.775 -13.440 -2.771 -3.200 42.748 -51.389 -8.915 13.549 4.870 -6.019 -3.709 12.950 -10.538 -25.684 -5.327 2.517 20.325 41.712 13.416 61.391 21.985 -2.900 12.348
INT022 -17.450 -18.684 -0.692 -93.081 -71.177 3.768 -26.663 -12.360 -1.300 -7.126 8.176 28.434 55.416 -23.457 -28.865 19.269 27.178 -12.498 -13.026 4.449 -7.553 -9.194 1.937 7.666 17.756 28.468 20.126 49.057 5.062 -25.596 4.047
INT023 -4.146 -16.959 -20.579 -88.630 -81.743 -16.218 -27.469 -17.538 0.123 -16.222 -4.255 32.976 61.978 14.019 -29.897 15.448 6.215 -24.177 -11.512 -2.275 1.879 -4.715 -0.785 14.472 1.596 15.715 26.103 54.642 -10.679 -24.573 12.687
INT024 -3.904 -12.486 -45.919 -84.866 -111.290 -30.101 -32.491 -7.897 17.783 -32.292 -26.344 40.807 64.244 38.478 -30.535 19.438 -8.907 -37.464 -10.911 2.758 -4.287 -7.003 1.765 16.811 -15.389 40.344 14.774 48.746 -18.481 -17.559 4.832
INT025 -26.069 -2.392 14.648 -45.882 -44.534 29.366 11.872 -34.239 18.433 11.374 -8.576 81.759 73.173 82.961 -38.207 35.318 43.605 7.655 28.353 10.094 14.292 -14.243 -4.055 28.511 14.824 54.239 49.158 70.109 -28.499 -25.632 33.458
INT026 -20.968 -23.756 -46.647 -84.625 -70.822 -11.765 -23.770 -23.680 17.535 -10.087 -5.902 54.098 64.692 78.998 -34.564 50.232 31.889 -1.871 19.417 2.502 7.231 -10.523 1.058 28.244 3.224 52.803 42.285 56.402 -57.401 -30.028 9.993
INT027 -18.014 4.834 -60.169 -99.901 -95.150 -39.138 -30.216 -6.433 28.572 -18.155 -2.439 17.205 55.011 67.938 -10.165 60.886 7.691 -23.289 23.167 3.534 4.157 24.123 3.522 17.618 -12.759 38.802 45.979 37.959 -62.249 -35.590 1.420
INT028 -8.829 23.089 -85.312 -132.541 -113.395 -68.963 -50.338 3.461 30.740 -37.750 -37.451 -48.238 48.887 62.839 7.975 65.861 -19.806 -64.761 6.245 13.263 -15.265 30.215 4.217 -5.124 -18.607 24.870 12.579 19.732 -70.541 -36.432 -23.060
INT029 3.384 18.647 -4.875 -85.722 -50.768 -11.998 -30.900 -2.388 -9.849 -6.213 -1.857 11.246 73.569 86.091 -18.967 51.196 34.364 -11.148 16.441 28.724 -40.985 -39.557 -31.581 33.150 31.780 51.610 45.851 47.876 -78.130 -17.446 22.905
INT030 6.348 16.355 -36.681 -114.224 -35.674 -34.829 -9.263 0.101 6.759 -30.263 -24.857 -20.186 33.755 102.823 0.748 62.335 14.348 -37.916 7.206 44.530 -14.814 0.978 -43.339 -4.199 26.759 44.246 0.568 6.258 -82.727 -26.000 -2.877
INT031 -18.558 18.558 -39.810 -76.749 -16.615 8.636 7.943 46.416 31.903 -16.922 -17.280 -29.623 48.059 73.863 19.700 58.263 -7.624 -41.599 18.903 71.840 15.266 30.988 -24.868 -28.084 28.327 47.030 -15.181 19.973 -100.021 -21.238 3.142
INT032 -37.022 18.404 -19.925 -47.992 -3.562 38.794 37.698 57.227 39.612 -3.661 -22.166 -59.870 29.874 66.715 20.936 31.996 -20.419 -33.122 37.636 85.710 43.831 36.498 -14.905 -39.170 49.383 65.224 -24.248 24.299 -142.128 -22.851 -10.683
INT033 -11.619 15.450 -2.685 -77.732 -38.269 -2.569 -17.631 -21.930 -16.362 -54.322 -69.839 -26.614 4.339 50.830 28.353 19.719 28.407 -39.451 -15.158 78.172 5.553 -30.259 -80.718 -34.819 46.367 82.528 9.370 -0.368 -61.239 -43.100 -15.656
INT034 -26.406 5.536 9.002 -60.157 12.495 20.073 13.506 -30.202 -10.254 -68.914 -61.248 -15.540 -27.624 32.676 38.155 21.135 15.418 -44.576 -33.408 84.589 29.118 -19.373 -48.959 -27.649 79.357 94.260 15.727 -42.089 -70.727 -57.649 -27.757
INT035 -49.203 -0.045 14.266 -7.758 37.251 44.202 34.822 -12.255 -3.939 -56.086 -43.315 20.200 -23.567 13.581 29.246 8.382 -3.975 -20.522 -24.232 90.804 64.045 0.966 -9.779 -33.394 92.032 113.691 -12.636 -61.759 -95.672 -63.538 -8.862
INT036 -75.250 19.665 47.388 12.449 31.725 45.396 28.889 4.068 22.518 -38.847 -25.299 38.459 -12.066 -1.061 12.052 -18.454 -5.777 16.886 -9.878 134.857 83.301 17.093 -3.885 -23.408 103.533 113.967 9.705 -81.977 -100.066 -70.078 -15.064
INT037 -109.090 -5.715 21.563 -28.188 -22.012 -12.987 -6.167 -66.198 -23.616 -106.557 -73.752 47.458 -52.188 -44.916 -72.899 -33.075 0.692 -14.919 -97.959 105.767 43.916 -13.240 -69.034 -7.233 98.454 114.643 9.007 -123.715 -63.720 -98.580 -57.836
INT038 -112.848 -11.823 24.846 4.347 9.649 10.160 29.430 -36.127 -9.321 -71.829 -57.496 59.305 -43.120 -59.007 -90.077 -26.797 -15.700 -0.403 -78.969 121.312 62.161 5.627 -52.254 -12.241 112.776 89.549 13.796 -141.153 -64.451 -105.510 -62.444
INT039 -121.007 -6.603 16.548 13.315 20.771 19.347 50.123 -31.891 5.215 -60.766 -35.313 90.456 -0.331 -60.724 -110.433 -33.153 -14.210 4.483 -17.897 143.382 81.952 42.664 -6.756 0.693 138.753 83.956 -6.923 -115.883 -80.875 -96.221 -43.708
INT040 -114.185 7.929 34.220 32.027 27.704 21.876 78.181 -34.015 30.767 -9.244 -8.746 105.538 24.817 -57.340 -132.097 -22.762 13.959 20.976 14.803 158.378 82.291 38.437 19.995 27.095 173.142 100.691 -1.658 -113.840 -62.713 -84.458 -27.336
INT041 -111.413 -33.565 -17.913 2.766 -62.417 -69.866 23.727 -55.015 -4.902 -42.761 -33.636 55.171 -38.423 -109.148 -173.009 -63.076 -20.696 -38.352 -52.347 58.021 21.063 40.051 -15.169 48.370 82.715 56.735 -32.830 -113.655 -79.851 -104.381 -52.473
INT042 -93.780 4.200 -13.902 -6.219 -31.797 -27.501 13.390 -28.453 40.168 -37.771 -36.672 55.894 -0.898 -91.143 -169.607 -41.050 -21.318 -25.330 -21.397 87.217 43.863 31.573 14.257 39.991 73.314 88.977 -3.443 -87.894 -92.450 -109.377 -36.081
INT043 -69.507 32.618 6.539 18.491 -15.077 -32.032 29.695 -10.150 58.286 3.048 -13.861 69.869 16.904 -73.011 -142.533 -16.485 -12.660 20.032 8.601 111.060 61.074 51.774 28.607 47.895 105.564 89.261 29.599 -80.181 -77.394 -95.956 10.022
INT044 -55.243 51.852 -8.869 38.260 17.812 1.372 55.898 -11.406 84.448 26.204 -0.001 65.194 41.805 -51.489 -167.013 -6.177 10.919 25.389 33.089 104.418 80.822 62.056 10.968 53.337 97.130 96.048 25.813 -69.120 -88.265 -65.560 31.733
INT045 -7.267 13.076 -55.506 -15.605 -25.927 -41.711 11.498 -55.961 31.794 -49.910 0.971 12.378 7.578 -49.721 -223.164 -19.537 -11.418 -17.482 7.552 59.039 23.031 42.684 -28.220 37.715 20.743 46.406 8.470 -84.952 -87.668 -47.832 21.766
INT046 11.084 20.267 -58.286 -42.293 -12.831 -18.818 6.196 -27.310 40.482 -19.366 9.901 31.665 46.665 -6.240 -244.888 -18.586 -10.906 7.225 37.327 63.274 20.557 31.885 -37.165 40.494 22.180 50.633 22.105 -81.891 -106.359 -39.001 29.230
INT047 1.663 25.185 -20.979 -5.811 7.136 -9.507 -1.653 -3.798 58.254 8.701 -6.969 22.133 56.618 17.952 -244.238 4.307 -5.192 39.269 35.646 37.311 35.450 37.169 -44.883 34.309 51.970 49.959 27.123 -81.543 -109.009 1.412 18.815
INT048 -2.248 22.228 -52.652 32.472 16.441 18.112 15.642 9.476 70.467 8.571 0.156 43.487 105.546 27.865 -233.060 2.219 -15.376 49.595 55.975 50.053 42.684 15.038 -34.144 32.487 44.975 49.642 54.685 -70.548 -102.911 29.443 44.925
INT049 16.210 -10.745 -79.726 6.001 40.542 -6.927 -25.597 -10.446 45.548 -19.882 -32.665 10.967 98.317 34.284 -221.350 -16.412 -39.510 40.006 29.361 16.958 44.945 -27.980 -43.463 66.336 5.274 26.865 0.477 -37.001 -119.339 38.470 21.837
INT050 3.404 -14.111 -98.015 28.713 35.566 -2.624 8.910 14.512 53.338 -7.852 -53.654 -1.852 98.188 25.735 -197.544 -0.277 -47.435 52.653 29.247 23.050 47.698 -20.001 -47.422 58.932 -9.670 7.274 -3.929 -12.870 -120.320 10.617 30.667
INT051 -10.975 6.937 -113.104 17.113 36.961 10.441 0.309 18.976 45.426 -2.279 -59.337 22.879 118.820 6.751 -172.351 14.947 -37.043 29.145 41.794 42.539 65.896 -23.466 -37.615 49.789 -32.479 19.410 -24.970 -3.173 -124.766 6.798 25.614
INT052 -11.634 4.612 -107.979 11.803 42.738 5.339 19.781 18.898 44.176 0.075 -78.395 17.427 114.283 -8.476 -162.860 4.246 -39.429 19.013 42.839 44.563 64.732 -26.811 -35.558 45.134 -25.283 -1.977 -4.730 19.774 -90.706 17.489 38.183
INT053 -47.740 -11.067 -114.566 40.282 68.434 7.551 33.298 24.953 23.249 -7.579 -93.750 13.134 81.759 10.057 -160.058 -2.149 -80.124 7.669 25.811 45.654 57.848 -15.217 -24.931 62.235 -8.852 37.962 -29.856 83.313 -88.561 6.415 25.123
INT054 -58.079 -29.703 -93.169 41.371 51.510 6.782 31.638 21.709 10.718 -42.775 -120.051 -4.095 60.753 -0.474 -150.461 2.171 -85.118 21.543 20.476 35.607 49.413 -8.389 -21.932 44.147 -14.139 23.052 -55.147 67.113 -103.571 -8.846 12.080
INT055 -48.557 -5.001 -93.063 42.905 47.843 4.668 29.311 13.054 -12.482 -53.930 -136.810 -17.451 34.520 -28.223 -139.553 15.250 -63.763 10.781 25.950 26.788 56.689 -7.830 -22.915 38.661 -40.438 -5.185 -76.464 57.894 -104.793 -2.094 2.349
INT056 -52.413 2.244 -105.976 26.677 42.304 11.409 26.070 7.417 -15.147 -68.573 -112.539 16.167 21.548 -51.430 -128.375 5.862 -70.944 -6.951 -12.820 35.552 40.718 -20.590 -33.061 23.486 -38.592 -14.066 -66.722 48.484 -104.684 -3.022 21.345
INT057 -25.314 -13.672 -59.914 46.856 23.544 30.923 54.834 18.621 47.941 -70.053 -104.679 46.529 21.956 -16.879 -83.953 -7.454 -77.388 22.069 2.967 58.456 55.524 2.029 -0.975 33.311 38.520 -14.629 -49.021 38.578 -90.245 14.821 -3.892
INT058 -7.691 -22.145 -52.867 18.181 20.826 21.056 32.886 18.670 41.960 -93.874 -103.358 36.719 -33.357 -58.633 -85.942 -4.558 -68.596 14.079 -9.972 47.548 79.240 -11.056 -5.475 13.849 30.830 -35.842 -48.371 21.062 -92.543 -5.897 -1.703
INT059 7.580 -31.743 -63.038 18.147 8.914 10.551 27.539 13.882 34.945 -106.863 -70.989 38.121 -45.777 -81.276 -89.010 -8.827 -47.165 -16.655 -19.011 39.198 58.532 -2.649 -18.846 18.566 -5.006 -50.893 -62.875 31.009 -90.121 -13.288 -1.581
INT060 8.883 -30.398 -47.755 -5.061 12.360 20.471 27.656 5.525 -2.256 -108.297 -46.324 12.312 -27.864 -84.022 -113.416 -35.043 -36.318 -51.427 -43.252 24.805 55.514 -25.122 -30.397 18.533 -24.437 -66.091 -58.196 29.538 -92.901 -22.318 33.211
INT061 13.783 3.258 35.474 15.544 21.208 34.891 36.171 -6.852 6.898 -35.187 -17.176 50.793 14.953 -33.760 -120.418 25.591 -56.933 10.389 17.760 68.067 88.996 11.995 -7.519 9.823 39.698 -41.918 -45.603 18.573 -74.114 15.397 78.519
INT062 22.023 10.087 33.932 11.451 21.580 23.824 29.701 -23.694 -20.912 -28.522 -16.147 25.842 16.691 -24.667 -129.823 9.864 -60.228 -19.941 15.465 55.830 81.719 3.452 -9.971 -0.904 23.379 -33.616 -49.428 4.728 -69.407 -11.932 63.699
INT063 25.201 -26.567 41.496 -5.377 -4.517 10.280 5.133 -47.379 -51.551 -70.801 -28.646 17.539 -32.917 -35.892 -129.610 -18.070 -87.841 -31.259 0.528 37.595 66.749 -1.453 -27.519 -2.685 -2.508 -45.769 -52.963 -10.237 -77.160 -30.425 69.753
INT064 15.057 -22.388 33.024 -35.279 -9.957 -11.932 -15.709 -81.057 -64.901 -102.333 -58.588 -6.254 -36.021 -38.634 -124.453 -30.819 -98.233 -41.243 -26.128 32.378 48.078 -15.638 -37.937 -27.449 -15.099 -44.053 -34.819 -23.609 -86.281 -31.759 59.372
INT065 25.619 37.137 81.558 41.291 84.248 83.020 43.820 -31.963 9.194 12.839 -37.098 44.456 39.852 19.566 -30.706 23.502 -81.763 38.941 79.843 80.887 136.746 28.802 11.280 -34.552 23.530 -27.797 -21.095 -0.485 -33.308 14.935 109.151
INT066 0.672 11.033 38.599 8.360 62.642 54.323 10.723 -47.786 -16.532 -7.975 -49.484 23.481 13.662 17.969 -29.341 5.772 -76.143 9.431 94.666 52.013 114.909 12.526 15.046 -54.624 15.558 -15.824 -9.941 -11.411 -36.999 2.620 86.802
INT067 6.627 -21.356 -4.113 -29.886 13.096 2.112 -12.462 -62.413 -55.776 -47.836 -45.342 -10.863 -38.964 10.268 -29.364 -26.429 -105.738 -25.218 53.575 29.617 63.139 -1.167 8.109 -60.852 -23.420 -33.828 30.136 -42.082 -53.586 -21.899 87.649
INT068 -1.064 -65.211 -19.129 -44.056 -9.348 -31.992 -53.021 -95.565 -71.801 -76.724 -45.147 -27.431 -36.034 23.444 -29.509 -49.230 -102.177 -48.345 0.759 -18.086 34.442 -14.363 -10.060 -91.946 -24.704 -8.885 41.587 -50.756 -57.687 -25.179 82.288
INT069 37.836 23.744 32.632 32.955 100.236 97.051 48.041 29.958 59.307 34.507 -39.555 45.816 30.251 39.999 41.167 -1.359 -67.684 65.791 100.492 73.522 108.063 55.704 35.651 -56.700 32.649 69.430 74.547 -8.888 -24.657 31.190 95.336
INT070 24.264 6.325 2.907 10.456 54.517 65.645 12.784 30.095 35.064 48.704 -39.052 17.339 33.169 38.044 67.485 -31.821 -38.588 23.127 81.269 43.855 85.076 43.871 20.045 -52.138 39.855 54.702 75.013 10.233 -39.926 32.336 92.639
INT071 12.084 -9.838 -38.462 -17.384 26.860 32.698 -28.836 8.620 2.809 40.313 -33.354 21.481 9.039 42.305 53.400 -61.523 -37.867 -14.140 26.612 34.205 75.483 14.802 -11.187 -41.078 28.439 50.368 81.100 11.953 -46.660 12.777 87.817
INT072 -15.789 -34.242 -84.587 -48.247 -1.954 6.414 -68.160 -24.790 -32.834 18.708 -31.378 -5.018 -13.728 5.141 47.790 -58.516 -58.871 -74.578 -39.753 -18.472 38.621 -16.982 -57.724 -49.260 28.230 27.378 51.300 -8.894 -54.668 1.287 76.868
INT073 28.593 19.908 -17.070 11.201 49.815 114.702 20.287 81.612 96.054 78.766 32.482 31.976 41.510 43.050 80.722 -19.341 -38.400 -29.078 62.410 61.184 93.027 14.058 -6.851 2.712 107.059 86.893 67.168 47.906 2.289 27.536 105.858
INT074 15.287 21.893 -33.672 2.855 51.041 86.891 0.224 38.096 70.344 83.383 50.169 18.032 30.092 41.298 57.419 -30.881 -24.867 -53.755 46.571 41.698 87.722 -3.070 -35.596 -20.824 93.135 60.766 63.726 55.559 -0.944 20.670 79.892
INT075 -6.696 15.598 -66.332 -37.007 16.728 20.388 -18.751 1.981 23.763 29.660 11.530 -6.629 -4.826 34.134 46.049 -60.998 -28.433 -83.312 17.838 9.881 87.305 -0.072 -66.303 -19.574 90.259 40.997 53.390 36.163 -0.844 -6.617 54.203
INT076 -27.813 -2.699 -72.492 -32.978 20.272 -20.468 -47.437 -25.222 -23.425 7.557 -3.539 -18.507 -13.476 28.289 27.986 -81.667 -40.461 -95.505 -33.752 -48.794 49.969 -46.964 -105.326 -47.001 58.322 5.973 36.553 16.744 -5.507 -28.590 41.629
INT077 2.646 17.192 -36.941 -31.943 27.592 32.473 -13.925 23.878 41.948 -5.132 3.318 13.745 59.283 42.379 14.260 -26.203 4.440 11.420 5.971 -13.486 44.462 -6.733 -88.211 3.279 101.436 32.376 49.704 41.404 21.398 -42.182 66.498
INT078 -8.002 8.315 -45.712 -37.776 38.632 26.017 -19.862 33.977 46.888 11.822 -3.073 31.328 62.475 46.584 -1.254 -16.719 2.206 24.266 10.832 -2.244 65.218 -28.339 -110.528 -0.444 94.018 21.098 44.813 37.025 29.962 -47.894 59.811
INT079 -34.520 18.682 -57.839 -47.306 40.437 15.058 -11.990 26.471 16.067 -3.771 -10.835 49.271 45.270 46.218 -23.502 -6.745 10.868 15.058 -10.736 -23.294 44.353 -12.746 -128.570 -10.077 98.484 30.063 62.533 19.259 4.859 -46.685 34.368
INT080 -39.630 -4.851 -55.152 -38.061 65.151 13.098 -21.285 18.169 16.783 -7.800 7.568 69.576 29.901 14.862 -38.002 9.824 15.867 35.327 -14.023 -36.018 57.368 4.004 -121.082 -6.109 73.708 46.353 61.374 14.695 -8.944 -39.096 7.110
INT081 -46.039 -24.835 -70.381 -44.607 20.423 8.878 -42.025 -6.942 -0.640 -19.692 16.083 34.213 -35.769 3.991 -35.714 28.539 -89.988 56.403 -19.145 -42.999 27.650 15.434 -56.982 -13.602 67.579 49.206 81.318 -14.699 -13.196 -54.378 37.689
INT082 -60.558 -44.198 -66.465 -32.017 48.046 18.971 -47.872 0.650 -3.320 -13.283 30.876 32.156 -97.056 9.144 -21.890 32.005 -88.007 61.287 -19.619 -21.902 22.039 4.043 -44.188 -0.740 77.890 45.196 65.272 -25.326 -24.270 -47.388 31.253
INT083 -52.428 -39.666 -54.185 -28.218 36.284 29.592 -26.359 -17.608 -33.351 -20.755 8.666 21.412 -139.923 7.319 -13.948 48.591 -79.588 69.949 -31.313 -31.021 23.400 -0.253 -45.710 1.209 91.405 33.114 62.259 -47.361 -32.783 -38.087 16.607
INT084 -37.953 -45.097 -72.131 -13.093 56.193 38.817 2.853 -15.204 -30.623 -13.475 10.178 25.379 -174.464 20.060 1.571 57.484 -51.346 66.118 -1.742 -12.120 19.405 -8.519 -37.804 4.414 81.966 28.729 55.888 -44.321 -27.004 -31.835 31.228
INT085 -49.817 -68.674 -97.990 -46.617 -19.255 3.970 -20.795 -31.094 -23.419 -51.936 -30.419 -35.763 -238.002 -33.980 13.993 18.662 -36.749 29.771 -23.667 -20.516 -12.865 -24.406 -52.903 -30.729 43.089 10.496 12.185 -42.961 -46.068 -52.106 16.905
INT086 -34.561 -59.338 -83.235 -37.088 -9.536 26.894 -7.271 -23.615 -17.499 -32.536 -22.374 -14.745 -244.670 -25.088 11.914 9.715 -20.821 43.602 -11.223 0.223 -6.168 -14.729 -50.847 -15.661 62.796 39.578 5.590 -18.209 -34.205 -58.652 34.307
INT087 -37.301 -43.204 -79.662 -29.888 0.272 30.009 -5.726 -10.356 -18.617 -10.256 3.496 -14.701 -215.315 -23.410 10.979 3.394 -17.191 53.685 3.436 2.083 -1.998 -23.077 -42.730 -16.363 56.410 49.869 -16.756 3.585 -42.475 -40.863 49.035
INT088 -20.060 -45.418 -53.249 -12.139 8.249 30.911 15.761 0.153 -10.787 33.669 27.210 8.001 -168.742 -5.458 26.963 -13.857 -24.582 44.282 24.075 16.677 12.728 14.665 -36.862 2.349 73.142 68.863 6.225 30.427 -7.396 -19.419 71.362
INT089 -28.875 -68.535 -91.839 -46.812 -27.520 -7.594 -33.427 -47.261 -31.812 -27.602 -14.395 -80.184 -137.677 -49.400 -2.309 -69.656 -92.735 0.432 25.789 -9.437 -27.361 -29.349 -59.180 -9.516 26.770 9.396 -48.321 12.901 -43.836 -63.059 -1.663
INT090 -11.585 -58.313 -77.299 4.130 24.913 -4.787 -11.245 -46.025 -15.437 3.394 22.030 -66.425 -66.025 -20.837 -22.740 -48.693 -77.505 18.281 29.331 8.815 1.360 -18.661 -57.341 8.366 57.941 15.460 -19.656 13.763 -29.679 -64.539 16.781
INT091 -6.755 -24.940 -43.145 10.614 43.206 12.574 11.492 -32.660 1.887 20.905 31.863 -30.244 16.592 1.189 -21.992 -45.524 -64.750 36.026 29.858 24.150 15.190 -8.157 -50.643 15.974 44.017 8.183 15.200 19.926 -20.164 -46.096 23.636
INT092 3.194 -17.530 1.158 34.237 60.620 5.162 5.844 -15.228 7.527 39.115 66.938 -6.692 37.382 27.119 -37.167 -29.712 -14.447 42.669 39.136 38.966 24.687 10.631 -43.847 37.067 63.313 25.865 29.732 16.357 -1.537 -32.218 52.973
INT093 -40.530 -49.304 -82.392 -7.272 12.416 -14.545 -35.064 -43.833 -14.997 -27.026 44.636 -74.018 10.641 -3.904 -68.006 -43.020 -55.436 35.314 -2.217 -14.250 -6.125 -37.845 -34.675 11.214 15.539 -1.315 -4.464 -17.383 -27.182 0.000 26.902
INT094 -27.243 -38.115 -63.057 29.094 14.521 6.340 -26.708 -49.765 -10.159 -2.108 61.599 -78.320 20.668 6.460 -60.081 -32.770 0.951 40.561 3.596 -6.764 3.156 -14.756 -23.296 20.631 39.490 12.680 -6.767 -0.943 -28.009 0.000 39.417
INT095 -34.830 -31.287 -40.640 38.836 -8.923 6.518 -15.636 -43.704 -4.625 -0.413 76.978 -50.935 30.125 17.498 -40.268 -30.163 19.698 39.384 -15.464 1.464 4.423 -10.462 -26.167 23.932 45.083 41.729 -9.354 -10.684 -41.116 0.000 15.178
INT096 -21.422 -45.984 -5.138 41.131 -6.095 26.823 -16.205 -27.537 -0.980 11.964 72.813 -39.713 41.486 5.305 -2.029 -38.519 31.828 45.918 -4.033 23.528 9.653 1.081 -13.590 27.006 50.798 40.167 10.208 12.715 -27.849 0.000 39.653
Situatie privind dezechilibrul SEN pentru fiecare interval de decontare din luna Octombrie 2024
1/1