PDF PAGE 1
Data: 27.02.2025
lei/MWh
Interval/Data 01.01.2025 02.01.2025 03.01.2025 04.01.2025 05.01.2025 06.01.2025 07.01.2025 08.01.2025 09.01.2025 10.01.2025 11.01.2025 12.01.2025 13.01.2025 14.01.2025 15.01.2025 16.01.2025 17.01.2025 18.01.2025 19.01.2025 20.01.2025 21.01.2025 22.01.2025 23.01.2025 24.01.2025 25.01.2025 26.01.2025 27.01.2025 28.01.2025 29.01.2025 30.01.2025 31.01.2025
INT001 37.29 93.99 761.06 284.63 706.10
INT002 804.44 259.76 646.20 817.63 702.66
INT003 112.92 31.84 224.38 722.29 809.07 233.70
INT004 697.34 215.54 734.68 81.31 397.46 75.94
INT005 299.00 2,790.41 619.96 522.54 36.24 1,099.18 -29.66
INT006 290.00 2,984.14 641.55 648.71 173.47 1,076.37 183.58
INT007 716.01 695.98 4.59 314.98 -10.61 55.71
INT008 26.31 -66.37 293.16 -33.13 2,683.50 23.92 -67.66 -119.78 941.09
INT009 677.60 684.20 15.51 145.75 65.02 737.89 228.60
INT010 662.46 716.80 213.35
INT011 724.77 696.98 642.49 350.00 -70.93 29.42
INT012 18.53 687.11 -81.46 580.36
INT013 774.19 721.92 107.46 -59.23 54.45
INT014 299.00 94.80 30.95 66.06 -31.99 85.53
INT015 34.32 25.19 234.56 666.19 626.33
INT016 -13.57 24.89 477.40 56.15 372.62 19.54 684.19
INT017 -1.47 531.45 712.18 649.28 804.47 38.60 761.68
INT018 218.49 15.62 0.10 78.51 211.82
INT019 -17.79 518.66 645.22 64.74 302.00 117.08 246.03 651.08 104.95
INT020 694.86 50.06 597.77 39.18 42.65 694.77
INT021 43.56 36.03
INT022 39.00 702.51 276.42 895.95
INT023 29.74 573.44 662.84 737.01 764.74
INT024 143.99 47.32 867.42 255.79 1,312.97 597.01 -1,393.96
INT025 663.40 2.51
INT026 714.43 671.01 31.58 167.34 62.05 101.64
INT027 662.18 16.14 1,033.32 95.08 864.01 958.81 -155.48
INT028 720.66 122.10
INT029 -837.82 561.42 859.01
INT030 121.69 109.16 -35.02 579.73 231.68 316.31
INT031 648.52 -595.19 148.06 18.64 893.96 851.67 892.70
INT032 666.68 136.21 761.95 152.41 824.40 312.41
INT033 -2,095.96 607.55 185.55 613.08 -1,059.92 126.85
INT034 -117.80 134.79 592.09 268.05 802.30 769.80 696.90
INT035 204.47 295.67 247.85 751.66 151.00 736.94
INT036 0.10 278.49 176.40 257.80 1,307.24 50.16
INT037 -479.86 235.27 129.95 132.89 26.88 111.80 122.80 0.00 137.59
INT038 301.00 269.67
INT039 -112.91 244.46 154.20 193.67 1,706.24 -10.80
INT040 -83.27 109.99 154.43 301.00 157.52 301.66 -241.77
INT041 -120.01 38.51 -759.27 1,014.53
INT042 -372.39 132.19 1,046.71 0.00 169.76 0.66
INT043 66.90 -104.55 32.83 194.59 -377.71 170.15 301.00 79.89 924.11 49.86 122.90
INT044 35.82 -1,113.31 -150.49 -121.16 261.39
INT045 0.20 -20.76 8,500.81 -91.98 1.15
INT046 49.80 -22.01 -349.92 48.21 1,035.26 290.00 -0.49 -16.58
INT047 17.29 167.69 -290.42 -76.04 98.69 6.94 4.26 1,078.61
INT048 36.06 38.90 13.02 -58.16 301.00 18.56 901.97
INT049 269.43 -25.72 -122.64 2.49 -171.54 1,208.60 5.68 -737.03
INT050 103.22 4.04 0.89
INT051 -208.49 13.91 -267.84 -139.66
INT052 1,056.64 -55.91 -106.57
INT053 0.20 63.48 -258.52 18.26
INT054 0.00 -98.41 109.95 2.34 98.82
INT055 -9.97 959.64 301.00 98.90 0.63
INT056 -10.00 -186.58 537.38 33.49 146.82
INT057 1.17 -145.24 472.77
INT058 6.55 0.20 -25.64 587.63 0.10 301.00
INT059 553.25 5.16 0.20 100.46 0.30
INT060 -247.46 0.20 290.00 6.83 1,139.40
INT061 936.31 -3.18 0.30 -10.14 326.05
INT062 0.38 151.50 3.20 17.96 35.00 0.30 323.82 1,046.60 -1.19
INT063 0.20 35.00 -968.88 877.20 1,266.58 324.08 -65.11 178.43
INT064 -278.40 4.31 652.60 312.00 0.30 248.51
INT065 104.86
INT066 24.55 150.12 96.92 301.00 0.30
INT067 87.10
INT068 546.64 193.37
INT069 549.74 696.33 620.17 1,569.20 77.83
INT070 65.38 0.40 629.64 -256.85
INT071 299.00 637.94 290.00 301.00 962.69 0.10 -111.43 687.27
INT072 798.85 60.00 242.26 503.50 -160.74 320.76 870.98
INT073 155.48 689.79 103.00 240.67 20.20 301.00 637.72 -91.91 1,235.21 271.55 843.47
INT074 155.07 45.77 298.31 295.70 301.00 663.73 694.25 301.00 306.00
INT075 3.00 27.93 52.01 298.97 0.00 579.09 299.51 301.00 284.89
INT076 580.81 567.46 301.00 673.38 607.38
INT077 184.91 -43.85 0.48 18.91 668.78 302.00 648.36 306.00
INT078 336.80 572.32 697.63 187.40 812.02 887.01 932.75 305.51 347.11
INT079 43.31 275.85 176.02 301.00 674.81 609.53
INT080 133.14 679.71 398.43 179.55 239.93 301.00 614.64 347.45 322.04
INT081 -105.92 131.29 107.36 770.56 157.57 350.00 972.26 330.19 317.00 299.16 825.04 705.60
INT082 226.63 579.96 683.15 74.67 661.86 152.30 329.18 326.31 204.00 350.00 730.84
INT083 165.48 180.20 773.82 207.23 611.05 301.00 105.48 679.23 328.06
INT084 114.74 41.69 128.76 100.22 236.80
INT085 105.90 136.48 172.01 105.70 1,145.33 557.73 0.92 705.97 211.62
INT086 207.40 96.80 87.84 691.17 807.78 199.12
INT087 772.87 55.33
INT088 639.80 631.17 347.52 -286.66 182.46
INT089 -302.61 126.57 1,044.17 482.09 -273.23 1,122.78 101.59 756.98 685.64
INT090 661.81 696.66 78.37 719.93 718.21 651.24 246.96
INT091 287.77 51.98 43.34 259.26 -49.83 207.21
INT092 737.91 483.57 -3,345.29 1.71 766.27 423.18
INT093 36.55 -42.45 2.22 -984.50 -939.30 492.49 -406.38
INT094 49.09 0.30 665.23 297.31 722.21 824.33 710.25
INT095 54.09 0.30 101.61 -380.18 568.01 824.51 289.63 359.34 923.32 182.57
INT096 671.32 13.75 574.23
Pret final de excedent din luna Ianuarie 2025
1/1