PDF PAGE 1
Data: 25.06.2026
lei/MWh
Interval/Data 01.05.2026 02.05.2026 03.05.2026 04.05.2026 05.05.2026 06.05.2026 07.05.2026 08.05.2026 09.05.2026 10.05.2026 11.05.2026 12.05.2026 13.05.2026 14.05.2026 15.05.2026 16.05.2026 17.05.2026 18.05.2026 19.05.2026 20.05.2026 21.05.2026 22.05.2026 23.05.2026 24.05.2026 25.05.2026 26.05.2026 27.05.2026 28.05.2026 29.05.2026 30.05.2026 31.05.2026
INT001 350.82 267.00 1,012.66 898.00 257.05 348.26 213.37 281.00 1,767.04 -2,531.52
INT002 857.39 124.54 344.44 78.63 142.32 79.52 -10.42 451.55
INT003 825.55 -14.13 45.01 54.69 360.00 40.26 20.19 115.48
INT004 45.53 143.15 47.25 130.15
INT005 1,912.13 28.76 1,443.20 6.45 635.88 59.97 1,232.52
INT006 275.93 401.74 1,226.82 23.33
INT007 128.27 298.26 898.66 332.91 898.96 7.78 106.31
INT008 105.53 63.69 38.37 439.58
INT009 288.83 734.28 110.20
INT010 84.43 223.06 2,500.83 304.10 137.87 1,125.22
INT011 307.33 149.52 130.24 146.33 777.94
INT012 800.00 61.74 426.15 369.91 725.66
INT013 307.59 274.40 -390.04 11,856.61
INT014 890.91 410.15 182.62 340.05 202.03 338.76 645.51 48.67 426.59 11,207.81
INT015 272.06 564.85 338.97 351.17 -1,639.40 177.91 332.62
INT016 233.21 278.47 187.61 894.08 892.96 142.52
INT017 895.95 99.72 79.73 418.16 84.66 371.69
INT018 347.58 125.47 475.41 75.71 294.49 110.13 349.09
INT019 128.04 276.65 122.16 311.23 140.91
INT020 897.12 135.27 874.94 376.75 255.51 413.83 122.41 3,080.13
INT021 134.49 335.73 348.54 898.01 898.61 603.69 401.22 7,777.65
INT022 337.25 87.76 898.59 155.35 293.42 123.31 3,774.52
INT023 402.40 418.36 72.40 95.30
INT024 370.50 311.73 367.75 89.41 251.31 138.53 568.56 197.87 471.19
INT025 114.91 216.29 271.69 1,939.57
INT026 128.38 559.30
INT027 176.57 114.21 383.10 127.22 850.81
INT028 839.60 324.53 352.82 151.87 225.68 800.00 -661.67
INT029 800.00 898.37 342.10 195.17
INT030 310.35 805.74 171.89 138.68 800.00 330.14 417.51
INT031 312.09 399.57 138.17 222.87 110.10 800.00
INT032 -30.65 143.84 143.85 863.25 972.25 -181.46
INT033 414.66 -2,068.89 450.61 272.02 1,039.55
INT034 240.53 479.74 875.32 475.92 400.21 1,237.91
INT035 -77.44 260.04 -53.99 0.00 342.93 943.71
INT036 140.16 232.93 359.48 3,752.57
INT037 729.45 355.06 152.36
INT038 -116.53 576.10 241.34 219.41 26.86 700.00
INT039 709.82 -1,117.82 133.34 47.27
INT040 91.78 208.27 52.14
INT041 184.63 164.48 450.00
INT042 456.42 32.35 159.10
INT043 456.46 -102.20 232.09
INT044 77.76 -440.40 408.54 -1,544.20 502.53 -4,638.89 -100.95
INT045 6,272.13
INT046 6,316.24 503.43 81.52 490.51 40.74
INT047 1,243.47 -37.35
INT048 48.48 -30.30
INT049 -165.50 450.00
INT050 618.99 126.72 98.73
INT051 255.17 438.01 178.20 8.95
INT052 453.43 248.08 331.18 446.00
INT053 449.84 446.49 568.91 -16.52 148.94
INT054 245.15 420.39 -877.37 210.03 144.75 76.92
INT055 -101.47 289.37 286.92
INT056 5.50 -1,898.83 289.13 -399.64 -4,027.67
INT057 77.04 652.14 22.72 136.35
INT058 56.99 271.85
INT059 90.40 714.11 42.18 145.06 50.26
INT060 311.78 136.83 165.96 366.34
INT061 102.94 224.36 11.89
INT062 449.64 467.57 192.93 449.95
INT063 2,961.82 133.32 192.22
INT064 1,657.13 482.03 180.93 -858.21
INT065 375.88 469.37 -273.19 -1,208.23
INT066 177.85 1,065.87 488.59 -225.44
INT067 234.85 76.47 43.48 657.95 -1,523.93
INT068 449.41 883.07 223.26 100.10 683.56 69.65
INT069 1,115.30 113.33 -271.29
INT070 159.16 863.18 245.93 411.49 474.14 292.87 726.75
INT071 258.36 287.79 113.62 256.95 641.24 450.00
INT072 328.49 294.54 273.22 767.99 340.23 514.84
INT073 753.47 1,435.90 128.65 506.76 327.87 -555.92 -88.14 312.63 372.90 -391.34
INT074 430.83 458.83 370.54 864.06 420.98 200.54 364.84 596.53 -2,843.23
INT075 176.81 129.30 377.08 463.92 1,156.12 155.76 700.89 80.71
INT076 1,101.61 813.74 505.58 942.93 152.27 218.33
INT077 568.26 263.33 505.48 1,013.09 -31.60 128.18 229.14 -1,314.52
INT078 134.10 212.35 506.95 336.06 1,041.36 450.56 826.10 663.97 1,008.12
INT079 163.96 206.53 301.99 247.95 77.39 277.18 438.48 394.43 212.42
INT080 986.69 1,149.30 1,016.59 508.46 948.58 501.95 1,258.31 900.85 332.94 571.49 816.50 510.57 1,167.11
INT081 345.42 366.05 273.03 327.87 277.16 456.95 156.67 356.87 3,983.66 2,403.73 537.66 289.63
INT082 396.61 285.63 334.03 563.67 384.03 180.26 6,334.69 796.97 852.71
INT083 316.39 418.17 366.06 890.14 306.11 389.22 397.32 719.66 298.59 325.04
INT084 1,126.51 435.43 430.41 105.29 342.14 389.05 1,241.83 885.54 1,263.95
INT085 1,114.93 800.00 124.33 814.12 395.12 412.51
INT086 331.66 378.12 269.91 352.54 4,026.53 462.06
INT087 297.75 665.45 173.97
INT088 438.91 389.02
INT089 479.43 920.99 1,220.63 388.25 560.67 424.39 886.58 56.13
INT090 894.11 128.69 539.00 263.26 938.11 986.72
INT091 853.72 407.71 138.24 331.69 234.95 492.03
INT092 56.04 1,181.53 1,274.52 67.26 362.70 -17.45 893.26 -125.84 -49.39 1,296.09 -15.16
INT093 1,657.53 896.70 424.97 900.80 131.91 208.94 1,044.15
INT094 2,300.92 206.01 961.82 411.99
INT095 3,214.47 1,044.04 414.78 329.00 168.90 286.26 -76.58
INT096 3,383.01 177.63 6.53 395.51 149.91 369.91 812.91
Pret final de deficit din luna Mai 2026
1/1