PDF PAGE 1
Data: 23.07.2026
lei/MWh
Interval/Data 01.06.2026 02.06.2026 03.06.2026 04.06.2026 05.06.2026 06.06.2026 07.06.2026 08.06.2026 09.06.2026 10.06.2026 11.06.2026 12.06.2026 13.06.2026 14.06.2026 15.06.2026 16.06.2026 17.06.2026 18.06.2026 19.06.2026 20.06.2026 21.06.2026 22.06.2026 23.06.2026 24.06.2026 25.06.2026 26.06.2026 27.06.2026 28.06.2026 29.06.2026 30.06.2026
INT001 1,846.04 911.80 1,580.04 1,110.10 1,355.94 3,052.00 1,164.98 898.22 5,368.29 813.84 81.12 944.27 879.20 1,263.68 5.73 1,194.77 1,261.87 2,022.12 1,773.36 1,071.26 1,143.16 1,763.95 1,312.40 1,488.54
INT002 1,260.22 255.81 896.58 269.70 892.81 1,177.43 1,222.55 898.85 -109.66 931.51 899.01 3,411.66 892.28 1,018.69 862.22 1,266.16 924.00 1,086.46 1,322.42 880.13 1,920.14 1,228.14 1,150.77 1,250.59 1,279.36 1,305.47 1,480.52
INT003 1,147.88 872.82 1,155.51 1,127.59 136.18 1,098.26 829.49 -25.32 898.78 254.79 5,202.16 255.35 254.73 899.19 324.23 1,122.04 -213.46 894.91 899.86 1,215.55 886.69 1,501.62 879.22 1,250.54 1,168.04 1,341.23 1,483.95
INT004 1,097.74 5.38 832.73 899.56 2,445.77 889.15 22.41 861.88 992.73 129.51 800.00 896.14 800.00 -389.97 859.69 899.71 800.00 810.48 2,252.55 410.00 2,802.68 1,231.99 251.20 1,947.00 1,492.32
INT005 270.44 253.57 899.00 889.40 1,821.60 1,321.64 138.34 926.34 821.66 810.42 859.21 906.03 1,003.88 899.20 1,168.35 1,850.83 1,274.32 410.00 4,061.73 1,166.72 1,317.76 1,097.75 1,408.03
INT006 279.65 358.48 846.81 163.80 930.98 897.28 2,053.37 896.53 -33.25 878.46 883.66 259.18 905.23 836.25 896.81 957.00 1,002.25 1,116.91 1,269.23 894.65 924.01 -73.78 3,905.46 1,164.99 1,185.84 1,086.35 1,407.84
INT007 331.09 811.02 0.00 876.65 1,169.64 1,033.99 -167.50 1,018.85 898.83 896.68 699.00 893.87 898.83 296.30 1,156.88 1,234.33 1,125.96 851.44 111.92 2,422.87 1,177.01 1,245.91 1,121.53 1,415.45
INT008 71.66 252.30 839.75 400.00 893.43 859.11 908.38 823.40 -202.57 807.92 899.38 711.15 876.28 898.48 400.00 -16.44 1,130.84 1,230.19 1,125.51 817.04 266.00 4,784.92 1,052.56 1,478.65
INT009 187.08 1,774.67 897.70 934.35 898.61 1,082.95 918.75 11.61 890.00 998.74 345.86 878.19 903.32 898.55 865.50 -80.57 1,075.89 5,511.58 1,065.27 817.90 364.87 200.39 2,193.27 1,089.87 1,193.91 1,035.95 1,359.06
INT010 1,295.96 888.93 898.09 896.49 1,010.11 980.89 246.00 800.00 907.27 811.13 380.59 888.76 819.21 894.90 885.43 10.26 1,078.51 5,714.21 982.96 830.13 266.00 1,231.01 1,278.53 999.79 1,335.26
INT011 400.00 1,052.08 346.24 899.00 884.61 1,014.42 884.09 -8.58 880.12 1,681.73 53.33 892.93 899.03 -95.52 1,137.75 1,779.86 899.90 834.06 225.75 254.26 1,576.29 865.99 1,025.41 1,253.95
INT012 873.39 978.18 819.41 1,012.85 820.91 -174.47 898.25 873.20 871.90 254.89 261.17 800.00 897.71 198.82 -103.10 1,126.67 1,213.96 934.04 869.11 262.13 1,742.38 266.79 800.00 1,047.33 1,297.19
INT013 892.52 898.86 1,033.02 980.95 964.30 1,167.26 896.82 -69.89 814.14 234.60 1,213.21 899.32 109.95 -309.50 1,066.74 1,374.46 899.46 1,264.21 893.58 251.00 1,095.29 266.09 1,193.73 1,242.23
INT014 945.38 1,084.74 24.44 935.16 879.79 1,074.03 819.80 -44.87 237.94 336.89 84.09 699.00 209.29 -2,884.04 1,023.19 899.09 7.66 -353.22 1,132.38 1,314.11 886.54 1,454.33 657.30 1,124.13 270.00 1,258.01 1,272.72
INT015 938.19 975.96 172.00 898.51 890.51 1,108.49 885.13 261.62 899.57 853.80 141.67 -6,694.50 901.79 891.56 136.68 -318.27 896.61 899.30 406.31 1,078.72 258.74 1,311.82 1,217.10 1,253.71
INT016 899.00 1,204.41 899.70 22.98 896.65 862.12 1,047.84 896.60 305.94 1,000.24 869.70 699.00 272.78 -10,140.06 1,797.41 898.74 800.00 881.70 897.68 933.30 176.46 1,258.85 15.22 1,446.31 1,141.36 1,243.65
INT017 883.49 1,113.39 974.62 218.75 1,341.16 899.68 899.58 236.23 899.44 163.42 881.25 -112.74 -465.95 973.82 899.71 818.23 864.14 899.92 1,291.61 506.86 174.76 1,424.32 -48.97 1,037.70 1,252.55
INT018 810.63 983.06 1,082.04 194.05 1,103.93 899.27 897.71 894.74 257.93 898.48 898.45 158.73 885.04 74.25 -810.31 955.39 899.89 896.89 813.70 900.00 1,059.38 889.67 1,204.84 847.01 -88.37 1,279.95 -51.27 1,005.78 1,271.74
INT019 896.21 898.57 989.47 916.32 896.41 1,081.51 930.13 957.92 991.91 898.09 251.48 913.02 80.15 22.94 899.93 897.19 800.00 900.00 1,058.97 1,325.24 831.72 1,228.25 -57.07 1,035.25 1,073.33 1,250.26
INT020 266.67 210.63 -226.56 913.98 896.81 913.80 896.89 966.86 867.83 283.48 98.07 -116.92 899.46 800.00 807.00 900.00 897.90 1,150.66 800.00 1,014.61 -56.31 1,137.33 1,224.48 1,247.95
INT021 -4.51 1,100.28 1,230.05 1,181.55 1,023.10 851.60 309.96 819.46 342.11 969.32 898.89 897.49 898.83 1,131.33 1,187.63 899.51 19.15 1,323.25 1,323.55 1,249.76
INT022 57.52 59.94 1,187.66 897.80 899.54 1,046.61 847.52 899.55 259.97 862.20 699.00 2.60 400.00 943.72 265.16 866.60 827.55 1,066.83 1,065.55 251.00 850.89 -7.78 1,078.57 1,266.83
INT023 262.84 243.06 269.55 1,051.09 888.42 897.95 1,056.78 896.75 95.27 290.44 699.00 887.63 898.56 1,258.27 878.07 800.00 832.24 -53.84 998.80 1,247.85
INT024 54.52 -128.03 41.45 116.57 973.62 898.20 1,054.72 893.65 555.79 344.89 699.00 895.49 860.54 1,227.32 854.74 501.74 886.96 -47.22 1,003.15 1,253.45
INT025 157.77 -208.41 295.66 28.47 889.47 899.20 1,046.53 1,021.20 281.04 836.95 753.69 75.07 274.15 921.40 888.46 896.06 2,081.42 1,220.25 909.25 -93.81 1,926.44
INT026 -152.52 -805.29 257.21 269.42 857.81 85.67 855.24 -185.31 946.19 849.50 2,147.62 257.99 894.63 830.22 896.79 889.12 2,323.69 268.34 893.75 -559.68 1.10 3,466.69 1,272.27
INT027 -135.16 1,500.53 166.83 243.75 882.78 -27.01 853.70 -476.13 1,001.93 253.89 281.02 783.64 303.78 801.92 819.83 899.05 897.19 1,608.30 919.11 -138.56 1,440.73 1,274.35
INT028 212.79 1,124.01 275.23 190.10 -206.65 848.80 -1,227.10 843.33 950.19 882.71 916.79 778.30 898.10 846.48 809.61 887.52 907.99 1,997.58 146.37 -49.93 897.02 855.19 16.79 1,164.28 1,268.03
INT029 317.44 5,813.67 -35.05 7.96 -1,205.91 896.83 -1,021.27 907.65 1,125.68 1,005.79 1,064.93 1,020.53 668.06 308.77 86.62 -58.62 988.27 898.30 861.45 1,346.50 1,147.31 6,873.99 106.53 291.90 6,239.54 1,077.37 1,835.78 1,334.17
INT030 138.00 1,569.61 324.41 1.24 -575.22 897.00 -734.99 954.69 271.48 1,151.70 1,054.16 947.66 927.97 534.17 863.38 271.14 297.00 942.30 885.78 811.85 1,498.47 899.95 6,999.00 266.00 410.00 6,218.60 1,156.89 1,541.91 1,322.55
INT031 173.19 1,334.63 336.79 -353.89 -189.02 1,082.59 -18.54 899.65 943.29 900.00 701.00 534.17 880.25 287.45 272.64 899.80 895.56 954.29 1,024.88 886.52 1,510.70 -26.48 881.01 271.73 1,031.06 1,209.21 1,356.20
INT032 338.28 1,173.65 309.83 -82.54 -792.23 896.25 928.96 898.61 893.74 1,243.17 534.17 839.15 289.19 298.39 923.04 864.85 838.95 1,008.64 1,232.05 1,275.29 -98.33 800.00 44.54 1,128.61 931.31 1,277.79 1,363.81
INT033 400.00 1,139.49 -743.09 87.86 452.42 14.41 314.40 400.00 886.27 613.95 449.99 880.91 1,031.46 343.63 1,175.71 492.43 1,782.97 890.50 4,610.35 3,904.23 865.27 1,127.00 66.92 1,077.72 841.45 1,237.01 1,379.16
INT034 261.95 1,127.78 267.62 800.00 475.66 467.76 -38.46 -145.80 897.21 527.79 449.00 262.19 898.56 393.80 945.41 -74.83 3,461.43 894.02 1,032.42 1,702.62 884.40 899.58 41.12 1,353.44 2,320.40 1,235.48 1,381.69
INT035 82.01 1,140.25 170.51 297.54 452.42 -1.26 28.70 45.74 1,245.40 19.66 523.59 1,046.32 154.28 13.51 48.04 -159.25 -53.78 4,490.09 821.19 1,704.72 1,800.50 1.09 1,059.52 -141.88 2,545.95 1,308.87 348.97 1,360.16
INT036 1,140.27 263.29 452.42 -1,441.93 93.21 24.20 1,045.76 261.91 1,340.83 928.11 -210.03 142.17 -4,395.04 -123.54 899.52 700.00 3,091.82 1,276.37 175.61 -58.35 -158.62 833.64 395.27 1,385.00
INT037 1,303.77 1,074.10 151.41 5,134.02 289.07 876.72 450.00 -798.39 -1,401.56 218.39 967.84 -395.89 449.00 1,117.12 874.25 291.94 1,098.03 904.09 886.92 785.98 6,856.42 5,060.01 400.00 56.21 17.96 1,420.06 1,356.87 936.79 1,256.61
INT038 1,271.83 1,035.08 -1,165.26 2,855.64 321.98 833.65 -69.87 63.19 -1,114.30 899.57 899.32 449.83 54.64 -126.37 5.19 14.31 -23.25 885.40 726.08 6,553.13 1,652.67 302.74 261.40 37.46 1,482.37 1,226.51 281.57 1,228.03
INT039 1,355.20 1,100.73 -1,863.36 1,542.94 99.93 850.23 -28.72 256.49 -124.51 899.00 899.30 -89.80 -700.33 191.72 -1,112.45 -56.40 -53.22 -50.19 883.71 3,484.99 1,133.44 8.60 33.35 2,184.10 819.40 898.05 1,219.89
INT040 1,196.85 1,055.59 -226.44 768.99 787.01 403.14 -61.13 -26.30 899.00 899.00 -96.41 -205.04 278.88 -1,247.17 416.72 -356.82 -2.65 898.26 1,084.06 2,198.48 31.52 -31.73 28.64 963.44 844.69 1,041.24 1,226.14
INT041 945.51 -12.69 634.45 -123.24 691.96 699.33 -93.66 126.58 703.42 864.55 -888.73 147.49 645.84 25.18 646.81 625.00 169.35 1,048.13 12.44 18.63 26.00 1,472.83 621.50 1,017.32 1,078.53
INT042 981.24 630.01 -114.58 651.17 -1,745.30 699.68 -16.93 101.42 699.00 -268.15 848.57 -580.06 200.32 152.08 -80.51 646.83 536.24 282.96 1,416.04 -138.53 34.68 26.00 807.86 618.91 890.84 1,088.80
INT043 18.95 944.81 8.32 5,870.96 -146.94 564.57 -3,122.73 699.39 -9.25 -70.99 704.24 -257.30 -75.50 -97.46 295.94 -965.88 -88.11 -33.42 -617.01 646.77 473.20 327.54 898.84 -64.54 7.39 26.50 772.08 868.23 305.56 1,070.17
INT044 -282.67 948.91 0.33 633.44 -995.15 1,222.74 -664.03 45.14 -52.32 -10.91 704.24 42.30 -6.33 -186.75 -120.98 -604.80 -105.23 -169.18 -970.24 650.75 165.93 -63.61 1.09 18.29 30.00 759.76 821.25 959.22 1,078.49
INT045 -356.43 -2,430.01 4.44 499.25 26.45 695.75 12.48 -41.46 -153.95 -39.76 37.03 33.16 449.00 351.58 -243.91 -83.34 -27.37 -145.99 458.68 449.00 -7,168.69 841.43 4.04 700.00 761.59 472.10 1,125.57 4,445.60
INT046 -832.82 -415.75 0.90 499.25 -797.23 582.70 -126.26 -118.26 -79.81 688.52 20.80 449.22 449.00 85.67 -235.33 -88.80 -71.54 19.88 449.00 449.00 -58.32 1,065.66 -17.77 701.75 35.44 703.25 388.33 5,125.33
INT047 -1,645.40 272.64 0.77 37.16 -76.84 482.38 33.05 -66.68 -21.95 163.22 42.77 449.28 -121.04 -146.49 54.76 -38.03 -6.95 659.49 -115.10 22.43 780.00 -299.36 700.00 47.13 705.26 958.76 5,287.90
INT048 -144.00 65.86 0.10 -1,117.55 -45.80 672.21 -124.26 -207.86 -87.42 -133.20 -77.72 -189.78 -108.11 -3,845.45 -75.43 39.58 -35.75 649.02 18.17 109.95 -176.50 699.85 6.89 638.47 477.06 745.47 1,026.86
INT049 -155.40 768.88 0.20 -2,251.71 161.15 523.03 349.00 -1,211.92 -795.32 -88.11 -604.22 37.83 449.53 449.00 -1,510.72 -2,209.07 -46.77 -73.25 -31.13 449.19 -157.82 -68.27 0.28 693.96 -75.86 450.81 323.00 1,000.61
INT050 -73.75 700.00 0.36 295.05 447.08 379.00 76.79 -29.38 -71.16 -509.13 -41.09 449.00 2,325.65 125.85 -125.85 -747.22 -40.23 449.81 -83.49 731.12 -338.60 0.15 808.24 22.63 495.23 450.81 290.50 998.69
INT051 -13.12 729.81 1.32 322.59 447.07 352.79 697.58 -154.84 113.14 -148.23 449.00 789.66 19.68 -115.06 -952.46 -85.93 -164.00 786.67 158.66 8.78 751.18 75.35 119.17 269.62 2,775.90
INT052 47.16 774.00 412.98 254.48 447.07 -85.78 698.02 12.90 -36.85 31.94 449.40 449.00 488.50 449.00 739.08 9.44 18.10 452.94 454.47 15.64 56.67 1.32 702.31 14.49 31.75 371.32 1,514.79
INT053 169.31 700.00 576.42 -1,323.76 17.27 447.00 689.30 -139.69 7.71 91.69 16.44 77.05 36.74 449.00 23.36 13.10 12.13 449.64 721.68 41.32 274.53 -234.53 690.63 12.00 -14.05 103.72 224.88 174.65
INT054 265.66 44.91 586.16 -141.77 65.84 589.40 695.54 -155.12 50.60 44.12 254.66 31.38 449.00 20.93 10.92 18.76 596.56 569.32 19.66 3,572.01 -2,548.55 690.63 14.41 167.91 41.11 312.39 311.23
INT055 -203.72 -28.93 558.51 -162.19 1.10 598.35 691.17 -153.14 5.33 -1,706.23 266.94 449.47 449.00 -40.38 449.00 23.89 12.15 12.44 449.78 436.88 449.00 3,658.04 -198.57 223.55 21.30 1.61 57.64 78.69 372.73
INT056 -19.08 -3,409.30 680.88 -165.00 770.98 808.08 440.92 214.74 -164.00 -26.79 -18.29 311.44 1,257.04 449.19 1.58 -1,045.80 11.22 12.67 17.05 449.30 443.12 642.13 289.37 2.53 154.27 59.99 160.84 -2.12 391.36
INT057 21.96 -2,359.62 653.26 -165.00 697.97 672.40 26.54 10.61 13.62 103.62 790.29 449.30 -35.58 -74.55 662.75 615.61 19.19 449.50 764.96 450.01 333.13 -25.88 -45.13 6.18 180.99 22.50 878.74 974.01
INT058 -3,242.77 719.55 -161.16 718.44 432.08 665.13 12.05 5.25 17.49 -553.62 -209.12 -103.15 52.34 700.00 744.38 19.13 428.16 3,456.77 776.77 347.06 7.89 186.28 113.51 260.37 54.51 394.17 401.79
INT059 877.22 -4,128.24 1,054.31 -154.20 677.93 37.33 72.05 850.61 11.04 38.13 -259.57 449.00 -2,702.78 -6.87 -2,259.39 700.00 704.50 389.05 435.07 1,924.76 864.23 316.36 15.60 709.10 260.48 -142.28 350.36 391.51
INT060 1,141.64 839.17 -1,405.81 682.05 462.80 -91.58 681.95 753.13 725.93 -69.80 41.18 449.00 -799.49 -3,470.21 700.00 37.99 300.00 647.68 582.49 868.48 1,422.60 4.10 650.91 249.05 724.98 13.51 -3.31 277.04
INT061 1,006.00 -554.78 691.75 -705.63 79.48 1,248.00 -20.92 698.45 449.00 813.19 46.55 17.41 449.24 280.43 -3,852.60 -182.97 812.55 52.27 39.78 478.64 732.31 4,046.27 9.45 722.25 203.79 770.01 450.02 -601.57 304.28
INT062 772.09 -68.44 694.39 -466.66 56.04 867.85 49.24 698.07 449.00 3,578.29 -52.94 42.64 501.52 13.65 -5,271.57 -178.57 894.45 699.32 73.78 449.07 774.99 4,432.48 2.58 149.66 147.45 849.70 450.02 114.71 957.00
INT063 868.28 10.77 297.65 -3,744.15 125.72 622.51 378.80 699.12 449.00 911.45 32.89 38.54 449.00 449.00 -1,592.26 -71.33 837.82 947.71 27.49 483.93 731.73 771.58 6,519.94 26.47 265.87 711.11 739.01 450.02 901.58 400.33
INT064 892.73 9.39 399.00 148.37 646.12 337.29 745.78 664.30 935.64 528.93 700.00 449.16 -1,358.72 739.96 679.08 511.30 741.97 652.91 766.31 5,328.01 700.00 267.27 196.61 511.73 450.02 901.58 1,217.04
INT065 708.80 -1,594.17 -146.55 554.36 19.11 815.98 807.18 723.98 -180.94 700.00 477.81 -47.79 -195.71 -195.44 317.46 35.41 -8.92 735.92 686.26 782.25 1,952.78 750.00 -391.69 -737.96 609.90 96.36 965.67 1,005.89
INT066 815.44 1.06 -2,757.01 -163.89 -642.32 510.31 -3.71 765.18 806.99 698.99 763.22 700.00 449.44 449.31 -133.74 -83.92 25.12 696.74 693.05 535.31 772.96 782.33 945.43 -1.24 60.49 257.77 1,115.03 881.25 941.35
INT067 872.49 0.52 -26.68 -160.73 257.42 669.89 102.62 699.39 806.45 1,932.24 2,897.35 1,055.45 596.88 449.00 -143.60 -178.13 291.51 264.10 729.02 451.30 1,028.23 789.95 972.71 -62.11 16.41 259.92 1,106.08 1,276.03 2,149.23
INT068 782.89 712.36 156.87 -164.00 804.18 933.08 400.00 310.14 699.00 944.87 1,176.36 814.08 466.02 758.36 -154.70 6.64 322.13 676.12 451.30 1,168.67 841.93 967.68 -1,284.88 1,078.08 202.36 1,366.79 1,894.89 3,387.32
INT069 895.98 -49.78 -105.26 -4,338.76 830.71 -429.03 259.87 898.88 738.00 896.98 870.77 852.96 579.54 -2.09 8.51 -2,431.94 815.36 908.76 2,123.22 1,034.56 1,106.13 -6,125.75 877.92 89.05 400.00 895.95 6,016.94 1,486.59
INT070 -60.62 77.51 -2,329.70 898.93 -0.90 320.66 955.69 738.00 894.46 873.00 853.24 449.74 960.75 5.31 1.63 -29.28 814.93 1,890.13 3,658.21 39.99 1,227.00 -5,614.35 1,295.24 31.38 314.29 1,137.06 3,178.97 1,722.20
INT071 40.60 -99.07 177.56 -9.69 4,878.91 -889.40 928.11 3,746.44 922.52 268.60 841.37 612.62 2,646.89 -5,522.92 -1.47 3,769.76 841.10 1,906.14 2,909.55 400.87 1,367.59 -6.33 3,153.16 280.04 1,545.91 4,563.37 2,701.60
INT072 87.26 320.38 -68.51 1,545.42 144.32 841.38 1,281.24 1,279.38 233.25 868.11 1,917.56 5,912.77 -4,011.21 8.04 0.10 13.11 892.33 2,251.41 1,245.97 1,061.50 1,098.59 1.24 3,226.14 335.07 786.10 1,495.20 3,493.16 3,102.90
INT073 -87.32 32.28 -790.26 -908.00 1,077.51 1,193.74 684.45 11.73 -262.74 1,048.37 899.00 271.39 688.84 456.33 -1,286.95 312.99 0.20 -2,313.52 881.21 1,955.45 1,260.68 400.95 1,266.51 -4,377.10 1,305.08 122.48 932.74 1,463.12 402.14
INT074 -1,089.38 -35.10 897.16 1,060.21 1,353.96 64.49 309.46 -4,177.03 1,755.93 920.33 370.87 1,012.84 -151.82 400.00 0.10 -90.10 268.43 954.54 1,582.02 1,267.69 3,563.33 -171.55 1,150.78 -22.44 1,028.32 1,454.74 1,666.16
INT075 -461.83 1.24 890.49 1,125.24 2,546.39 182.70 270.47 -5.95 1,241.62 899.00 1,035.88 797.13 1,226.73 0.10 2,612.87 895.91 1,146.46 1,255.14 2,201.94 2,634.32 232.43 1,208.66 2,396.46 3,205.56 1,463.40 7,167.45
INT076 -75.52 1,314.52 784.74 -501.57 1,225.54 3,136.16 5.53 325.86 353.50 1,157.81 1,172.21 -719.33 1,078.58 2,280.39 -172.88 1,350.88 3.00 1,421.13 1,276.58 1,212.38 866.37 5,184.81 2,523.18 281.54 1,584.98 911.05 3,853.14 4,310.87 2,598.81 8,967.85
INT077 -60.32 1,265.61 1,790.97 16.46 1,187.94 1,305.70 -5,947.36 -240.79 -35.93 1,584.98 1,554.18 -2,727.34 72.78 1,300.73 40.26 1,039.03 340.40 1,211.08 0.00 1,010.34 2,148.22 1,500.88 -99.37 1,849.47 2,623.50 2,491.97 1,591.05 2,883.41 8,999.00
INT078 400.00 1,631.23 -192.42 1,939.42 1,198.81 9.19 -1,928.56 -85.05 2,268.91 2,908.80 -128.78 919.34 1,224.96 1,325.31 319.94 1,344.10 1,621.92 1,380.31 2,061.72 1,509.64 1,924.43 2,860.73 1,875.41 1,964.52 3,315.05 7,234.04
INT079 978.32 1,235.08 4,546.43 3,516.67 1,463.83 59.38 179.77 1,167.50 1,240.29 -332.00 1,042.34 1,065.91 1,739.58 263.59 1,398.15 2,911.54 1,648.66 1,384.68 1,408.32 1,506.01 397.49 2,221.37 3,445.36 2,462.21 4,210.73 5,553.81 6,632.03
INT080 1,393.86 1,885.79 2,994.66 1.52 2,588.49 1,163.30 24.66 371.49 400.00 1,166.48 9.00 1,306.70 1,137.07 1,442.26 1,224.93 1,858.78 2,692.83 2,411.06 1,722.66 2,540.07 1,509.75 1,628.57 6,525.55 2,923.41 3,284.14 4,885.32 5,521.70 5,145.17
INT081 1,368.18 1,656.05 400.00 1,349.94 2,087.89 23.92 234.31 273.16 1,528.30 264.50 -5,557.67 261.92 3,600.02 310.40 1,290.08 1,225.32 1,321.96 1,334.75 1,398.58 2,315.24 898.30 4,288.44 363.28 3,278.97 1,814.67 6,043.87
INT082 1,327.01 2,722.02 1,350.85 1,264.56 2,384.87 -107.75 48.55 899.00 1,107.31 4,023.68 251.06 62.22 336.71 1,443.69 1,518.38 1,618.01 1,297.44 1,591.73 1,437.80 2,525.97 2,193.19 2,799.17 896.41 4,023.32 1,635.29 6,074.93
INT083 1,716.56 1,928.27 1,253.18 1,068.74 1,869.47 1,768.80 286.30 22.75 248.89 1,042.78 598.74 377.12 245.19 1,664.62 4,069.17 2,106.48 1,004.30 1,433.79 2,154.54 2,732.19 5,854.57 2,675.52 1,653.70 2,601.99 1,792.87 5,867.51 166.44
INT084 4,216.72 1,767.43 1,112.95 1,125.07 1,739.70 249.46 24.47 127.72 334.56 126.58 185.48 1,285.21 1,930.41 5,887.64 2,204.64 1,688.57 1,417.80 2,055.95 3,486.50 6,999.00 2,839.73 2,819.00 2,412.89 1,879.57 4,393.32 5,446.26
INT085 3,369.95 1,424.87 278.39 933.77 1,502.84 1,405.66 321.50 -110.77 261.22 2,208.13 257.59 285.89 1,176.94 1,220.61 1,333.39 3,797.33 1,735.43 1,790.71 1,347.30 1,907.64 4,454.33 6,999.00 410.00 401.00 2,350.38 1,737.80 4,464.43 7,824.65
INT086 1,276.05 3,670.04 894.90 836.75 1,268.12 1,190.27 186.21 -474.63 1,999.39 283.36 282.70 1,482.78 898.92 896.57 5,448.24 1,745.27 1,844.90 1,485.20 1,828.80 4,278.87 6,999.00 2,889.19 808.77 2,424.91 1,748.68 4,534.70 8,518.68
INT087 1,407.53 4,628.99 960.12 1,439.25 1,737.89 170.05 1,645.14 -39.24 330.69 899.28 372.23 1,978.30 1,349.51 844.67 6,999.00 2,012.36 1,641.36 1,295.19 1,813.41 4,204.69 6,999.00 2,455.47 940.15 2,545.75 1,713.95 4,359.00 5,318.78
INT088 1,372.15 2,429.44 1,167.17 1,311.83 1,392.75 2,025.07 1,037.76 312.47 4,203.25 305.83 899.49 162.06 1,919.29 1,351.75 6,999.00 1,925.49 2,502.15 1,300.14 1,439.65 4,887.98 4,706.69 890.06 3,644.50 2,443.11 3,008.36 5,638.84 411.00
INT089 2,879.91 4,125.85 1,710.29 2,000.74 1,392.43 1,876.74 3,715.77 6,652.26 -116.01 895.85 177.85 4,168.28 2,564.86 2,835.19 3,549.07 3,447.08 2,887.02 1,374.07 2,969.40 4,887.98 4,942.42 2,562.09 4,914.82 2,394.09 3,680.79 5,945.75 411.00
INT090 1,746.95 4,486.88 3,183.49 1,025.02 1,074.79 150.29 241.37 1,317.55 -72.70 1,846.24 347.31 -463.30 877.48 -2,222.56 6,936.04 1,968.16 4,183.51 19,268.43 5,515.82 1,447.57 1,309.54 2,063.42 6,532.72 4,587.18 4,816.61 2,270.65 2,454.31 4,160.36 4,012.30 411.00
INT091 -57.34 1,266.66 5,478.77 1,102.70 384.26 266.33 1,117.89 -370.30 1,663.11 338.14 -476.32 800.00 -103.45 6,999.00 1,317.82 1,249.22 3,548.42 1,538.15 1,211.23 1,299.52 3,199.91 8,177.45 3,509.04 2,152.69 2,053.66 3,018.09 3,925.44 4,881.58 415.00
INT092 15.82 1,229.67 1,249.98 1,540.20 302.48 265.65 -2,393.77 4,869.81 -87.72 893.60 -511.85 6,607.22 1,387.91 2,915.57 1,781.53 1,697.05 1,302.84 2,079.84 8,094.20 5,781.85 2,305.33 892.02 4,073.98 3,836.28 4,992.34 70.84
INT093 1,183.26 1,158.59 1,257.96 1,282.26 58.85 88.13 1,715.39 898.92 2,595.81 1,655.60 1,440.40 1,732.82 1,719.78 5,937.97 1,888.10 1,835.10 4,805.86 7,525.01 2,207.63 2,630.50 2,462.91 3,482.30 2,315.73 71.34
INT094 885.76 1,183.49 1,124.53 865.11 15.46 949.25 938.93 -135.79 899.07 2,229.69 834.36 1,127.86 1,323.19 2,284.82 1,230.64 1,304.35 1,274.18 1,693.02 5,126.60 7,820.42 1,818.97 1,778.25 2,217.33 3,406.67 3.46
INT095 959.03 1,183.92 1,157.61 -1,216.40 895.69 1,055.01 119.62 232.99 1,112.34 1,022.15 251.03 895.02 1,320.05 826.42 1,145.75 1,231.40 1,240.40 1,406.34 1,049.58 2,165.66 4,857.47 2,926.46 895.86 2,105.03 1,345.17 3,363.93 1.61
INT096 1,057.60 1,622.62 1,119.75 -396.46 812.68 -1,335.05 -3,410.63 57.57 935.02 896.81 877.67 1,356.07 896.00 716.15 954.01 1,124.58 1,282.08 1,251.88 2,406.18 2,730.36 1,863.58 1,346.81 4,567.75 0.56
Pret Final Unic din luna Iunie 2026
1/1