PDF PAGE 1
Data: 29.04.2026
lei/MWh
Interval/Data 01.04.2025 02.04.2025 03.04.2025 04.04.2025 05.04.2025 06.04.2025 07.04.2025 08.04.2025 09.04.2025 10.04.2025 11.04.2025 12.04.2025 13.04.2025 14.04.2025 15.04.2025 16.04.2025 17.04.2025 18.04.2025 19.04.2025 20.04.2025 21.04.2025 22.04.2025 23.04.2025 24.04.2025 25.04.2025 26.04.2025 27.04.2025 28.04.2025 29.04.2025 30.04.2025
INT001 1,111.30 -3,761.44 179.53 184.39 2,118.39 697.22 124.80 761.28 5.41
INT002 -4,499.00 823.29 226.88
INT003 988.30 984.70 549.19
INT004 847.81 136.96 78.37
INT005 1,195.98 -903.73 138.26 79.82 791.62 686.80 527.04 278.73
INT006 707.96 68.83 997.51 400.00
INT007 159.18 219.40 242.17
INT008 50.98 198.67 25.17 96.26 190.20 774.52 862.31
INT009 1,021.10 0.00 382.16 842.17
INT010 1,125.73 845.14 390.00 262.29 820.24
INT011 734.16
INT012 400.00 1.00 809.54 38.04 95.94
INT013 2.53 0.00 190.00 201.01 383.35 877.63
INT014 370.67 390.00 746.71 390.00 878.89
INT015 763.14 390.00 192.46 237.34
INT016 396.35 374.93 285.78 113.64 390.00 24.81 199.45 825.30 -355.58
INT017 0.00 298.49 347.47 760.66 0.00
INT018 964.24 0.00 -1,112.01 214.41 0.00 741.21
INT019 846.54 -1.64 40.14 390.00 790.46 204.24 400.00
INT020 761.12 820.26 0.00 899.88 928.90 -784.60 400.00 820.42
INT021 1,379.73 386.52 1,051.52 108.42
INT022 284.47 788.82 766.70 392.86
INT023 381.22 -31.10 400.00 0.00
INT024 1,191.15 789.72 368.88 -136.80 390.00 0.00 345.88
INT025 1,138.74 0.00 206.44 918.52 201.63 390.00 -503.21
INT026 1,040.16 926.64
INT027 207.35 857.81 196.53 754.54 131.76
INT028 618.57 219.51 0.63
INT029 74.21 -2,295.37 1,329.14 758.46 96.96 -1,932.58
INT030 1,077.06 363.30 889.19 0.00 843.82 72.84 47.69 0.95
INT031 0.00 784.28 998.17 0.21 72.40 -100.96
INT032 365.62 -225.60 3.31
INT033 862.27 220.49 262.57 55.88 0.10
INT034 400.00 375.64 -158.32 -169.44 -1,874.26
INT035 -5,845.06 -1,682.79 89.13 11.49 -240.46 -3,655.74 -3,445.25
INT036 -55.41 -5,175.91 585.98 802.26 -357.82 -4,460.14 -6,067.92 -3,532.51
INT037 1.00 7.00
INT038 6.18
INT039 228.12 -1,508.57 -4,069.79 -5,273.08 -193.96 -1,430.90
INT040 -14.07 57.71 -6,012.78 220.67 -5,439.60 -2,663.31 -2,367.38
INT041 119.18 0.57
INT042 -334.28 -40.17
INT043 -5,109.96 381.66 9.98 -3,626.06 -352.54 -1,479.89
INT044 -4,413.32 -3,050.60 -7,594.31 -6,570.17 -4,500.00 -6,815.32 -2,926.02
INT045 -1,240.38
INT046 -2,815.99 12.56 -123.44 0.90 205.65 -51.13
INT047 -1,128.88 -566.07 221.92 -303.44 -493.45 0.25
INT048 -304.45
INT049 0.80 -265.99
INT050 2.39 0.29 3.90 483.42 0.30
INT051 85.04 -209.81 -11.08 -253.55 48.94 2.17 2.74
INT052 46.61 -255.10 -3,759.68 0.56 -240.75 1.92
INT053 16.39 239.35 -3,591.22 3.39
INT054 -478.56 6.61 -9.43 -4,182.63 390.00 5.45 -4,589.06 0.89
INT055 0.03 -8.69 -4,789.12 356.67 66.24 1.83 -2,840.24 6.94 16.05
INT056 0.10 556.88 -677.42 458.97 -741.51 -3,622.30 0.10 4.83
INT057 15.75 -1,968.38 -480.89 4.99 8.39
INT058 -6.09 -1,372.67 -1,897.16 124.99 -1,564.41 11.42 1.60
INT059 -439.23 510.18 -378.49 229.31 -140.14 1.30
INT060 -4,226.44 190.92 -12.96 -4,178.26 -245.07 -284.96 -556.10 -3,342.88 0.65
INT061 -17.42 15.65 -371.95 -860.80 -5,188.71 -308.55 5.21 4.43
INT062 0.46 6.24 8.92 3.99 0.00 0.38
INT063 13.06 19.90 0.00 1.73 3.14 1.04 180.48 0.30
INT064 0.00 2.68 3.31 -87.51 -2.10
INT065 -736.05 -173.56 -182.68 -241.16 -6,945.77 102.54 6.96 -157.91 -271.07 -2,076.18 -2,790.81
INT066 160.00 9.34 -479.67 6.17 821.93 368.75 13.06 -4,499.00
INT067 50.08 0.20 1.02 399.00 -1,286.70
INT068 1.19
INT069 -8,175.21 -2,985.94 -2,062.35 -6,071.70 603.97 -822.58 -5,927.13
INT070 -1,459.50 -3,745.23 -2,566.39 -352.58 9.37 -7,001.00 -4,152.23
INT071 236.32 0.00 -1,665.71 230.71 0.85 0.68 -2,334.10
INT072 298.43 169.28 -108.08 3.21 1,118.09 0.50 0.10 0.30
INT073 -788.20 -5,586.62 -4.42 0.73 3.43
INT074 3.61 2.47 6.18 -2,659.18 -3,404.89 9.33
INT075 3.35 0.70 -2,745.94 554.22
INT076 0.30 1,638.11 394.32 196.21 -1,212.75 3.56
INT077 215.05 -2,493.24 390.00 147.96 -1,273.04
INT078 146.54 251.68 1,172.03 -59.63
INT079 400.00 399.00 0.30
INT080 974.00 -367.07 363.74
INT081 75.22 1,123.27 204.99
INT082 1,138.40 943.48 987.07 380.33 394.86
INT083 960.64 1,076.36 305.79 370.22 388.77 978.61 3.18 390.00
INT084 918.65 1,139.63 1,056.49
INT085 0.00 -131.83 813.46
INT086 394.61 370.47 952.87 1,088.73 857.26 881.84 790.32
INT087 222.32 210.46 266.82 1,349.88 203.40 126.34 377.02
INT088 412.53 965.38
INT089 -1,682.24 219.91 2.57 0.00 0.72 0.00 390.00
INT090 102.88 373.74 1.68
INT091 1,162.59 -2,655.46 -4,622.97 741.34
INT092 29.85 66.67 -2,012.64 -4,499.00 -1,485.68
INT093 131.17 -1,131.46 -1,497.22 950.28 891.53 -249.40 898.51
INT094 184.11 -803.31 788.53 92.49
INT095 -2,118.37 179.39 864.97 710.66
INT096 -1,993.20 105.04 961.67 -614.18 -1,242.37 890.21 -9.01
Pret final de excedent din luna Aprilie 2025
1/1