PDF PAGE 1
Data: 16.07.2026
lei/MWh
Interval/Data 01.05.2026 02.05.2026 03.05.2026 04.05.2026 05.05.2026 06.05.2026 07.05.2026 08.05.2026 09.05.2026 10.05.2026 11.05.2026 12.05.2026 13.05.2026 14.05.2026 15.05.2026 16.05.2026 17.05.2026 18.05.2026 19.05.2026 20.05.2026 21.05.2026 22.05.2026 23.05.2026 24.05.2026 25.05.2026 26.05.2026 27.05.2026 28.05.2026 29.05.2026 30.05.2026 31.05.2026
INT001 363.48 270.40 1,012.66 898.00 257.62 348.63 214.20 280.80 1,767.04 -2,533.48
INT002 857.39 124.39 345.08 81.39 142.65 80.82 -10.80 456.83
INT003 825.55 -13.68 46.26 55.67 365.46 43.37 20.43 116.06
INT004 47.27 146.56 48.98 134.25
INT005 1,932.05 24.04 1,443.20 8.07 657.67 62.15 1,232.52
INT006 277.57 409.67 1,226.82 24.50
INT007 127.70 298.96 898.66 337.65 898.96 7.95 108.61
INT008 107.50 65.41 42.28 439.15
INT009 302.87 739.34 112.62
INT010 85.78 224.08 2,500.83 320.03 138.06 1,125.22
INT011 307.19 149.75 133.96 147.72 786.34
INT012 800.00 64.91 445.91 378.72 736.31
INT013 308.11 282.60 -383.32 12,129.61
INT014 890.91 410.57 182.16 340.38 209.44 340.25 657.74 49.38 426.86 11,381.20
INT015 271.52 589.83 340.39 363.68 -1,627.51 178.55 332.62
INT016 231.20 278.58 191.95 894.08 892.96 142.77
INT017 895.95 103.71 80.81 418.46 85.57 371.69
INT018 350.81 128.86 491.29 78.83 295.09 110.95 349.23
INT019 132.58 276.53 123.93 311.50 141.60
INT020 897.12 136.45 874.94 376.90 255.97 413.95 122.95 3,121.35
INT021 132.31 336.82 348.78 898.01 898.61 640.38 401.30 7,898.50
INT022 337.77 89.36 898.59 163.60 293.72 123.25 3,810.53
INT023 403.18 418.74 72.50 95.38
INT024 370.54 312.09 372.83 90.40 252.72 138.61 582.71 198.97 477.47
INT025 114.74 215.45 271.48 1,939.57
INT026 128.41 565.86
INT027 175.94 122.68 385.34 127.24 850.81
INT028 839.60 344.29 356.16 152.69 227.57 800.00 -656.68
INT029 800.00 898.37 353.05 196.55
INT030 312.86 805.74 176.98 140.17 800.00 332.89 417.78
INT031 312.09 409.01 138.23 226.45 112.04 800.00
INT032 -30.79 143.92 146.79 863.25 972.25 -176.22
INT033 435.85 -2,053.67 462.34 272.39 1,039.55
INT034 246.44 564.53 875.32 487.39 400.54 1,237.91
INT035 -76.93 275.17 -53.99 0.00 347.76 943.71
INT036 142.29 234.71 365.73 3,752.57
INT037 729.45 356.41 153.83
INT038 -116.37 576.10 245.42 222.32 27.22 700.00
INT039 709.82 -1,119.03 134.01 47.51
INT040 91.82 208.46 52.33
INT041 185.07 164.63 450.00
INT042 456.42 32.36 158.44
INT043 456.46 -102.42 231.39
INT044 85.31 -441.55 412.54 -1,531.62 502.53 -4,625.82 -101.36
INT045 6,308.48
INT046 6,399.04 503.43 82.28 490.51 40.69
INT047 1,243.47 -37.26
INT048 48.46 -30.36
INT049 -158.77 450.00
INT050 618.99 127.04 97.57
INT051 255.50 438.01 178.24 8.98
INT052 453.43 248.28 331.80 446.00
INT053 449.84 446.49 543.08 -16.48 148.63
INT054 244.89 426.32 -916.84 215.05 144.04 76.89
INT055 -101.40 289.42 287.25
INT056 3.84 -1,864.33 289.63 -394.92 -4,041.70
INT057 76.08 652.14 27.01 136.55
INT058 55.31 272.75
INT059 88.67 714.11 42.26 145.56 55.40
INT060 328.72 139.87 177.50 365.94
INT061 103.48 224.16 12.23
INT062 449.64 466.94 192.62 449.95
INT063 2,914.39 482.03 135.35 191.86
INT064 1,606.64 482.03 183.61 -859.46
INT065 379.43 466.79 -270.00 -1,214.57
INT066 177.60 1,094.98 461.28 -199.25
INT067 235.65 77.16 42.48 632.95 -1,496.52
INT068 449.41 883.07 225.46 98.82 677.72 69.46
INT069 1,115.30 113.97 -272.62
INT070 159.97 863.18 247.01 412.02 480.07 299.37 726.75
INT071 261.63 288.57 114.67 259.07 715.11 653.92 450.00
INT072 329.62 299.26 271.15 778.78 341.37 515.15
INT073 753.47 1,449.93 132.03 512.68 329.47 -541.63 -88.98 314.81 375.22 -393.83
INT074 435.42 465.70 372.04 864.06 425.37 201.38 368.64 600.03 -2,847.22
INT075 178.99 129.76 383.95 468.63 1,171.06 154.93 700.89 80.61
INT076 1,101.61 815.72 511.71 942.93 151.62 220.12
INT077 579.76 263.46 507.73 1,013.09 -31.01 120.70 231.83 -1,313.79
INT078 134.26 216.38 514.24 336.64 1,041.36 451.70 832.13 659.47 1,008.12
INT079 166.74 214.17 310.52 258.70 80.93 275.97 435.85 394.08 217.04
INT080 986.69 1,149.30 1,016.59 532.60 948.58 504.93 1,258.31 928.72 331.54 566.67 833.15 509.60 1,167.11
INT081 344.25 363.25 273.15 332.53 284.11 457.85 155.99 356.29 3,983.66 2,446.20 545.58 290.02
INT082 397.66 286.02 335.27 590.22 384.11 179.41 6,334.69 809.69 852.71
INT083 316.51 420.15 396.58 890.14 308.02 391.59 398.35 708.55 299.42 325.70
INT084 1,126.51 438.16 433.11 108.90 343.93 390.97 1,267.57 885.54 1,263.95
INT085 1,114.93 800.00 124.44 798.74 399.39 414.69
INT086 333.79 380.45 270.95 354.09 4,082.68 463.44
INT087 298.01 675.42 174.19
INT088 439.93 390.87
INT089 481.98 920.99 1,220.63 373.94 576.30 406.05 880.30 58.90
INT090 894.11 127.14 548.44 260.38 930.52 986.72
INT091 853.72 407.92 139.10 341.40 235.90 487.37
INT092 56.68 1,181.53 1,301.22 63.33 363.98 -13.11 893.26 -110.78 -50.20 1,283.36 -14.26
INT093 1,697.39 896.70 429.03 900.80 134.83 211.35 1,044.15
INT094 2,349.78 206.23 961.82 412.25
INT095 3,214.47 1,044.04 415.09 329.48 166.51 286.64 -75.44
INT096 3,434.16 178.03 7.28 395.89 149.47 371.53 802.10
Pret final de deficit din luna Mai 2026
1/1