PDF PAGE 1
Data: 16.04.2025
lei/MWh
Interval/Data 01.02.2025 02.02.2025 03.02.2025 04.02.2025 05.02.2025 06.02.2025 07.02.2025 08.02.2025 09.02.2025 10.02.2025 11.02.2025 12.02.2025 13.02.2025 14.02.2025 15.02.2025 16.02.2025 17.02.2025 18.02.2025 19.02.2025 20.02.2025 21.02.2025 22.02.2025 23.02.2025 24.02.2025 25.02.2025 26.02.2025 27.02.2025 28.02.2025
INT001 -744.73 360.96 1,107.07
INT002 264.47 305.36 968.51
INT003 720.01 193.35 360.41 902.14 1,007.73
INT004 110.91 -1,155.55 170.39 360.34 853.53 777.17 167.37
INT005 1,016.39 360.82 390.75 371.67
INT006 889.83 361.00 363.59
INT007 1,102.75 360.00 1,006.97 162.41 863.17 361.00
INT008 863.95 145.28 151.05
INT009 866.74 360.28 361.00 677.18
INT010 803.40 362.22 185.49 178.40
INT011 1,016.07 89.92 864.23 855.30 361.19
INT012 975.47 385.26
INT013 -35.00 300.99
INT014 92.42 177.01
INT015 193.68 229.10
INT016 33.97 187.36 361.00 185.54 692.73
INT017 709.64 94.75 859.54 734.03 200.00 364.34
INT018 1,099.86 167.05 706.37 875.29
INT019 336.67 272.75 158.29 1,017.35
INT020 349.68 335.72
INT021 908.91 361.00 200.00 366.00 208.02
INT022 281.71 1,077.23 186.07 657.37 413.52
INT023 320.00 339.91 1,288.56 1,011.28 918.92 -386.57
INT024 350.00 143.88 336.94 386.40
INT025 -138.34 -417.45
INT026 135.16 366.00 358.11
INT027 274.38 742.21 664.49 1,125.60 360.00 3,812.31 853.24
INT028 348.91 111.35 360.34 -412.39
INT029 1,012.64 928.12 849.16 665.68
INT030 0.00 1,007.21 1,024.63 360.58 0.00 950.84
INT031 979.14 -28.72
INT032 480.93 359.09 985.60
INT033 931.73 912.36 271.81 988.10 0.00 -42.70 374.78 111.27
INT034 1,115.41
INT035 364.75
INT036 360.00 360.00 -523.69 360.00 361.04 361.00 26.31
INT037 1,065.72 -766.97 8.49 7,115.02
INT038 -88.52 3,564.89 361.00 159.58 -2,586.10 367.13 14.11 366.49
INT039 -2,233.89 -171.49 70.77
INT040 -587.05 227.37 1,246.74 -4,295.49 -205.84
INT041 196.74 13.62 170.93 13,796.03 -4,058.02 5,691.38
INT042 -1,159.92 -169.65
INT043 -106.66 132.54 1,351.40
INT044 -6,028.14 -2,679.81 -3,031.96 220.42 868.35 -2,986.22 -84.23 -193.12 39.86
INT045 -2,898.32 742.06 265.35 360.26 -434.26
INT046 1,487.74 216.68 -2,322.27 104.42
INT047 1,008.55 46.15 -167.83 51.61 -1,765.83 25.16 110.79 1,330.83
INT048 -1.38 -154.06 -1,700.18 -2.15 -253.55 949.38 -3,114.07
INT049 201.73 2,274.22 74.80 1.88 17.01 -917.10
INT050 45.06 1.73 11.93
INT051 -21.05
INT052 -179.23 1.36 2,267.30 360.87 360.15
INT053 -168.59 467.61 156.07 105.39 277.92
INT054 -273.98 -138.87 360.00 80.10
INT055 -1,275.44 64.38 -1,109.13
INT056 0.10 -1,062.52 -87.76
INT057 0.10 164.16 -320.56 -76.85 917.74
INT058 0.10 -144.85 -134.36 8,436.97 332.09 -7,608.94 197.97 -1,117.99
INT059 157.41 3.91 -115.28 -1,363.00 -171.76 13.93
INT060 157.79 0.57 697.77 -963.59 -2,599.26 -165.55
INT061 -529.96 631.55 -143.09
INT062 -57.38 361.00 866.09 162.43
INT063 -165.96 7.45 0.40 730.73 0.20 -35.47 29.53
INT064 118.87 -469.42 -460.59 2,158.50 12.38 0.50 7,390.12 6,029.68 0.50
INT065 971.25 349.85 2.40
INT066 194.76 -1,783.85 0.70 148.10 56.46 -1,986.18
INT067 1,118.14 -124.48 0.60 0.55 360.00 1,366.82 52.63 2,094.18 8.20 0.70
INT068 2,817.09 1,320.77 -384.49 360.00 361.00 52.00 2.52 -1,110.38 357.42
INT069 985.64 1,047.67 301.13 -3,325.49
INT070 2,158.74 374.86
INT071 360.00 106.10 360.00 361.00 363.10 361.00
INT072 1,005.18 905.44
INT073 935.93 360.00 855.42 1,351.92 953.17
INT074 1,221.24 360.82 127.42 0.90 1,018.68
INT075 360.00 1,025.05 893.64 1,050.67
INT076 793.58 739.77 390.00 145.00
INT077 393.73 360.00 360.00 361.00 365.25 1,769.73 801.28
INT078 1,165.13 360.00 360.00 364.33 873.59 390.00 400.00
INT079 1,018.16 977.54 365.00 877.03 383.67 1,235.09
INT080 82.03 360.00 1,905.81 758.55 362.11 1,010.88
INT081 384.93 0.00
INT082 105.06 360.00 690.60 789.94 960.94 385.73
INT083 365.19 164.67 372.37
INT084 438.26 964.13 728.47 767.47 786.92
INT085 946.45 1,130.02 297.87
INT086 360.00 971.07 366.00 360.34 361.45
INT087 1,336.83 360.05 362.12 904.61
INT088 882.77 519.67 673.51 804.60 1,002.03
INT089 532.18 -299.78
INT090 1,027.98 360.00 549.08 1,095.71 1,023.43
INT091 273.56 997.06 930.05 1,199.98 912.81 160.56 362.69
INT092 1,056.11 897.73 229.08 188.42 200.71 957.96 1,094.65 201.04
INT093 -452.32 989.17 1,124.45
INT094 800.14 973.81
INT095 1,092.95 992.13 361.00 791.58 839.13
INT096 850.81 925.78 360.26 179.57
Pret final de excedent din luna Februarie 2025