PDF PAGE 1
Data: 21.09.2026
MWh MWh MWh
Interval/Data 01.08.2026 02.08.2026 03.08.2026 04.08.2026 05.08.2026 06.08.2026 07.08.2026 08.08.2026 09.08.2026 10.08.2026 11.08.2026 12.08.2026 13.08.2026 14.08.2026 15.08.2026 16.08.2026 17.08.2026 18.08.2026 19.08.2026 20.08.2026 21.08.2026 22.08.2026 23.08.2026 24.08.2026 25.08.2026 26.08.2026 27.08.2026 28.08.2026 29.08.2026 30.08.2026 31.08.2026
INT001 -49.032 -5.922 -14.156 -14.780 -54.708 -45.674 -56.080 -48.628 -2.060 46.471 -10.063 -39.434 -16.419 -18.619 -13.991 -10.988 -5.264 -15.600 85.643 -23.644 -22.449 -41.861 -47.379 7.751 -21.930 22.414 -37.367 -14.142 -7.857 -4.224 -28.180
INT002 -35.865 3.181 -11.630 3.310 -44.587 -57.143 -49.206 -40.416 8.557 44.553 -1.969 -37.706 -2.335 -15.344 -7.319 -2.016 -2.258 -11.277 67.415 -13.337 -9.137 -27.501 -48.430 2.646 -25.120 5.152 -45.581 -10.949 -38.873 -0.859 -33.796
INT003 -43.407 -8.437 -4.901 8.320 -20.066 -40.745 -45.696 -28.003 1.115 57.239 -9.126 -23.253 5.213 -12.652 -5.158 -2.017 12.915 -4.274 36.809 -23.612 -5.449 -17.651 -29.091 14.829 -41.471 5.226 -40.650 12.145 -1.473 4.320 -23.759
INT004 -25.502 -14.207 -5.125 8.624 -16.721 -32.602 -36.603 -19.288 7.500 62.456 1.395 -8.365 3.681 -9.520 -21.503 -5.584 22.029 1.574 17.784 -48.539 -8.438 -24.147 -34.969 16.686 -44.760 -14.159 -17.085 26.652 11.110 0.548 -14.002
INT005 -10.213 5.269 -13.295 -3.984 -38.364 -20.441 -24.187 -20.592 -14.132 55.759 -8.901 -9.109 35.477 -27.808 -18.653 -5.845 10.747 -25.342 8.298 -39.005 0.899 -26.349 -30.633 -12.487 -59.350 -11.095 -9.580 -1.266 2.519 -18.103 -27.977
INT006 -5.378 7.616 1.082 9.905 -45.439 -22.686 -8.455 -29.558 2.249 39.681 -7.543 -13.147 22.545 -30.203 -22.214 -11.769 4.823 -38.634 10.759 -23.617 -8.370 -31.762 -12.330 5.222 -42.101 -0.002 -14.736 -18.015 19.067 -4.331 -24.071
INT007 -11.961 1.170 -1.822 11.683 -44.523 -6.650 1.689 -52.532 -7.201 10.476 4.497 -2.954 24.796 -27.031 -31.930 -8.029 13.016 -39.950 5.210 -20.423 0.328 -29.209 -12.094 13.677 -42.512 22.878 0.020 -13.404 23.247 -9.011 -11.315
INT008 -10.529 -4.502 -13.762 30.641 -46.015 -0.246 13.448 -51.234 -10.494 8.146 3.531 4.660 21.175 -35.908 -23.412 -13.598 13.802 -37.521 -4.303 -20.086 -0.101 -43.849 -5.365 24.963 -16.867 7.031 5.079 -18.034 27.141 -20.868 -1.324
INT009 -9.689 0.779 -7.076 10.856 -31.059 -6.766 11.707 -62.715 -12.970 1.542 -1.047 3.713 10.828 -32.978 -29.318 -0.075 8.137 -47.735 4.471 -26.434 3.730 -40.732 -1.669 24.319 6.570 6.824 -3.581 -27.956 7.301 -41.836 -2.467
INT010 -25.886 -5.871 -1.032 0.915 -31.845 4.775 11.297 -62.358 -28.829 -16.216 -0.268 14.593 7.321 -19.115 -29.707 4.303 12.464 -38.781 -0.361 -26.717 -24.168 -26.916 3.745 47.506 0.076 4.628 5.706 -25.766 -3.444 -49.508 3.578
INT011 -18.709 -5.312 -6.267 -12.858 -15.209 15.206 2.365 -53.819 -17.605 -14.310 2.468 35.066 2.586 -21.527 -38.433 -0.946 17.079 -17.801 -26.764 -24.568 -24.500 -25.205 3.088 41.207 -20.511 12.850 -7.651 -6.675 -13.856 -38.164 5.775
INT012 -15.512 0.829 -8.334 -22.297 -11.348 28.856 5.291 -35.058 -14.157 -18.802 0.726 56.435 10.600 -29.360 -40.813 -2.904 28.734 -7.303 -32.157 -21.713 -25.995 -31.750 -11.001 31.473 -23.026 21.752 -7.492 -5.032 -10.341 -26.913 5.388
INT013 -27.709 -2.708 -17.837 -20.593 -17.792 27.740 31.549 -45.522 4.082 -16.261 -5.858 52.141 -3.449 -28.869 -27.839 -5.387 46.398 -5.609 -14.687 -21.797 -8.783 -23.713 -8.351 44.373 -26.276 29.072 5.349 7.089 -23.350 -34.294 0.351
INT014 -32.778 -6.830 2.473 -15.852 -14.458 21.745 38.053 -16.317 -13.848 -6.318 -6.476 60.734 -2.110 -28.106 -27.531 4.040 40.713 0.188 -28.245 -25.311 3.652 -12.039 -15.622 55.663 -15.723 20.237 0.103 8.823 -27.317 -28.524 -12.874
INT015 -34.656 -6.518 -9.367 -4.047 -10.884 20.349 53.336 -3.538 5.224 -21.972 1.229 60.028 -10.799 -27.853 -12.837 -11.656 36.341 -1.965 -39.940 -22.883 -3.097 -15.668 -11.411 43.222 -3.531 23.018 0.104 10.743 -28.618 -21.214 -19.322
INT016 -29.746 -10.028 2.384 1.650 -15.604 19.252 55.957 3.458 5.587 -20.820 -1.573 41.083 -8.258 -31.340 -9.311 -4.343 35.573 -1.194 -32.284 -23.028 -5.770 -29.460 -4.426 31.864 -14.152 12.897 -7.266 3.332 -19.908 -22.636 -17.354
INT017 -20.514 -16.941 -0.261 -5.270 -3.506 16.068 36.184 18.764 4.001 -15.873 -6.077 34.788 -4.447 -25.431 -10.609 3.767 33.581 -6.647 -15.844 -21.811 11.275 -22.505 -15.754 35.829 -14.596 18.736 -6.370 -1.700 -23.426 -8.162 -18.012
INT018 -26.579 -12.935 -1.336 -2.952 1.668 14.219 36.005 11.605 -8.843 -27.919 -8.256 44.116 -5.699 -28.360 -14.043 -7.490 27.465 -17.932 -19.595 -22.780 20.949 -23.638 -7.708 35.717 -21.996 -3.328 -1.428 -3.153 -32.490 -4.783 -3.422
INT019 -25.919 -21.086 -6.292 -11.780 -0.838 -8.487 31.469 -20.835 -7.416 -23.398 -7.557 35.917 -14.992 -30.015 -0.627 -8.305 19.903 -17.073 -26.630 -19.447 6.533 -31.337 6.476 32.653 -43.449 -20.844 -13.536 3.605 -40.334 -10.843 -10.554
INT020 -14.631 -14.412 -2.192 -5.097 -4.359 -4.379 15.756 -22.247 -6.833 -15.621 -18.491 27.521 -7.930 -34.337 -3.006 -4.066 15.679 -12.457 -24.384 -13.150 9.545 -27.017 38.238 32.997 -4.894 -39.979 -5.748 -5.520 -25.161 -1.683 -2.591
INT021 -17.702 -9.837 1.623 9.059 -3.859 -0.608 1.855 -36.651 -2.059 -19.690 -13.568 7.859 -2.502 -46.149 0.893 -6.999 7.536 -18.118 -3.083 -5.022 2.544 -21.746 52.196 50.091 -5.041 -78.219 -8.885 -9.806 -19.333 -32.496 -7.489
INT022 -18.981 -13.991 -1.110 -6.531 3.682 -9.039 -8.140 -55.478 -10.262 -25.346 -2.347 24.816 -17.143 -38.697 15.381 -5.333 4.850 -20.022 -22.300 -6.929 -1.019 -29.623 80.356 45.780 -3.641 -94.669 -2.901 -22.940 -26.579 -19.920 -18.103
INT023 -16.574 -11.188 -1.872 -2.691 5.762 -16.180 -7.188 -70.830 -8.180 -43.690 2.224 41.670 -28.538 -36.412 12.930 0.856 2.949 -25.865 -41.480 -12.587 24.498 -30.353 76.867 52.552 -28.309 -137.157 -4.737 -41.972 -16.616 -20.049 -21.716
INT024 -15.852 0.995 4.055 -17.195 8.473 -26.781 -15.857 -61.192 -5.124 -44.751 3.944 31.204 -37.264 -40.286 13.203 -2.795 -6.805 -22.117 -39.756 -14.282 -6.227 -45.122 94.951 44.159 -27.204 -186.260 -19.691 -48.295 -7.240 -17.640 -8.617
INT025 -23.915 -2.464 14.487 -8.828 -4.729 2.001 0.705 -52.276 -16.164 -53.336 -1.076 19.737 -51.314 -18.850 14.714 -4.865 14.318 -12.094 -21.628 -3.137 6.199 -37.436 71.790 40.250 -18.422 -168.669 17.536 -80.168 -4.580 -15.757 -9.255
INT026 -5.876 -11.665 18.060 1.865 -2.240 -9.439 -8.078 -60.950 -2.182 -47.048 3.065 36.353 -42.406 -32.898 3.586 -0.764 3.758 -17.909 -28.856 -13.038 3.473 -31.945 62.399 27.617 -0.316 -165.316 -1.646 -86.528 -5.818 17.068 -21.459
INT027 -12.352 -3.913 3.316 2.662 -13.343 -16.263 -18.428 -33.342 -19.865 -57.649 7.903 42.224 -45.147 -36.697 10.861 -14.310 7.267 -9.099 -35.852 -10.011 4.585 -38.257 45.189 16.405 -3.626 -154.128 -3.773 -60.023 -1.165 -6.109 -11.969
INT028 -8.153 4.676 21.040 7.501 -14.380 -10.113 -25.404 -26.601 -19.435 -62.850 12.131 45.849 -63.355 -37.530 15.255 -13.113 -0.395 -9.774 -30.363 -13.191 14.521 -30.017 38.484 12.778 4.821 -132.195 -1.834 -49.792 0.442 -3.560 -27.950
INT029 -19.244 -3.477 43.226 -4.054 -31.412 -7.527 -7.713 -38.724 -24.601 -40.200 -6.491 40.680 -70.094 -10.400 4.419 -19.228 9.286 16.985 -12.654 3.980 20.967 -11.934 -10.644 8.004 42.183 -120.915 -5.634 -30.997 3.745 -25.592 -30.146
INT030 -12.592 3.652 52.828 4.588 -39.803 -6.462 -12.117 -28.119 -24.642 -45.356 2.643 47.602 -72.556 -15.232 -6.460 -20.679 1.941 1.504 -21.144 4.998 0.987 -1.134 -18.191 20.242 73.592 -114.313 9.769 -43.610 11.471 -51.674 -31.265
INT031 -5.418 9.647 44.757 -7.560 -35.045 -15.319 -16.845 -14.947 -13.051 -49.134 13.564 30.194 -91.873 -22.796 1.352 -14.960 8.873 -21.834 -30.403 13.907 -2.349 -0.244 -27.367 10.278 114.110 -122.737 3.234 -40.803 17.756 -45.179 -44.101
INT032 -14.389 16.788 30.292 -13.670 -27.222 -16.045 -11.279 -25.018 1.677 -22.821 22.118 14.669 -106.737 -14.699 -1.073 2.583 25.595 -39.997 -30.736 29.285 -18.376 -41.109 -23.913 16.481 135.051 -103.696 27.127 -40.883 22.924 -35.044 -1.558
INT033 -18.064 13.085 29.254 -8.465 -37.001 -2.231 -1.707 -37.659 15.539 -35.852 6.336 -3.734 -82.539 -31.673 -27.151 -9.611 24.095 -60.174 -13.771 13.661 -50.711 -30.793 -31.580 -7.624 135.130 -99.009 31.856 -54.813 4.779 -62.289 -3.086
INT034 -8.748 11.961 26.010 -0.005 -28.946 -1.516 -5.011 -17.405 27.703 -20.691 9.241 2.196 -100.331 -20.855 -30.079 -16.895 41.296 -66.396 -9.476 29.957 -53.614 -29.530 -28.960 -12.619 143.641 -70.699 -6.214 -50.069 -6.141 -41.034 22.409
INT035 -0.677 -1.209 37.296 -3.336 -17.161 -0.658 0.494 -21.044 21.270 -14.665 0.143 30.613 -111.390 -20.643 -21.147 -9.876 52.439 -52.336 -0.857 27.816 -33.454 -21.764 -21.697 9.759 100.042 -31.687 -23.803 -67.542 24.369 -33.182 46.343
INT036 15.120 -4.672 22.161 14.158 -4.446 -19.871 -2.419 -10.809 28.325 -5.912 -1.343 43.733 -95.379 -4.145 -14.856 -10.132 56.483 -61.974 6.186 25.879 -2.035 -1.056 -11.406 28.291 86.292 -51.700 -48.133 -53.332 36.333 -32.511 59.236
INT037 2.043 -6.825 2.884 25.595 -34.098 -19.696 -12.732 -43.424 16.441 14.193 -12.759 9.358 -5.925 -28.461 -71.401 -37.604 17.389 -50.864 -33.880 13.952 -30.109 -32.341 -3.607 19.801 41.625 -47.459 -73.680 -49.475 27.380 -21.318 53.717
INT038 12.172 -13.449 -2.767 34.666 -15.390 -22.925 -29.362 -29.236 -10.551 39.445 -6.224 -1.028 45.431 -3.456 -41.446 -23.805 28.329 -30.906 -50.763 26.961 -11.872 -23.221 10.619 41.746 57.554 -39.773 -88.058 -47.779 23.292 -20.449 31.087
INT039 -0.696 -20.839 0.320 36.800 2.511 -50.967 -38.124 -31.030 -2.681 74.757 8.788 -22.394 46.420 -6.095 -19.377 -27.461 32.473 -10.853 5.185 40.521 -11.898 -32.658 14.031 45.726 60.637 -25.529 -76.156 -26.689 25.837 4.888 34.811
INT040 -3.222 -10.109 -2.254 48.329 13.421 -26.288 -60.321 -15.958 -19.839 86.141 5.535 -53.025 31.434 17.961 -6.313 -9.936 21.024 -10.107 16.390 53.227 10.546 -16.009 17.064 44.665 72.896 8.097 -45.701 34.181 37.250 12.142 64.714
INT041 2.425 -24.550 -0.015 50.460 -23.360 -24.760 -73.799 2.044 -44.149 57.950 -7.095 -49.381 51.489 0.839 -8.407 -59.116 -16.285 -12.187 -27.436 37.202 23.052 -30.801 29.539 9.742 14.829 -21.421 -42.349 -19.570 15.023 11.805 20.026
INT042 -44.817 -12.194 25.320 34.011 -6.472 -11.785 -74.492 -15.855 -58.800 83.850 -17.430 -10.463 65.533 4.192 -5.493 -65.294 -13.801 -10.834 -33.563 31.490 7.127 -12.961 30.982 39.328 36.488 26.244 4.503 -19.347 9.427 23.045 24.914
INT043 -53.352 -5.228 19.414 36.098 2.606 10.256 -50.789 -6.690 -16.314 46.718 -2.368 -9.225 55.996 19.088 6.054 -56.636 -3.017 -8.722 -49.884 49.625 25.871 -4.501 24.655 43.783 52.022 26.740 44.373 4.818 38.166 24.193 26.950
INT044 -44.450 -0.675 29.109 39.998 19.119 39.690 6.054 11.280 -3.675 49.244 12.260 10.460 42.272 12.277 12.188 -45.395 -0.998 -7.367 -86.172 49.805 13.132 0.533 6.375 39.009 70.155 21.258 36.183 12.029 22.513 20.207 35.648
INT045 -18.552 9.576 20.715 21.364 5.824 2.734 -25.752 2.520 8.101 14.416 -42.995 35.276 9.413 -29.596 -1.575 -57.916 -25.693 -34.489 -154.088 21.792 9.816 3.154 21.107 -9.264 44.667 42.061 12.880 10.616 19.512 26.765 19.335
INT046 -24.003 11.856 14.618 5.877 0.879 42.852 -6.720 15.375 24.838 25.742 -24.594 22.966 37.176 -11.373 -8.755 -29.578 -14.856 -16.077 -159.738 20.224 -23.169 6.500 21.766 -2.053 35.047 63.529 -19.567 13.295 17.205 16.204 32.424
INT047 -21.302 19.222 10.665 27.085 12.157 13.181 -13.670 21.306 33.369 28.003 -14.714 28.598 39.364 -7.316 -0.958 -10.455 -16.995 4.200 -147.884 26.041 -14.136 -5.923 -0.990 10.087 39.465 66.494 -10.520 25.327 20.121 23.108 35.186
INT048 -15.449 19.425 13.715 30.984 12.869 11.805 -0.234 30.790 33.250 21.001 1.999 15.718 42.014 -0.607 -5.879 -8.969 -5.352 16.723 -108.068 47.247 -2.702 4.660 -5.495 -9.573 54.856 78.448 -19.065 64.832 21.317 17.654 66.653
INT049 4.436 22.956 7.803 18.653 -4.195 34.820 35.730 33.906 55.930 25.131 11.551 6.493 30.050 -16.553 18.302 -11.199 -0.631 -1.265 -81.110 32.580 -56.380 -10.451 12.192 -21.910 14.873 70.518 -46.562 69.476 34.834 35.368 58.448
INT050 11.792 19.422 11.820 36.480 -5.945 16.830 34.229 19.536 66.844 39.464 9.830 11.709 28.922 -7.583 7.852 -7.203 0.261 14.747 -59.230 39.298 -59.835 -7.592 10.641 -1.932 1.882 67.668 -46.316 80.730 10.408 32.343 62.503
INT051 12.297 18.257 35.604 43.380 -19.499 7.841 36.772 27.848 68.155 23.665 21.248 21.035 74.439 10.799 23.117 6.026 -0.861 14.573 -22.011 32.823 -60.447 -7.417 11.181 3.189 -32.017 95.037 -58.097 81.373 11.324 73.824 45.709
INT052 15.247 20.467 23.400 62.604 -21.594 -8.151 53.229 45.892 58.556 20.816 26.745 21.687 58.764 2.139 17.340 16.739 2.867 29.767 -18.344 40.650 -27.736 -24.779 3.943 -3.686 -15.919 94.693 -20.460 71.056 0.727 45.525 39.587
INT053 31.863 9.788 47.041 61.734 -21.261 7.610 78.890 34.317 85.890 39.040 14.814 29.724 55.484 39.387 18.846 12.691 28.888 49.123 -20.287 39.285 -30.243 -29.554 -12.637 7.552 -12.167 104.461 -7.364 28.600 -10.437 34.351 25.413
INT054 32.685 12.314 50.922 59.521 -40.927 -6.994 103.453 25.687 98.562 42.738 7.643 29.173 70.455 29.337 22.071 2.421 16.451 55.374 -8.019 30.124 -39.364 -39.937 11.188 1.615 -18.667 91.811 -0.646 63.793 -6.962 44.439 21.602
INT055 1.600 23.270 37.138 53.264 -35.557 -3.642 116.516 17.567 93.053 28.215 -5.572 47.043 72.183 31.792 27.909 1.765 -7.254 56.293 -2.657 24.655 -20.632 -21.368 -0.166 -25.184 -24.219 79.875 -3.183 68.784 25.162 23.603 7.959
INT056 16.291 24.796 10.115 45.064 -38.708 -2.976 98.533 -3.267 81.587 36.547 -0.204 35.372 82.052 39.453 37.502 1.543 4.510 15.428 41.590 29.216 -4.812 -15.250 16.873 8.562 -29.308 67.525 2.670 64.029 26.325 18.121 14.016
INT057 9.474 20.245 4.976 66.270 -16.072 -4.343 65.169 0.481 38.433 31.969 18.004 47.580 55.234 24.772 26.006 -0.088 -6.870 0.696 19.260 46.696 1.176 -25.839 -1.484 8.660 -9.013 38.447 36.513 41.962 18.773 7.058 22.810
INT058 1.590 24.592 11.115 47.609 -26.512 6.945 60.658 5.171 14.625 35.652 14.218 45.516 59.526 -12.492 35.359 -1.549 2.803 18.852 66.089 23.811 -4.710 -22.620 10.651 21.412 -1.798 34.992 29.230 48.360 64.469 10.652 7.655
INT059 12.674 20.609 4.846 43.614 6.867 -6.026 60.513 -10.325 19.659 35.740 18.424 41.871 75.618 -0.224 17.350 2.628 6.807 28.637 70.561 51.182 9.123 -30.693 2.392 -5.375 -1.707 24.830 30.006 46.631 52.425 9.841 24.740
INT060 3.524 28.688 -17.412 19.062 8.654 -26.716 28.315 -9.324 37.188 28.458 35.582 50.707 103.319 -1.179 3.510 1.071 21.242 31.185 97.295 77.298 -14.204 -24.460 25.385 8.138 0.081 17.097 22.346 63.069 37.729 -12.598 13.667
INT061 -12.235 46.172 -29.721 -7.408 25.442 -23.284 4.048 -1.537 44.113 38.294 31.489 59.179 89.856 15.341 34.049 14.769 11.191 43.526 59.296 55.383 7.524 -43.190 1.639 -13.047 5.591 -14.140 26.094 62.326 14.617 -3.644 34.254
INT062 -0.137 33.367 -1.449 3.611 23.489 -14.150 -22.417 -46.976 48.521 36.156 14.656 55.899 87.404 3.181 42.788 17.489 21.226 37.283 45.616 28.756 2.342 -52.334 4.027 -13.379 -21.452 -29.898 12.226 51.216 -13.979 29.161 41.613
INT063 6.499 11.609 -9.269 0.685 23.128 -26.281 -27.360 -17.535 37.575 11.737 13.247 48.766 86.802 7.941 18.600 8.922 28.616 55.477 53.580 16.878 -23.368 -71.002 -15.045 -21.614 -25.287 -13.317 20.708 42.845 -17.358 25.009 27.818
INT064 -15.970 16.429 -38.614 -3.238 -0.903 -35.763 -17.017 7.092 29.465 22.461 -6.772 45.147 66.337 3.074 11.108 -7.780 31.188 33.597 2.542 19.712 -46.811 -69.117 17.112 -18.012 -3.643 -13.462 0.338 31.693 -7.662 19.186 28.010
INT065 -35.962 18.232 -23.201 32.603 -3.556 -28.496 -3.311 16.370 36.205 14.713 9.967 60.593 76.451 35.984 37.219 6.894 98.247 18.753 34.512 18.000 -42.624 -73.964 19.292 1.026 36.004 -20.744 6.087 68.996 -5.463 13.690 11.998
INT066 -37.361 -6.628 11.392 -2.319 -11.480 -33.254 3.103 12.832 17.521 33.791 7.448 64.439 34.876 4.749 20.955 -10.757 85.400 27.064 19.884 3.426 -73.346 -80.428 23.865 55.709 20.505 -28.961 32.419 52.221 -25.941 18.298 5.210
INT067 -31.741 -25.775 31.263 18.489 -29.630 -69.637 12.722 -6.621 14.711 37.999 -7.165 82.075 33.419 -21.740 20.409 -7.493 80.492 30.939 33.572 -5.479 -94.404 -79.142 10.086 73.306 30.009 -21.292 69.830 98.028 -39.361 11.597 15.590
INT068 -41.942 -20.374 27.194 8.801 -42.884 -63.446 20.770 2.203 -1.178 26.419 -16.776 81.329 5.915 -18.342 1.599 -19.415 57.695 26.124 24.372 -30.726 -89.103 -81.424 15.611 76.911 37.498 -21.084 63.784 67.301 -56.373 -8.817 8.936
INT069 -24.099 -18.063 53.088 18.638 -42.646 -30.524 34.341 10.747 1.783 22.137 -27.402 36.851 43.705 -11.384 -14.298 -30.399 41.461 44.018 37.502 1.334 -43.566 -78.670 11.764 138.872 56.841 -34.847 44.607 50.172 -32.836 9.729 -8.041
INT070 -16.165 -9.335 39.323 22.534 -59.845 -40.289 26.796 20.604 -0.586 28.937 -24.957 53.513 36.263 16.099 -9.275 -4.041 10.801 10.244 15.772 -19.857 -48.198 -62.637 -14.898 148.580 56.034 -39.709 68.404 61.660 14.446 -9.360 -28.923
INT071 -10.705 -27.673 20.154 3.189 -72.569 0.865 5.127 52.966 -0.049 11.696 -36.652 60.816 44.996 -17.130 -13.002 -11.564 -39.754 -2.541 28.856 -24.604 -65.942 -67.260 12.131 118.372 15.674 -4.976 51.589 15.210 -15.257 6.415 -45.746
INT072 -28.905 -16.126 -3.689 -13.922 -63.457 -20.714 -7.649 40.932 -1.292 -5.462 -35.008 63.014 31.047 -27.256 -33.672 -22.872 -45.727 -10.404 1.241 -40.012 -57.489 -81.166 -2.904 82.425 -1.859 0.744 22.515 -8.742 -30.804 -26.306 -64.492
INT073 18.737 10.451 7.995 9.500 -18.822 67.072 -17.272 54.029 -6.181 33.786 -5.878 70.646 53.393 42.356 -24.108 -4.956 -24.452 6.456 21.540 -17.533 3.806 -47.786 3.664 90.711 -32.219 26.117 -9.477 -11.001 15.003 4.056 -44.523
INT074 14.335 -10.433 -12.309 -1.463 -6.747 89.947 -20.763 90.226 -1.072 2.465 -7.273 73.569 34.587 27.945 -32.317 -30.122 -36.194 2.965 -14.739 -21.637 -3.582 -78.361 -0.706 75.009 -27.316 14.332 -20.253 -47.824 26.349 -30.175 -61.567
INT075 -9.809 -23.633 -23.223 -12.414 -25.920 69.053 -22.547 95.570 2.318 -1.167 -12.225 50.030 31.374 9.911 -33.346 -24.940 -67.189 -24.950 -32.797 -30.133 -19.693 -83.319 -10.673 59.330 -36.957 -5.260 13.472 -61.673 20.690 -30.845 -75.358
INT076 -11.238 -16.457 -41.665 -31.755 -31.554 61.381 -2.745 89.624 -8.357 -34.984 -36.646 28.416 14.797 -6.973 -35.534 -31.264 -85.745 -44.829 -36.034 -60.123 -33.752 -85.697 -14.473 59.692 -37.698 18.046 21.157 -80.818 10.101 -32.413 -81.668
INT077 17.476 -1.366 -6.461 0.125 -28.110 30.382 -7.707 112.461 21.005 2.090 -6.913 35.547 19.138 -8.542 -4.804 -26.703 -43.485 -17.908 -28.317 -58.319 -41.817 -63.484 -12.208 66.505 -4.388 10.932 21.917 -81.983 16.009 2.570 -86.581
INT078 7.511 -5.393 -14.569 -15.867 -36.360 7.932 -16.332 97.956 14.665 -5.084 -23.614 26.931 22.508 -10.127 -26.691 -33.047 -38.893 -15.948 -69.140 -57.071 -43.963 -62.587 -24.384 57.739 -18.475 -2.331 47.007 -77.723 16.842 7.561 -86.537
INT079 -3.336 -8.786 -19.057 -25.913 -89.062 -3.410 -32.364 92.388 -1.108 -32.767 -41.198 24.234 -14.255 -27.130 -29.553 -45.364 -33.585 -19.716 -160.732 -57.705 -30.680 -66.307 -18.503 47.030 -0.714 -3.522 20.575 -89.973 5.822 -5.799 -91.998
INT080 -8.712 -13.565 -15.531 -44.089 -90.265 -18.709 -21.868 66.122 -6.898 -40.902 -45.878 14.860 -8.696 -31.088 -27.605 -47.324 -28.996 -15.962 -89.339 -69.535 -26.496 -52.423 -16.903 29.535 1.712 -16.475 23.867 -86.066 -4.065 -2.693 -91.870
INT081 -3.205 -13.511 -6.485 -6.116 -96.412 5.668 -27.158 65.744 2.599 -35.533 -24.000 20.973 37.173 -11.072 -3.388 -41.161 -5.090 9.505 -51.845 -36.311 -26.260 -58.720 -10.003 26.160 7.396 -15.867 5.140 -63.502 -22.272 14.129 -42.431
INT082 -4.804 -4.801 -11.349 -19.430 -86.817 -3.747 -24.631 62.183 13.349 -30.974 -27.227 18.542 45.609 -14.818 -4.739 -45.665 10.861 16.238 -56.730 -25.983 -33.170 -44.777 -15.966 17.002 -12.296 -27.284 -7.439 -81.325 -33.154 2.432 -43.837
INT083 10.429 -8.521 -9.740 -5.811 -93.489 -9.703 -27.824 48.396 16.615 -37.289 -18.369 17.958 49.567 -20.191 -4.444 -45.617 10.423 -13.114 -60.226 -32.577 -16.510 -43.390 -1.221 2.997 -8.895 -38.626 14.181 -67.160 -34.889 -9.635 -64.300
INT084 5.520 -8.047 -7.802 -22.157 -101.639 -10.552 -22.623 35.379 10.771 -52.036 -28.301 16.723 33.738 -29.334 -6.431 -63.449 -5.976 -11.087 -87.650 -23.496 -18.538 -45.392 -13.664 -12.736 -4.675 -42.273 8.671 -59.767 -41.480 -11.073 -67.521
INT085 -14.418 -11.702 -17.086 -18.077 -141.736 -13.011 -24.800 34.106 3.681 -73.634 -20.616 22.363 31.540 -16.361 15.915 -64.623 -25.006 -18.455 -93.855 -33.631 -17.894 -47.202 -12.849 22.633 28.901 -23.052 -22.437 -15.590 -37.344 -29.765 -61.113
INT086 -5.548 -11.235 -19.110 -17.025 -146.735 -2.026 -9.916 28.526 8.399 -72.141 -19.458 19.024 33.134 -8.918 4.780 -51.129 -19.469 -19.699 -70.368 -22.822 -7.985 -45.284 -14.162 30.679 33.935 -26.854 -11.484 -10.820 -32.963 -15.825 -55.822
INT087 5.912 0.942 -21.739 -10.728 -147.750 0.438 -13.327 24.132 22.020 -92.631 -15.984 20.783 33.763 -7.785 8.076 -38.677 -6.417 -18.575 -61.693 -40.805 -4.127 -38.630 -9.716 19.291 32.116 -11.952 -18.353 -1.960 -18.518 -13.675 -47.302
INT088 8.771 -6.375 -24.808 -14.535 -142.846 10.963 -9.075 19.731 39.319 -96.386 -21.074 40.679 33.849 -12.745 9.973 -18.234 6.365 -21.150 -58.840 -27.386 -0.634 -19.944 -4.059 24.285 33.423 1.289 -35.415 -7.960 -7.910 -20.613 -39.025
INT089 -13.197 -10.069 -32.963 -31.502 -162.694 -6.318 -9.657 9.707 32.105 -61.463 -38.247 12.177 -4.095 -33.591 -6.519 -10.356 -23.183 -40.325 -61.414 -40.946 -13.279 -19.764 -14.919 -4.797 17.036 -6.815 -47.290 6.555 23.180 -5.761 -35.261
INT090 8.898 -1.943 -27.680 -24.845 -156.026 -3.452 -23.957 11.406 40.052 -34.624 -29.934 31.055 -29.808 -36.295 -1.782 -7.236 -4.803 -38.932 -53.586 -0.730 -22.845 -13.287 -9.357 -5.938 29.405 -3.237 -4.315 24.161 13.071 -20.386 -38.336
INT091 5.412 -18.649 -16.105 -29.056 -129.806 4.112 -3.016 0.252 50.215 -13.504 -28.305 27.605 -25.589 -30.189 -4.303 -4.146 6.063 -18.349 -49.009 -3.856 -11.932 -2.168 0.393 -1.555 36.224 -1.582 -3.409 24.201 12.600 -16.533 -28.618
INT092 11.027 -17.200 -7.258 -18.973 -123.631 -3.708 -1.907 5.602 40.067 -3.416 -25.749 33.456 -27.992 -27.929 -12.230 2.394 17.561 8.395 -44.711 -4.258 0.263 5.607 7.873 2.769 64.222 7.834 -2.583 21.541 9.187 -12.896 -27.078
INT093 -5.233 -25.076 -25.280 -23.637 -135.793 -31.936 -21.793 7.872 20.197 -5.065 -26.597 20.826 -19.917 -41.303 -26.535 -14.334 1.419 20.512 -57.723 -15.573 -25.738 -12.563 -3.548 0.913 59.898 -26.265 -13.490 16.049 -1.185 -14.704 -37.292
INT094 -11.092 -18.773 -17.330 -36.617 -127.275 -40.066 -24.338 8.342 -0.840 -7.619 -30.500 15.752 -35.069 -41.840 -35.464 -22.622 -0.033 52.443 -48.623 -22.377 -35.184 -12.099 -5.741 5.201 60.692 -28.900 -20.129 20.203 -16.376 -32.172 -45.111
INT095 -24.762 -34.748 -16.344 -26.461 -95.501 -33.017 -24.316 5.879 10.221 -13.138 -25.387 3.672 -25.665 -28.292 -34.290 -31.233 3.671 83.883 -35.693 -15.673 -46.216 -28.388 7.201 -3.382 54.658 -23.140 -10.293 27.130 -22.786 -26.953 -43.804
INT096 -31.822 -15.228 -3.009 -17.519 -87.393 -18.407 -25.740 2.555 33.561 -0.260 -25.061 7.422 -6.966 -20.695 -29.980 -20.232 1.853 107.159 -25.973 -11.812 -41.096 -26.045 3.554 -5.833 27.915 -37.087 -13.225 28.796 -36.556 -33.061 -55.189
Situatie privind dezechilibrul SEN pentru fiecare interval de decontare din luna Octombrie 2024
1/1