PDF PAGE 1
Data: 21.01.2026
MWh MWh
Interval/Data 01.11.2025 02.11.2025 03.11.2025 04.11.2025 05.11.2025 06.11.2025 07.11.2025 08.11.2025 09.11.2025 10.11.2025 11.11.2025 12.11.2025 13.11.2025 14.11.2025 15.11.2025 16.11.2025 17.11.2025 18.11.2025 19.11.2025 20.11.2025 21.11.2025 22.11.2025 23.11.2025 24.11.2025 25.11.2025 26.11.2025 27.11.2025 28.11.2025 29.11.2025 30.11.2025
INT001 -10.857 24.664 15.246 21.792 -14.075 -8.371 15.474 24.624 49.493 -4.762 -18.342 -10.596 20.330 8.516 -6.044 7.882 -43.048 -13.382 36.102 25.215 26.999 -20.243 -11.572 48.530 44.399 2.185 5.976 -14.742 26.665 -66.455
INT002 0.602 17.490 -6.763 16.773 -18.336 -4.212 18.469 20.990 48.818 -14.911 -27.781 -24.860 26.113 -0.041 9.994 7.990 -4.404 -28.962 44.849 9.653 14.984 -12.078 -24.211 44.730 37.896 -2.267 14.680 -21.559 28.787 -100.453
INT003 3.824 24.733 -12.529 23.540 -8.969 -4.749 25.436 20.985 36.944 -7.879 -46.629 -18.773 23.906 9.179 5.638 -1.011 5.429 -9.838 34.835 25.688 22.333 1.196 -33.086 36.931 54.586 2.197 26.098 -25.182 23.798 -115.024
INT004 2.506 46.041 -28.815 27.730 2.159 -6.742 25.926 18.251 56.687 -8.089 -50.758 -7.690 21.361 12.486 11.827 27.498 32.831 -9.917 57.672 21.452 20.571 3.650 -16.737 25.001 43.836 -17.676 21.537 -8.422 26.861 -105.552
INT005 5.492 34.902 12.369 -9.867 20.539 5.034 9.609 -10.358 36.902 -19.557 -71.651 17.853 11.286 -19.507 27.771 2.183 6.699 -19.490 31.924 -22.236 3.053 -0.192 -30.543 51.778 8.338 0.126 4.674 5.518 76.161 -133.342
INT006 11.733 37.547 26.170 -3.419 21.536 2.917 9.309 -14.269 40.153 -17.882 -39.334 18.424 12.812 -31.954 44.774 10.003 2.859 -26.968 27.685 -31.821 -19.541 17.920 -26.307 60.297 11.270 12.284 -18.258 -4.928 76.323 -122.916
INT007 2.329 18.311 21.392 3.872 14.771 -2.768 -2.595 -26.575 18.321 -18.253 -42.696 9.497 7.610 -6.584 53.262 17.711 15.961 -9.939 44.854 -30.986 -17.842 37.158 -39.299 71.999 24.334 4.212 -24.030 -1.871 55.226 -110.430
INT008 -13.379 8.348 32.349 0.929 18.538 5.444 -18.475 -17.179 19.097 -12.270 -32.401 4.049 -0.598 -3.603 39.918 35.098 0.467 2.294 30.731 -26.962 -35.192 16.587 -20.568 71.586 31.487 10.804 -47.930 13.506 38.325 -91.025
INT009 -23.300 13.133 43.930 -7.060 18.903 2.283 0.478 -18.890 19.459 -4.564 3.080 7.358 -3.204 -6.704 25.793 35.954 -3.562 11.411 13.778 -31.883 -30.731 -0.267 -5.626 45.419 8.980 -3.907 -48.813 21.239 30.859 -98.488
INT010 -16.159 -3.014 75.601 -13.808 35.802 -5.451 -32.905 -22.506 -5.119 -8.140 11.662 5.944 -2.304 -9.800 20.414 15.618 -2.498 30.652 5.701 -29.912 -26.893 -17.906 5.187 54.401 -7.265 -16.261 -71.630 21.344 43.254 -102.272
INT011 -18.335 -3.415 61.489 6.666 12.358 4.145 -51.569 -12.029 -3.605 -3.071 -5.113 16.603 -6.250 -3.357 14.806 12.194 -4.332 19.219 26.967 -17.453 -45.916 -16.833 -1.159 50.261 -6.324 -21.825 -63.457 24.931 68.205 -97.244
INT012 -28.922 -2.102 44.687 17.365 15.857 13.407 -85.510 -0.736 10.110 -0.367 18.051 15.044 6.553 -19.391 11.765 39.525 5.744 4.245 22.878 -5.793 -49.976 -9.723 1.699 46.535 -6.219 -41.911 -50.503 49.553 84.706 -88.840
INT013 -11.638 22.551 36.300 20.013 20.253 20.824 -89.176 0.434 42.639 6.097 21.915 3.240 2.445 9.085 -0.763 66.635 0.928 -8.807 13.727 -1.569 -47.111 3.750 0.437 56.823 7.856 -51.600 -35.549 27.432 56.064 -76.354
INT014 -17.170 21.763 35.144 37.195 -4.667 14.562 -74.864 6.543 5.717 9.332 2.664 10.953 -1.949 1.332 12.297 38.743 1.077 -1.024 13.513 -11.526 -45.646 8.343 -0.168 64.604 17.937 -49.160 -38.622 22.174 31.664 -71.505
INT015 -8.561 27.099 28.489 45.692 -4.329 12.856 -79.399 -3.051 15.335 3.151 7.213 14.707 4.340 2.564 12.560 28.744 -22.676 -5.811 -0.248 -9.861 -45.642 31.756 -2.675 56.774 12.310 -45.977 -48.076 22.349 37.366 -60.963
INT016 -6.395 19.564 19.099 43.424 -5.054 19.250 -92.179 1.681 22.405 6.915 7.783 10.131 -4.324 6.807 18.647 11.692 -14.913 8.050 -14.609 -15.310 -48.611 30.017 -3.900 52.512 -3.887 -21.843 -59.633 25.568 57.868 -61.910
INT017 -7.370 5.203 22.397 39.910 3.060 21.195 -84.463 2.708 16.789 5.181 -0.595 24.149 4.397 -8.951 20.645 23.997 -5.600 5.756 -28.532 -10.191 -33.302 24.137 -22.343 64.122 5.795 -5.677 -55.221 14.775 64.008 -54.363
INT018 -2.645 12.158 3.124 11.539 -5.466 21.821 -73.170 20.875 12.740 7.099 1.385 18.783 -1.419 -12.948 26.136 8.206 -9.347 8.041 -53.494 -16.205 -40.508 31.841 -40.446 44.423 5.468 -10.463 -58.859 6.383 62.582 -57.745
INT019 -1.271 0.162 28.991 27.092 -12.764 1.619 -97.814 16.807 22.033 3.635 -5.748 12.214 -1.428 -11.790 17.174 -3.931 -5.374 10.286 -64.987 -9.255 -56.549 25.630 -41.363 42.357 18.489 -24.583 -62.042 12.677 86.151 -45.282
INT020 10.202 0.989 43.257 41.815 -19.889 25.062 -91.892 20.737 36.500 0.406 5.818 1.648 -3.164 -1.913 10.409 1.470 -11.622 26.309 -64.532 -16.260 -63.742 35.410 -40.902 35.684 25.014 -27.258 -57.429 23.151 110.224 -35.321
INT021 13.616 -6.686 42.034 41.776 -13.373 17.555 -77.360 20.359 41.440 3.160 9.276 26.742 -2.328 -4.724 -6.053 18.318 7.644 15.897 -46.941 3.954 -56.423 75.081 -29.428 52.943 15.294 -23.217 -43.235 2.146 97.435 -21.842
INT022 18.660 -12.587 53.255 23.788 -20.980 1.552 -75.489 16.731 54.343 2.908 8.270 -7.689 -5.948 -7.142 6.786 23.553 11.037 37.391 -37.827 -0.398 -44.015 43.745 -28.326 57.862 10.755 -26.653 -35.765 -3.203 101.721 -34.766
INT023 31.014 -10.364 26.670 15.395 -24.215 11.896 -83.926 22.301 43.076 -1.739 2.414 -35.025 -1.135 -15.829 -4.521 18.157 -4.212 44.062 -23.796 -2.339 -34.013 29.132 -31.915 46.349 -5.646 -33.022 -56.412 -2.904 100.314 -4.614
INT024 40.463 -10.438 29.054 22.990 -25.973 31.151 -62.057 10.640 37.024 5.071 9.046 -18.166 -13.398 -8.673 -2.726 8.136 -3.571 30.020 -13.341 -10.609 -15.314 27.741 -38.259 58.340 -2.442 -31.992 -58.433 4.526 69.584 1.595
INT025 39.747 6.477 49.121 30.334 1.682 26.723 -33.809 36.600 31.852 28.319 2.855 -2.718 8.252 -8.701 2.930 26.059 -10.906 30.045 -14.967 0.674 -27.275 23.419 -23.390 48.829 3.355 -33.015 -50.914 1.826 32.652 25.543
INT026 66.489 -2.342 21.397 33.767 10.226 25.808 -20.833 40.638 35.926 21.347 19.232 -17.456 2.108 -8.367 19.509 21.866 -15.125 15.182 -25.960 7.327 11.462 30.376 -24.368 47.214 -9.322 -37.353 -51.576 10.251 75.305 33.646
INT027 53.531 21.156 6.145 21.761 -2.973 11.355 -29.755 49.134 30.776 -0.655 36.217 -17.135 -0.015 -14.937 18.761 7.092 -22.461 21.842 -15.329 -2.168 7.500 22.970 -20.113 41.237 14.449 -28.792 -63.759 3.876 101.629 50.990
INT028 82.689 18.237 2.815 36.940 -1.181 22.261 -30.248 46.307 36.658 -0.451 22.315 -23.165 -2.586 -13.449 37.990 16.404 -35.065 25.341 -16.536 1.403 -1.959 33.662 -22.532 34.915 2.538 -23.493 -50.704 -21.673 81.446 42.921
INT029 71.855 5.049 25.244 66.631 -3.405 31.802 20.212 79.748 46.999 27.651 46.138 4.436 1.468 -5.747 50.790 5.909 5.998 45.065 -52.874 31.709 12.640 17.835 -12.760 88.677 9.833 19.016 -42.025 10.914 144.003 40.683
INT030 83.236 6.090 8.843 29.260 -23.582 11.663 10.864 64.089 46.643 18.773 48.864 -10.710 6.009 -24.089 42.114 -2.748 -24.165 38.490 -59.522 15.830 22.337 19.501 -7.705 69.395 13.955 -9.354 -41.828 -21.152 140.036 39.036
INT031 81.206 6.219 5.130 37.943 -4.136 -0.645 -15.971 70.911 43.187 4.806 49.153 -19.667 -5.085 -39.942 26.615 -3.752 -33.586 2.727 -42.303 4.938 3.596 20.034 1.509 72.819 27.538 6.954 -39.708 3.187 105.485 45.834
INT032 91.187 33.250 24.841 30.687 -25.474 -16.567 -16.481 70.675 30.094 9.127 50.479 1.100 10.044 -38.746 23.798 17.898 -33.427 1.306 -66.142 12.694 10.174 12.931 -15.897 48.116 21.189 -3.053 -47.842 -8.272 78.033 33.742
INT033 73.595 -2.831 16.932 39.216 -23.306 -15.678 -0.393 78.954 44.567 12.515 58.858 12.113 11.984 -50.278 -15.564 9.787 -48.090 8.045 -35.784 20.219 22.730 25.702 -9.567 23.864 28.349 47.519 -45.811 8.472 3.014 35.930
INT034 72.588 29.567 44.944 10.472 -41.644 -21.586 4.711 77.896 28.379 2.215 59.222 8.979 1.718 -64.376 1.679 12.072 -56.479 -8.755 -54.740 13.137 25.105 24.426 -27.043 -0.567 19.254 70.067 -31.854 -9.380 4.124 50.507
INT035 93.584 39.435 60.797 -5.581 -30.697 -8.888 12.095 64.995 -3.210 -16.857 54.651 -15.816 18.797 -70.516 -29.964 13.363 -65.357 -18.031 -58.613 4.016 28.654 22.776 -19.580 0.762 10.440 70.027 -40.299 0.691 -19.962 46.203
INT036 101.121 59.368 51.997 12.643 -21.366 -9.508 14.514 72.928 -24.827 -31.677 43.748 -12.356 33.192 -76.219 -57.789 -9.999 -57.275 -26.124 -54.383 27.633 31.445 16.240 -30.390 31.923 36.648 73.272 -33.677 -0.089 -24.157 53.251
INT037 34.537 -6.993 11.729 -2.463 -36.997 -25.342 25.162 26.641 -58.088 -9.835 34.766 -22.621 12.506 -45.506 -118.989 2.374 -40.455 -35.699 -51.985 -8.765 7.593 -16.618 -46.888 -4.677 4.924 35.694 -4.181 -10.923 17.244 44.330
INT038 32.907 -12.304 3.879 -12.659 -33.296 -15.684 20.123 -8.211 -55.252 -18.170 21.625 -31.305 0.899 -56.598 -110.869 -7.074 -45.665 -48.738 -38.648 -6.977 16.945 -1.443 -34.029 -36.419 -4.445 18.365 -12.048 -22.732 33.517 56.235
INT039 37.358 -13.020 25.020 -31.123 -41.748 27.444 15.549 -2.194 -66.669 -50.498 15.454 -40.116 3.001 -39.205 -122.515 3.674 -63.962 -83.494 -51.564 -15.365 27.086 -4.366 -40.197 -8.065 6.808 -6.123 -3.575 -15.134 29.181 50.484
INT040 49.839 -11.676 15.154 -17.584 -29.631 49.660 7.485 -7.383 -73.797 -28.198 28.593 -18.876 8.003 -31.175 -127.875 -7.851 -42.379 -89.964 -47.153 9.817 -0.602 -5.831 -27.284 10.776 24.666 -7.439 14.711 -11.064 25.829 43.409
INT041 17.468 -23.900 8.842 -17.018 -42.450 1.614 -12.363 -21.407 -81.569 -49.043 22.988 -23.297 -51.069 -50.545 -138.796 -21.218 -62.032 -82.640 -14.819 -24.736 -22.148 -47.849 -25.039 -34.509 -8.237 -53.872 6.830 -37.288 -23.798 0.614
INT042 43.370 -35.418 7.732 -23.073 -21.889 21.346 -13.556 -21.596 -88.209 -61.502 17.606 -28.403 -48.157 -54.207 -106.851 -42.524 -45.176 -63.940 -5.566 -28.980 -34.098 -67.199 -36.303 -17.175 21.565 -38.332 -17.111 -54.862 -41.166 11.732
INT043 26.460 -1.539 26.963 -11.050 -28.749 20.208 3.302 -29.004 -98.160 -58.992 20.159 -0.837 -43.992 -41.666 -92.813 -58.547 -43.123 -51.921 4.574 -25.074 -8.145 -69.048 -66.215 -40.547 46.455 -46.974 0.833 -19.504 -95.258 -13.032
INT044 29.224 -1.901 31.765 -24.078 -33.981 26.870 -1.095 -21.676 -95.531 -69.921 62.664 36.697 -36.831 -23.324 -86.859 -56.780 -31.946 -39.672 19.921 -17.107 -7.838 -87.452 -83.274 -29.999 79.745 -3.269 -32.783 -31.229 -98.161 -11.917
INT045 43.871 -29.348 15.733 -28.958 16.723 -6.280 43.908 25.262 -63.338 -70.592 62.829 1.786 -68.329 -25.714 -80.268 -70.872 -55.684 -29.570 30.410 -11.394 -46.405 -109.115 -83.618 -15.283 46.017 -2.840 -9.026 -15.088 -72.831 -22.286
INT046 52.457 -14.675 13.087 -45.600 20.572 20.291 47.505 20.891 -81.131 -67.004 30.793 -8.415 -62.535 -20.592 -84.940 -71.127 -19.438 -33.891 24.851 -16.578 -58.183 -39.560 -91.482 12.134 69.237 4.222 -62.819 -17.760 -80.202 -22.758
INT047 41.882 -19.989 1.249 -42.492 5.276 12.144 32.328 9.003 -85.025 -66.578 37.096 -20.420 -57.185 -26.064 -105.446 -81.692 -11.409 -47.778 12.992 -27.053 -13.238 -75.337 -75.514 10.020 63.726 -14.497 -78.155 -16.395 -64.412 -36.384
INT048 33.863 -13.237 -12.893 -29.551 7.186 -8.217 45.335 -5.067 -87.700 -66.112 28.709 -20.760 -51.378 -19.660 -111.848 -69.937 -22.654 -48.278 2.853 -18.733 9.094 -34.100 -62.745 29.442 57.365 1.628 -82.804 -23.723 -35.169 -66.850
INT049 27.183 -9.328 5.998 -49.194 22.647 -12.512 2.283 20.733 -95.401 -58.616 27.390 -46.953 -21.620 -18.266 -132.183 -81.081 -6.339 -44.549 -18.936 -9.623 23.677 -27.052 -112.916 15.873 27.119 -0.089 -73.427 -17.918 -36.891 -49.252
INT050 33.537 -16.808 -6.478 -44.276 22.325 -4.734 -14.047 15.144 -99.812 -60.682 33.995 -43.886 -27.866 -4.643 -123.318 -77.098 -25.139 -57.572 -26.253 0.790 38.136 -13.047 -121.916 24.804 51.737 -18.084 -81.268 -22.504 -31.384 -64.852
INT051 17.080 -22.199 -1.665 -43.325 15.953 7.219 -10.570 4.718 -104.924 -62.518 -2.801 -56.850 -1.982 -8.764 -128.490 -70.930 -26.863 -45.929 -41.463 1.936 60.004 -10.138 -127.736 34.551 57.145 -40.037 -72.011 4.223 -9.878 -69.102
INT052 20.849 -43.009 -5.023 -24.697 20.015 -6.858 -7.258 4.979 -77.022 -59.901 0.010 -74.090 2.932 -2.520 -127.524 -74.445 -44.359 -48.655 -41.354 19.959 71.678 -2.120 -168.973 28.928 32.893 -55.749 -98.539 -19.057 -16.359 -58.139
INT053 24.266 -26.045 47.585 -4.934 -10.421 6.137 -21.964 10.434 -67.927 -42.010 5.083 -54.570 5.025 -18.028 -131.309 -47.730 -64.190 -52.362 -48.925 -5.477 82.349 -20.686 -150.299 31.786 50.246 -65.517 -90.117 -9.389 -13.535 -17.261
INT054 18.876 -34.989 35.380 -5.819 -2.818 2.109 -34.789 11.393 -40.557 -20.393 -16.912 -50.340 10.453 -14.866 -117.090 -52.543 -53.219 -52.206 -52.448 -11.176 33.528 -8.982 -144.602 28.159 19.367 -48.676 -73.275 -29.509 -12.418 -11.706
INT055 5.384 -14.934 12.776 -0.023 2.217 25.319 -39.586 -2.685 -19.665 19.419 -43.544 -28.089 47.330 -9.177 -107.395 -48.721 -65.746 -65.207 -48.859 -23.412 20.351 -11.976 -105.784 20.309 -15.564 -18.356 -64.890 -25.603 0.062 4.175
INT056 8.559 7.286 -20.395 2.307 -2.773 25.937 -72.660 -8.164 -21.339 16.613 -47.637 4.280 19.335 -24.901 -104.997 -37.927 -72.495 -49.433 -49.149 -21.824 28.114 2.709 -70.221 16.450 -6.427 0.717 -60.343 -34.284 -10.498 19.793
INT057 14.176 33.064 16.445 -7.053 -7.230 22.546 -35.015 -11.934 -13.237 20.191 -23.729 20.539 -1.176 -17.658 -66.145 -48.824 -60.541 -30.269 -33.714 -26.160 -1.188 0.381 -115.675 53.370 15.595 33.225 -40.416 -30.485 -31.756 25.690
INT058 18.244 32.755 17.038 -0.765 4.929 -3.549 -33.545 -1.542 -5.134 58.134 -35.059 42.806 12.885 -16.080 -66.820 -51.109 -20.582 -16.769 -32.073 -33.885 -24.082 4.931 -118.017 36.999 -3.011 7.064 -30.350 -31.817 -1.613 42.716
INT059 12.134 21.876 4.196 9.515 7.101 0.963 -39.753 -18.374 6.539 72.765 -29.195 28.286 7.778 -23.093 -57.470 -51.438 -0.517 4.122 -23.005 -41.815 -24.128 -17.076 -102.700 23.302 -1.270 -17.614 -27.491 -16.015 19.712 30.332
INT060 4.889 30.497 5.155 -0.351 -21.196 14.731 -43.405 -15.116 0.276 74.370 -16.131 25.037 -7.948 -29.381 -64.574 -34.285 17.499 48.249 -28.229 -39.871 -3.288 -16.089 -97.076 10.695 -15.963 -56.321 -29.828 -14.844 18.422 12.919
INT061 31.749 17.465 -3.764 -9.427 -14.751 49.337 18.039 -4.982 17.606 21.493 49.504 56.990 4.498 -8.848 -5.784 -12.051 19.488 57.306 -37.827 -15.900 41.467 -31.522 6.994 27.258 14.486 -40.209 -18.746 13.045 18.362 11.376
INT062 34.374 12.137 -15.437 -8.606 -18.820 25.875 1.735 14.585 31.062 13.179 32.010 39.732 -17.997 -11.896 -8.761 -1.532 9.322 47.204 -36.662 -11.815 8.579 -68.155 30.135 24.116 4.459 -79.300 7.713 2.771 32.190 -1.762
INT063 16.407 -16.378 -20.981 -24.599 -19.486 24.072 -1.246 17.836 19.890 12.016 4.227 38.787 -21.753 -35.235 -19.624 22.642 16.372 37.998 -28.416 -12.333 -14.629 -53.444 32.850 17.674 -18.947 -108.944 15.253 6.999 23.267 -7.993
INT064 -13.388 -33.506 -24.989 -28.197 -17.761 -4.883 -18.715 24.049 2.153 -4.029 -5.700 39.414 -14.459 -31.667 -13.582 0.727 6.708 19.327 -30.012 -20.832 -29.257 -29.315 39.793 6.571 -13.024 -129.045 2.577 14.778 22.865 -7.114
INT065 0.228 15.823 8.002 -6.562 -0.274 13.501 -5.687 38.115 28.116 -33.897 -19.241 7.754 6.899 -16.268 8.180 -15.495 -15.464 -26.109 -30.203 2.955 23.174 -9.470 57.753 24.758 0.199 -86.426 -7.054 -5.095 23.303 -5.865
INT066 -8.354 9.014 7.387 -18.730 -2.930 -15.251 4.896 48.542 24.497 -41.544 -8.620 19.161 -11.506 -1.389 1.129 11.585 -1.028 -61.671 -35.261 -9.262 24.410 -8.510 45.732 18.650 -3.550 -86.708 -23.924 -1.637 36.003 -2.004
INT067 -25.208 13.774 8.741 -14.019 -5.764 -49.432 -15.833 51.518 11.424 -47.022 -0.794 8.187 -13.594 -18.824 13.634 -1.110 15.287 -82.315 -30.605 -2.876 5.480 5.670 52.220 -2.245 4.884 -52.727 -16.695 -8.053 23.449 -11.523
INT068 -14.506 14.611 2.842 -6.571 -13.062 -68.286 -30.475 38.844 11.564 -50.874 -17.869 -5.622 -13.201 -28.263 6.056 -24.855 26.489 -127.525 -34.297 -17.361 5.704 -3.524 42.341 12.681 15.730 -12.605 -20.749 -13.094 19.392 -0.109
INT069 28.168 96.648 50.838 18.862 -14.592 -6.412 -12.807 43.573 31.261 -69.497 -34.492 9.345 -21.995 -46.541 -0.489 -42.634 15.735 -153.765 -28.450 -24.098 16.272 -1.468 38.047 20.421 37.647 24.135 -12.006 -37.497 42.383 19.528
INT070 21.172 91.836 46.408 5.658 -34.387 6.087 -42.592 70.211 3.656 -66.784 -71.760 9.651 -18.249 -55.183 -16.220 -4.000 16.695 -145.282 -20.909 -34.326 31.009 -7.578 31.493 41.961 43.644 28.710 -9.573 -38.226 40.516 35.434
INT071 3.566 64.888 64.618 6.025 -17.730 16.864 -44.351 100.898 18.104 -57.127 -85.081 23.978 -7.757 -69.726 -19.063 -0.500 26.666 -106.203 -23.599 -19.012 58.829 -12.149 23.933 76.285 31.742 10.287 9.259 -25.123 47.523 24.016
INT072 8.492 48.571 65.426 16.225 -24.825 18.172 -47.455 78.380 35.649 -38.886 -60.636 24.268 1.570 -68.628 -8.815 9.587 21.349 -54.363 -26.458 -13.371 35.389 -0.620 16.026 68.454 25.383 4.219 9.488 -1.487 66.187 52.992
INT073 17.375 71.477 36.381 7.469 -32.788 7.427 -51.129 79.275 42.766 -21.424 -76.554 27.108 -18.377 -42.597 -1.420 -7.282 40.661 -20.917 -35.763 -18.292 25.754 -21.693 8.299 53.920 27.703 11.808 22.403 8.471 65.808 48.041
INT074 20.635 71.401 51.545 12.932 -24.838 1.921 -47.954 90.621 56.669 -11.603 -94.537 43.768 -17.103 -33.181 -3.073 6.764 35.674 -12.345 -23.204 -40.059 11.079 -26.721 0.947 29.860 7.417 4.864 10.735 16.022 67.357 34.286
INT075 34.309 47.502 56.902 15.380 -28.074 -2.983 -33.541 104.814 60.814 -25.097 -92.326 34.712 -14.110 -41.943 2.344 -13.981 30.080 -8.414 -28.796 -30.485 36.437 -35.940 -7.439 31.262 7.286 8.316 4.570 6.736 75.967 33.691
INT076 44.185 66.879 81.121 15.143 -3.919 6.255 -9.039 104.447 57.788 -23.846 -96.071 20.064 -17.116 -46.282 17.881 -38.972 22.224 -12.750 -6.969 -13.197 54.994 -40.734 13.301 36.397 6.597 15.384 3.626 27.431 78.114 38.535
INT077 33.952 33.184 66.974 -12.652 -15.311 23.959 23.468 107.164 62.128 -20.881 -76.068 42.870 -2.458 -29.368 24.209 -38.792 -2.738 13.183 -14.493 -21.296 29.648 -31.248 -9.916 14.085 -9.189 10.036 -9.139 37.625 53.480 56.639
INT078 32.244 30.434 73.464 15.435 3.869 2.361 38.504 122.902 49.072 -10.307 -60.401 28.819 -7.434 -42.561 33.961 -51.239 -21.249 7.364 -5.390 -27.112 30.707 -45.738 21.264 30.488 -17.486 2.772 -21.020 47.538 60.692 70.721
INT079 28.780 40.831 61.122 31.124 2.747 0.513 42.413 117.901 36.208 -16.663 -46.299 28.150 6.524 -48.496 34.054 -63.657 -14.482 23.739 5.338 -43.167 37.493 -63.890 20.246 28.272 -11.463 15.269 -6.447 43.306 52.802 65.823
INT080 -10.469 57.289 55.060 33.489 -3.184 -2.901 35.719 92.854 31.891 -14.765 -33.150 9.906 2.281 -37.867 26.840 -75.087 0.378 17.722 2.763 -40.032 54.339 -63.273 54.152 2.020 -6.537 21.921 -13.529 45.320 50.181 97.860
INT081 -32.618 76.110 70.018 24.535 -10.446 8.288 58.653 72.247 20.595 -12.112 -28.890 27.261 11.877 -24.741 8.673 -106.604 2.016 7.961 -15.468 -47.303 15.040 -37.132 63.091 9.377 -26.340 43.951 -15.931 31.541 48.124 81.259
INT082 -43.860 81.625 64.687 30.900 12.547 12.888 37.566 80.613 20.263 -4.995 -42.562 25.457 10.739 -29.569 -14.426 -91.045 -2.681 35.073 -8.232 -55.297 13.804 -51.897 77.959 -6.705 -27.139 33.982 1.572 -56.152 30.124 61.491
INT083 -40.648 54.177 60.396 21.586 -12.590 18.099 46.607 87.218 17.512 -0.274 -39.750 23.784 27.196 -14.417 -18.559 -86.245 17.560 48.128 -5.926 -50.891 26.591 -53.107 81.800 6.163 -23.127 30.876 2.929 -91.345 25.028 40.143
INT084 -11.714 65.475 54.142 23.795 -5.511 5.940 21.777 84.009 11.037 -5.435 -37.472 29.893 21.056 -28.491 -14.315 -69.002 32.615 71.082 -28.529 -41.108 45.090 -51.769 80.040 -5.239 -10.263 20.031 0.103 -36.770 22.464 38.722
INT085 47.712 76.612 18.033 12.070 -4.781 16.001 15.886 88.853 2.809 -21.845 -49.035 31.960 1.975 -25.883 -5.264 -54.797 20.939 47.601 -34.040 -11.966 41.847 -38.293 65.834 -3.075 -9.709 27.909 -27.101 -37.536 14.077 32.800
INT086 43.885 71.189 19.647 -3.017 -3.945 25.994 -16.896 74.962 6.239 -0.786 -36.466 41.523 -0.716 -9.710 -11.310 -45.731 44.996 48.892 -38.203 -14.396 36.772 -30.331 35.925 8.221 -12.191 26.449 -26.184 -36.483 37.383 19.537
INT087 45.634 84.462 19.298 3.874 3.864 23.369 2.817 76.610 6.390 -20.598 -5.698 30.833 7.052 -21.127 12.980 -42.016 29.066 56.148 -22.156 -3.081 43.005 -24.200 25.726 9.832 18.505 31.432 -7.862 -12.224 22.700 10.373
INT088 39.726 68.844 25.403 15.464 12.914 20.706 -10.763 58.651 11.457 0.008 -2.238 29.477 -1.660 -17.510 29.435 10.704 13.685 86.040 -7.970 22.084 47.919 -13.818 8.843 8.977 27.893 14.632 -1.481 2.362 26.126 12.068
INT089 46.718 73.027 10.933 13.287 3.567 -1.723 7.845 24.850 7.334 12.678 -12.655 6.060 -30.931 -37.050 21.476 8.438 9.645 42.445 -10.184 33.260 27.633 -15.900 -5.945 22.647 25.510 1.560 -10.519 -6.939 -3.445 35.968
INT090 63.046 70.231 29.613 16.091 3.303 4.775 10.369 5.772 5.938 16.710 3.892 9.406 -46.474 -28.848 38.788 16.240 9.818 52.974 -11.637 43.878 28.854 5.487 14.456 25.372 38.043 -6.011 4.742 -35.029 -12.770 30.728
INT091 45.085 74.863 53.833 13.806 18.530 13.801 19.080 -6.162 7.103 46.396 -5.609 13.577 -13.486 -39.933 41.673 18.080 18.680 38.539 2.425 42.899 32.506 28.474 27.837 27.478 26.368 0.452 13.032 -36.989 -21.183 24.963
INT092 49.568 74.107 49.389 34.531 28.830 11.902 26.757 5.846 15.550 41.253 11.358 24.098 -0.662 -13.931 32.132 10.479 27.050 54.584 19.042 52.072 31.112 67.326 35.090 31.738 27.283 5.205 30.380 -33.168 -31.581 9.113
INT093 49.744 43.336 23.253 1.376 -6.133 6.138 13.136 -9.432 -0.492 7.164 -10.273 -2.143 -22.430 -32.726 15.584 -10.144 -14.863 24.183 7.449 32.573 -21.322 24.271 42.303 -2.631 -7.325 12.205 -19.460 -19.624 -73.417 8.788
INT094 36.441 23.924 11.558 2.412 -3.106 15.071 22.205 7.425 3.176 11.285 -10.399 7.830 -19.425 -9.217 15.401 -21.829 -6.643 17.771 14.699 19.287 3.970 19.639 64.816 9.161 -2.645 -6.161 -11.522 -13.584 -92.659 19.223
INT095 24.203 -2.756 24.684 9.458 5.999 26.203 29.827 26.969 6.008 7.447 -2.269 -4.390 -17.969 -12.566 7.971 -38.224 -11.049 40.526 31.867 16.902 19.918 20.911 75.632 33.712 9.176 -2.760 -9.357 -3.134 -82.373 25.905
INT096 39.433 7.437 10.329 -8.975 13.837 39.905 24.042 45.914 10.878 5.792 -1.163 6.718 -14.702 1.200 10.382 -39.644 -12.008 31.237 38.039 24.003 -7.907 2.680 67.852 35.031 26.015 7.252 5.186 17.895 -49.199 23.077
Situatie privind dezechilibrul SEN pentru fiecare interval de decontare din luna Octombrie 2024
1/1