PDF PAGE 1
Data: 12.08.2025
lei/MWh
Interval/Data 01.06.2025 02.06.2025 03.06.2025 04.06.2025 05.06.2025 06.06.2025 07.06.2025 08.06.2025 09.06.2025 10.06.2025 11.06.2025 12.06.2025 13.06.2025 14.06.2025 15.06.2025 16.06.2025 17.06.2025 18.06.2025 19.06.2025 20.06.2025 21.06.2025 22.06.2025 23.06.2025 24.06.2025 25.06.2025 26.06.2025 27.06.2025 28.06.2025 29.06.2025 30.06.2025
INT001 1,291.26 116.74 -153.38 2,196.21 1,050.03 193.00 -90.56 128.13 846.33 -1,071.13 5,124.89 5,479.50 975.61 21.73 -396.47 275.79 650.00 1,020.84 1,191.55 3,427.39 -700.74 777.54 968.50 1,078.16 1,884.33 1,100.22 1,024.54 699.37 2,375.78
INT002 916.47 245.74 826.20 2,248.11 264.46 58.78 -1,707.50 765.21 -54.54 3,250.22 16.14 -87.97 370.49 998.34 2,477.04 -182.29 699.40 1,102.03 699.74 699.48 1,491.72 1,020.91 970.08 1,938.05
INT003 324.37 886.54 991.09 650.00 309.75 98.33 -4,518.76 -35.29 3,588.79 213.81 16.81 -92.67 246.82 259.26 1,008.84 1,079.56 171.33 -478.28 959.93 699.70 269.33 698.69 1,036.80 972.68 1,630.00
INT004 266.94 650.00 213.89 97.21 160.27 -2,476.86 -15.90 992.69 56.97 -3.52 -89.68 157.16 197.20 699.89 161.28 -1,328.81 1,002.60 246.74 695.92 1,035.41 878.02
INT005 1,202.60 354.83 260.55 2,474.10 124.87 269.08 100.65 -22.86 1,638.39 5,831.14 181.65 -866.56 962.51 3,546.73 1,071.30 216.70 903.98 83.53 223.11 2,734.07 699.36 3,881.12 -326.86 3,001.76
INT006 323.06 365.63 927.46 304.28 338.40 211.90 -43.19 774.26 2,470.35 72.09 -666.97 687.26 1,709.46 825.96 699.64 1,027.42 130.14 320.52 1,363.72 699.52 2,635.99 -4,672.91 1,111.29
INT007 197.12 319.81 946.21 161.73 254.98 42.25 928.40 685.26 211.89 -68.37 200.78 309.96 699.00 223.34 -545.89 196.31 238.39 983.71 699.00 945.05 -4,063.38
INT008 -3,563.35 316.07 207.03 171.14 210.25 42.61 27.01 -245.71 824.40 1,664.57 224.96 -121.79 173.75 201.65 699.09 200.01 -596.48 -443.70 191.45 269.69 1,047.13 699.00 1,107.37 -4,486.35
INT009 840.58 -1,578.82 246.96 271.73 882.05 284.87 239.38 31.71 1,113.77 895.19 853.37 209.38 235.02 884.81 699.37 1,135.57 699.53 922.26 795.18 242.99 330.13 227.55 699.86 1,285.05 -723.01 699.23
INT010 -40.64 275.94 319.85 282.66 227.36 -3.11 795.31 900.98 726.88 124.98 166.89 940.76 316.66 1,346.23 694.39 886.73 753.27 -864.68 227.18 699.17 741.98 -3,965.53
INT011 3.55 -282.96 343.34 349.31 224.19 253.08 223.98 -83.04 243.70 1,206.63 708.85 22.37 22.37 832.41 699.51 699.05 693.23 699.00 699.00 -0.66 212.83 296.96 699.69 1,391.21 -386.64 664.99
INT012 14.54 -1,907.88 256.45 69.71 136.77 211.14 288.81 177.64 -1,928.62 650.00 205.06 656.77 15.16 42.08 14.04 693.72 684.67 699.00 142.94 130.82 202.84 699.00 699.00 -626.53 688.36
INT013 43.03 -597.35 166.48 129.75 218.89 275.90 257.44 -159.87 228.88 918.43 680.25 -7.64 -9.91 -11.83 910.69 237.83 347.21 755.65 856.11 170.35 193.95 734.16 699.93 -2,665.11 1,030.08
INT014 0.22 0.15 266.30 170.73 214.88 108.44 205.06 61.27 -2,804.03 -1,785.07 692.30 -104.19 85.28 -21.01 1,128.64 699.00 738.73 -1,855.87 686.31 699.00 -114.69 243.17 699.17 699.89 -5,432.84 4,696.40
INT015 0.23 3.46 208.70 218.83 225.36 270.68 55.82 -1,723.51 -4,494.57 -4,807.09 650.00 54.85 -4.53 1.30 924.26 699.68 54.57 689.71 699.59 187.70 51.72 310.16 384.83 699.00 699.00 -657.51 1,181.58
INT016 0.24 55.21 336.45 197.05 22.71 -3,755.05 -1,458.49 671.14 -949.93 650.00 18.45 55.55 786.88 699.09 698.99 -3,345.76 680.94 699.00 166.08 -17.31 122.93 699.00 699.00 42.07 698.39
INT017 0.20 187.65 38.07 216.01 292.43 230.49 168.51 177.37 -881.35 -2,199.03 255.79 156.66 59.59 15.74 57.59 818.81 190.68 -498.64 698.57 699.49 164.32 145.93 37.38 875.94 388.39 250.18
INT018 1.08 244.66 171.11 365.96 181.53 181.40 122.68 49.09 -32.04 167.61 192.91 656.60 -66.56 -12.30 34.17 650.00 87.22 24.73 768.28 699.00 124.96 100.39 4.23 699.76 221.60 185.58
INT019 -2.86 363.91 315.43 180.86 191.94 204.79 173.58 -2,022.68 198.39 813.73 -406.76 -544.81 36.71 690.69 699.41 699.06 22.57 1,233.56 699.00 134.52 -799.28 238.89 255.18 699.96 112.92 216.11 324.42
INT020 -471.73 62.49 1,494.53 246.15 108.77 191.76 -9.71 202.35 -1,313.04 685.65 291.70 661.73 -54.13 217.87 736.16 8.84 988.43 699.00 81.52 -83.92 259.73 699.90 81.83 -434.31 218.23
INT021 116.47 66.67 209.45 109.47 243.60 89.32 182.06 -3.83 202.35 686.46 1.09 -146.84 266.32 211.67 341.76 -176.94 990.52 1,842.56 71.21 -275.19 291.79 286.46 699.00 71.87 8.30 210.84
INT022 -2,158.60 133.21 840.99 125.08 154.14 302.37 -272.55 180.00 19.00 314.84 236.24 697.10 2.10 -408.23 221.59 274.25 208.69 -873.49 943.63 885.47 195.31 -71.23 120.55 382.81 699.29 268.55 2.62 147.77
INT023 -4,499.00 29.50 211.20 195.25 82.43 331.89 -514.55 233.95 -7.96 274.79 151.05 650.00 -241.75 138.98 98.32 -1,276.54 699.76 724.45 198.79 126.28 390.00 124.65 7.41 189.06
INT024 -1,630.01 223.92 117.70 141.23 220.78 -4,499.00 180.85 22.70 687.27 268.89 672.67 18.45 -1,154.42 192.61 715.36 699.00 87.47 -70.74 213.59 871.37 225.36 101.73 288.48 202.12 -4.71 -4,629.54
INT025 0.75 -379.22 219.66 88.64 163.56 214.58 -1,248.36 157.46 -52.24 152.50 129.63 848.32 -2,826.17 253.52 1,118.71 815.48 49.78 250.66 699.53 328.75 245.60 236.20 238.27 -694.90 -263.41
INT026 -199.68 -5.97 141.69 9.22 202.38 73.68 -1,616.99 259.74 172.81 63.19 -2,926.38 224.93 964.66 749.69 233.49 773.01 -7.71 746.52 231.49 724.27 234.76 198.39 -232.64
INT027 -2,576.35 22.89 51.62 -14.78 136.39 1.74 -197.79 286.21 786.25 176.72 686.79 311.49 -1,308.66 816.32 702.48 242.52 699.00 53.69 699.60 712.92 236.92 691.34 174.80 795.49 -144.47 -33.68 781.24
INT028 -2,309.32 -76.83 59.35 211.53 132.25 -10.38 -416.76 242.70 730.48 687.54 347.99 -2,312.00 667.00 650.00 3,746.61 145.85 699.71 31.91 2,728.38 108.17 686.39 222.73 751.27 -407.23 -6.76 731.13
INT029 -155.22 1,135.43 213.59 125.00 -3,536.62 19.20 217.37 913.54 -177.98 703.17 993.08 998.52 -1,640.69 2,008.43 911.51 -20.96 699.19 -258.14 699.00 -117.74 736.44
INT030 -2,531.84 218.12 992.10 103.06 21.36 689.35 1.91 151.65 3,608.19 311.59 275.26 700.49 0.89 -76.93 316.87 986.79 279.94 1,001.80 794.24 1,033.40 4.33 682.02 388.72 699.00 3.04 2,605.25 699.88
INT031 -768.76 103.34 880.90 -465.97 680.64 25.19 32.07 933.35 260.83 709.65 6.92 195.69 293.62 1,009.43 260.87 1,050.00 699.00 699.00 1,028.82 -85.85 672.68 390.00 699.22 16.12 700.00 699.76
INT032 -1,258.88 97.90 141.28 -105.95 333.74 678.00 -58.52 16.17 859.93 80.97 6.69 183.84 250.63 998.88 203.66 115.34 699.00 700.00 -135.57 695.60 386.95 699.82 -1,287.45 700.00 696.96
INT033 -3,562.46 126.95 1,068.50 128.35 252.44 250.00 2.92 470.22 52.60 935.57 50.93 694.29 561.75 3,198.52 699.79 700.00 1,024.78 652.88 996.99 -2,042.86 583.45 835.49 -718.05 983.95 373.62 813.32 257.10 5,688.32 933.32
INT034 -644.98 53.93 2,827.40 312.26 256.29 250.00 0.96 470.22 1,014.34 373.45 153.46 668.84 323.60 700.00 1,024.74 594.45 943.78 -5,145.45 583.45 314.58 1,007.66 776.78 712.14 -2,790.30 656.12 880.34
INT035 -653.03 101.76 899.44 332.05 254.14 114.34 13.35 470.22 838.44 329.42 -273.20 118.54 41.22 20.98 329.90 212.32 2,271.41 576.77 272.43 -7,001.00 583.45 -533.13 410.54 389.67 395.10 -1,954.93 1,458.62 699.44
INT036 -1,133.48 -3,154.46 269.15 200.55 253.01 153.02 -24.07 68.89 -958.15 874.83 32.43 -541.69 -132.88 -10.90 -78.64 316.47 195.58 16,412.79 -1,864.96 -2,814.74 583.45 -1,938.69 11.82 105.33 254.86 362.63 -2,997.64
INT037 -1,192.63 227.73 5,228.43 194.41 4,588.07 146.82 650.00 791.29 282.59 91.13 913.02 3,141.31 362.09 650.00 1,375.87 550.00 -1,144.08 699.43 450.02 776.10 136.58 293.75 3,896.58 4,739.62 481.44
INT038 -640.98 40.32 898.41 173.54 234.74 550.00 749.75 390.00 111.71 16.46 634.72 91.66 3.81 194.08 250.56 550.00 -558.06 -4,860.24 450.02 33.76 0.60 211.97 675.83 4,762.31 3,829.22 481.44
INT039 -1,381.91 -2,511.90 204.30 191.47 156.56 -2,806.42 650.00 15.38 26.96 -4,035.81 -1,332.80 16.03 -389.18 492.41 18.40 2.89 84.12 17.28 550.00 109.21 450.02 31.68 22.45 -17.05 383.58 940.03 588.57 -3,340.34
INT040 -1,126.30 -2,255.94 -3.21 104.19 -1,211.90 -3,156.30 650.00 -2,352.48 50.81 -3,907.50 -2,399.55 9.00 1.61 492.41 -3,384.67 -232.27 -844.56 2.77 37.83 -3,631.93 450.02 39.67 28.67 -563.22 649.38 699.94 546.00 -5,296.61
INT041 -807.69 783.10 742.96 588.65 79.06 47.80 650.00 -41.21 644.37 -1,844.24 63.88 18.56 -6.70 446.12 87.07 -96.69 -10.46 190.01 550.00 -1,169.59 563.76 0.12 642.46 106.78 5,036.66 6,382.67 546.00 -3,027.20 -2,146.10
INT042 -694.10 26.63 35.97 550.00 24.29 33.27 650.00 7.69 747.53 88.05 5.47 16.47 0.25 446.10 -426.59 4.89 -2,561.97 91.45 550.00 -424.28 -402.51 0.21 255.68 616.76 3,954.68 4,202.40 460.03 -2,429.08 -2,587.81
INT043 -701.81 50.29 -2,413.72 550.00 108.20 -6.76 650.00 5.78 532.17 87.82 -32.66 -967.19 3.19 568.66 -186.56 4.59 -2,622.00 51.90 550.00 -3,268.46 12.08 41.66 7.94 573.72 702.73 905.62 8,645.78 -833.59 -108.78
INT044 -910.48 -2,559.29 -3,314.41 550.00 66.44 -965.53 650.00 -135.34 55.98 -1,367.80 -40.35 -1,389.55 2.57 -160.04 5.40 -503.04 -2,694.95 36.78 -5,389.61 -520.33 -227.68 -551.69 10.52 3,706.35 599.41 6,348.83 -646.69 66.10
INT045 -1,639.85 120.14 0.00 550.00 2.19 -32.90 519.28 5.55 499.67 -2,013.47 -365.88 0.10 492.39 450.02 -102.71 17.34 14.72 106.15 -25.11 -733.62 89.87 221.08 38.85 -2,561.80 2,800.29 1,223.38 645.55 -4,019.18 -367.80 2,339.95
INT046 -1,592.51 -84.73 -1,822.91 550.00 0.10 -23.65 519.28 -218.78 499.67 1.27 18.70 4.90 35.81 -78.45 -106.75 4.59 0.06 -1,221.15 550.00 -813.89 -997.22 229.27 223.57 -3,386.61 638.37 818.35 594.81 -4,221.61 -255.37 5,920.81
INT047 -1,957.46 -1,219.12 550.00 88.03 -25.56 519.28 5.77 -488.29 14.45 7.60 -466.16 -476.38 -91.34 10.67 4.90 -1,540.08 -9.51 -99.61 -3,075.34 -516.36 -1,772.85 -2,676.68 565.07 820.41 715.48 -1,870.32 -523.42 3,072.01
INT048 -17.06 -1,525.76 -116.16 550.00 86.26 -57.67 -1,075.68 -1,014.29 0.34 -246.51 38.55 96.51 -131.42 7.05 8.42 -736.55 558.03 4.74 -6,891.43 -1,415.57 -56.63 0.00 564.77 824.72 550.00 -711.21 1,245.41
INT049 42.11 -2,076.59 -1,861.81 -335.86 550.00 554.29 36.93 8.08 -2,089.06 -6,159.09 8.38 15.91 -2,253.70 -121.23 8.38 21.66 -3,080.95 550.00 -642.38 -3,974.72 69.14 7.97 -6,023.68 552.22 975.36 610.16 1,520.03 -163.90 607.80
INT050 42.66 -750.35 -3,432.63 -381.28 550.00 -5.25 22.61 6.04 -1,609.32 -5,240.84 1.79 7.09 -2,481.06 -249.51 -748.75 3.14 7.58 -7.11 54.66 -660.22 -5,234.45 60.13 28.79 -5,324.85 1,034.00 782.79 589.06 676.18 -271.80 605.53
INT051 158.07 -2,301.94 -1,378.97 -38.67 550.00 550.00 82.84 2.35 -2,502.94 -4,224.65 3.36 6.81 -2,579.18 9.25 -95.85 8.52 2.89 -290.01 62.21 -100.36 -385.11 63.74 7.02 -244.54 518.74 1,900.98 619.03 706.12 -1,086.89 601.46
INT052 35.91 -1,243.64 -1,395.75 -259.95 550.00 549.09 120.12 6.49 -1,369.25 -7,001.00 0.38 0.10 -171.41 3.09 0.50 11.85 -332.51 607.42 -334.99 -100.74 117.16 -36.12 2.89 518.72 2,837.42 772.70 4,448.28 -1,126.71 600.16
INT053 -560.45 -335.41 -2,955.05 -328.92 83.31 550.00 25.13 0.55 0.00 -3,015.32 0.20 3.81 10.74 449.37 -93.41 -43.31 -434.41 -1,050.33 64.02 -2,699.08 -291.03 -377.69 -186.75 84.14 1,799.89 597.23 339.99 2,312.80 -2,066.87 600.04
INT054 206.69 -186.26 -1,689.83 -29.02 -102.94 60.60 123.90 0.03 39.26 0.20 10.35 -24.57 -103.74 0.50 -149.60 -278.51 60.93 -863.89 -390.48 -2,783.14 32.20 94.69 779.39 372.06 550.00 5,999.35 -351.32 718.01
INT055 -598.06 90.86 -817.41 27.11 94.01 60.46 212.79 11.53 -1,835.01 32.28 6.85 8.23 450.02 -93.58 195.39 0.10 -86.34 54.73 448.03 0.45 -931.62 2.45 84.53 540.11 356.11 550.00 4,585.36 -240.85 3,173.77
INT056 -673.99 -495.38 -3,709.68 41.23 95.99 68.32 243.13 0.80 -154.42 -3.34 12.47 8.12 -139.84 -1,115.73 -326.84 -81.25 96.41 448.03 -501.85 -2,693.78 38.09 541.49 527.38 347.54 550.00 5,274.11 -448.18 2,522.74
INT057 -409.62 514.70 -4,399.23 716.19 -4,475.50 104.80 347.50 8.72 3,134.09 -141.99 3.13 28.75 6.81 92.59 -94.70 142.25 -267.66 37.66 107.10 451.45 -2,001.90 -4,966.28 -10,479.09 80.76 515.51 331.85 327.38 1,956.05 -683.27 728.91
INT058 514.70 -3,866.62 3,782.25 -1,875.27 150.66 204.54 7.91 658.87 -162.70 27.12 -608.62 -762.00 103.08 -87.21 159.67 -120.04 1.10 115.46 -10.12 -2,896.83 -7,001.00 83.46 58.46 375.04 72.16 1,573.41 -84.60 1,454.80
INT059 -806.81 514.70 -2,230.02 808.32 -115.55 133.01 171.15 11.70 5,368.61 -106.00 -6.30 2.63 -14.77 -82.21 143.29 -41.77 475.74 -1,362.34 448.03 -236.90 -3,205.72 535.57 515.51 377.14 155.97 925.24 -108.65 2,507.73
INT060 450.00 584.74 0.00 1,583.52 57.99 550.00 244.68 3.77 5,699.16 -105.72 22.37 -573.73 -430.11 205.30 -168.78 -1,974.54 2.47 4.50 -3,457.80 448.03 -242.62 -184.43 535.61 59.65 338.71 880.04 -78.63 1,342.51
INT061 68.53 505.70 -348.03 108.39 564.81 550.00 58.07 -467.23 896.01 -105.99 -45.31 -846.33 26.94 -266.04 7.66 -271.40 -1,717.61 107.22 448.98 -244.52 -209.29 7.01 88.39 -81.87 385.48 513.04 -30.46 768.01
INT062 0.00 505.70 8.92 3,747.03 827.92 616.63 230.86 -180.42 -106.00 12.30 8.72 11.71 22.38 -99.27 550.00 12.17 -2,340.36 182.75 471.25 -293.80 -263.43 2.31 -8.15 100.98 603.98 -1,014.46 528.91 -350.38 768.02
INT063 80.02 2.30 -1,361.14 3,298.03 3,167.97 1,989.62 187.29 -14.56 523.95 -165.00 9.58 2.08 1.59 202.53 -353.42 550.00 6.49 23.12 208.17 510.08 -296.85 -425.33 31.00 -17.08 532.51 3,770.40 4,787.84 -3,097.17 -4,306.42
INT064 68.88 10.55 -182.29 3,396.22 5,999.00 2,930.33 -336.04 653.36 6,930.62 -530.07 3.25 0.10 122.97 -588.17 640.94 0.54 26.28 -379.39 493.55 -257.87 -441.17 0.30 32.31 541.05 4,972.81 -647.87 3,945.05 -4,101.90 1,335.23
INT065 150.09 60.38 -4,734.25 215.69 1,587.00 1,993.14 58.18 9.07 -1,768.10 3,505.55 -1,450.05 -21.12 0.10 -14.10 17.03 19.38 -570.04 126.59 -2,915.24 -1,093.94 -250.95 -580.43 0.10 -105.22 -30.06 4,063.89 -1,109.17 3,418.78 47.42
INT066 203.14 54.95 -930.09 652.62 1,621.28 4,342.46 2.20 1,346.80 -10.81 6.51 0.15 56.33 145.16 550.00 -2,057.13 190.37 -1,789.31 40.41 0.10 -1,199.80 -201.18 3,422.30 546.00 1,032.48 34.65
INT067 450.00 10.43 -755.37 2,055.20 563.90 7,001.00 1,786.11 485.55 264.94 11.10 0.96 17.28 146.13 -2,786.50 550.00 619.71 191.09 -1,285.72 7.77 2,788.40 654.27 90.61 171.80 851.50 678.27 671.70 204.50
INT068 450.00 -26.03 -19.28 204.89 564.42 7,001.00 5,771.87 40.89 274.34 -4.68 0.10 1.10 108.93 -3,032.06 550.00 624.26 191.19 211.99 31.86 736.47 660.58 65.24 517.77 5,364.34 675.11 578.92 195.62
INT069 141.71 -3,377.07 -5,063.76 40.97 5.32 2,232.10 560.50 -2,737.75 -3,996.21 -3,652.78 -1.58 4.33 2.94 -4,526.66 550.00 587.24 -129.53 -47.99 200.10 -3,045.61 450.02 550.00 510.00 906.03 958.76 -4,720.84 133.73 175.15
INT070 63.44 -2,181.27 -2,665.00 227.56 814.00 4,856.98 619.72 2.71 -4,402.81 117.81 -3,467.60 159.56 1.39 -2,083.18 -1,873.85 33.00 130.92 190.24 -2,053.75 197.23 449.62 450.02 550.00 -368.25 278.18 946.52 945.10 546.00
INT071 480.25 163.04 33.63 213.15 852.59 4,339.47 5,291.34 35.68 -4,499.00 13.93 42.87 3,280.21 6.19 -6.91 787.59 192.38 550.00 290.28 452.02 503.77 719.99 375.12 329.78 4,954.69 1,571.77 1,855.58 232.16
INT072 4,489.82 133.14 -88.86 569.73 1,983.22 4,388.45 6,352.94 578.29 -5,753.62 0.50 597.93 2,173.92 473.09 10.65 -2,955.13 698.76 842.31 660.26 689.14 3,928.79 1,407.61 2,154.45 257.10 815.30 4,820.29 4,288.61 722.28 3,429.37 362.58
INT073 -180.49 5.13 89.81 -3,820.02 143.74 1,120.50 145.93 -4,138.45 -6,847.87 227.11 3.39 688.99 -38.93 -987.93 149.26 653.35 -3,417.16 138.20 187.71 -413.02 -102.66 249.02 194.23 4,809.13 -4,599.56
INT074 204.91 158.55 62.32 330.97 297.61 1,127.00 196.87 -2,185.36 -6,506.77 51.11 -1,389.15 9.72 1,040.44 47.84 5.96 687.35 699.00 306.77 -1,270.92 -288.09 -214.39 876.43 -1,429.69 184.72 4,368.45 385.94 -3,679.54 737.13 161.23
INT075 166.78 921.25 74.39 327.42 1,493.58 1,137.83 95.22 -391.25 300.01 1.79 1,102.15 4,756.49 0.11 125.32 676.30 699.66 374.72 137.75 634.78 1,832.68 221.87 4,040.82 -3,124.02 5,724.72 265.34
INT076 4,792.70 869.55 3,850.33 1,121.41 4,832.80 -303.95 1,122.83 390.00 0.60 2,468.90 3,066.61 -80.59 1,042.22 913.70 892.80 1,020.31 192.04 825.10 4,698.68 652.15 971.56 3,276.65 699.00 -3,588.78 5,918.62 5,316.06
INT077 -919.74 1,052.18 1,161.79 -162.46 876.20 -899.48 -1,327.82 -1,973.57 1,116.57 198.77 801.44 5.14 18.74 205.27 -5,901.83 175.46 -2,356.36 974.89 -1,464.20 811.79 1,272.63 38.77 -3,666.88 1,951.80
INT078 171.76 1,536.42 1,220.15 228.39 259.48 -45.87 1,380.94 310.97 692.28 836.40 -294.88 874.82 990.18 921.42 262.18 -43.92 1.12 913.97 1,140.96 2,812.90 1,042.19 4,965.99
INT079 122.53 1,316.27 4,098.65 273.72 26.88 144.00 1,128.39 -9.69 2,280.49 4,362.52 4,873.67 881.18 862.64 908.32 3,035.50 1,032.41 173.96 5,097.78 1,489.03 1,204.95 1,098.51 2,434.28 1,290.99 3,866.85 5,626.93 1,109.41
INT080 330.70 1,159.28 5,779.41 389.02 1,244.13 1.80 5,904.61 390.00 7,872.21 5,705.47 1,804.92 4,111.79 1,048.55 5,717.18 1,093.69 318.26 6,009.26 3,846.31 1,604.68 1,679.57 1,140.96 2,942.12 1,286.06 5,962.72 6,992.37 334.04
INT081 15.60 192.66 1,006.23 116.19 316.03 38.05 119.75 -463.33 3,410.11 331.06 1,405.46 229.21 -1,508.92 1,658.74 1,069.76 1,612.99 941.86 8.48 890.53 282.16 1,306.75 3,205.33 769.15 1,003.42 1,741.78 201.86
INT082 251.92 -2,613.14 229.69 272.81 235.49 226.46 -3,492.44 94.33 11.11 5,459.51 700.00 218.63 1,477.42 2,907.90 1,320.75 762.91 39.53 965.11 932.17 257.27 1,468.03 2,805.11 700.00 1,094.94 1,135.18
INT083 183.07 56.49 290.19 355.89 89.97 -1,793.76 -2,515.60 1.42 6,595.16 2,775.72 325.06 935.96 1,773.08 1,323.99 721.10 347.92 1,044.67 887.48 315.55 1,760.38 2,136.15 700.00 1,143.50 923.71
INT084 250.19 263.15 367.55 380.61 63.05 2.11 221.49 1.28 7,001.00 5,868.89 247.20 222.48 1,593.03 1,138.64 1,323.85 1,197.92 369.00 1,171.52 400.00 365.84 2,660.02 1,587.57 700.00 1,179.96 346.67
INT085 216.66 -1,578.90 -4,133.61 -1,615.72 -2,332.65 -4,332.06 -53.69 2,813.33 1,303.02 2,736.51 0.40 -1,324.70 700.00 2,151.23 764.00 700.00 311.34 372.33 1,494.91 1,810.36 1,343.66 -1,510.80 177.19
INT086 -2,222.43 144.07 -4,153.27 952.68 252.41 137.04 -2,428.09 -3,767.59 -126.79 1,995.76 2,301.04 1,479.84 235.75 299.79 322.45 951.60 1,627.11 295.32 180.03 1,705.69 1,302.94 -7,662.88 -55.30 227.77
INT087 -635.95 185.76 -96.93 10.34 -101.48 3,975.51 6,758.97 1,763.17 283.28 305.87 214.91 1,366.79 1,708.12 366.30 327.41 700.00 153.02 226.35 72.40 1,371.47 1,700.64 1,906.25 -2,535.35 370.79 301.47
INT088 23.91 146.63 226.08 102.10 380.52 -18.84 23.95 -121.30 4,508.71 5,531.33 -32.33 -3,611.85 214.32 178.63 265.83 1,949.12 391.84 222.54 1,010.64 391.25 198.23 1,188.59 1,635.87 822.67 32.70 337.22 318.73
INT089 255.63 900.00 900.00 5,180.29 880.21 -390.98 1,003.19 19.60 4,640.12 6,864.56 5,941.22 42.26 -636.95 234.49 1,236.57 6,490.25 6,162.79 5,167.70 740.80 757.88 700.00 729.13 1,668.68 1,512.52 1,186.80 2.84 260.44 1,287.89
INT090 -1,013.58 957.44 1,561.19 2,620.89 -33.78 -62.15 -426.68 3,311.52 6,122.81 3,857.42 -4,250.99 -3,328.67 240.27 1,329.26 3,922.80 1,402.07 159.10 700.00 1,064.59 770.06 885.73 1,375.49 1,031.05 -2,327.57
INT091 155.66 39.87 1,045.31 30.97 -168.79 6.23 -2,675.53 1,141.66 702.44 29.93 -4,516.69 -1,727.78 244.13 179.39 238.43 1,960.98 700.00 -3.36 781.16 1,145.99 324.20 322.51 2,885.16 154.29 -1,612.50
INT092 -3,724.45 -2,514.38 788.89 -40.66 47.66 44.45 272.28 9.77 -3,594.84 1,299.70 196.66 148.83 -3,489.13 -537.91 192.05 -42.98 -4,108.82 2,659.53 -2,180.89 884.77 1,979.12 217.52 49.91 -300.36 197.10 936.45 145.61 -2,702.91
INT093 98.92 -912.17 3,595.68 -5.40 225.47 -1,384.29 352.36 -1,862.74 -1,396.70 1,194.92 5,350.87 5,556.45 -165.83 -75.54 285.11 1,008.23 -1,354.45 1,150.74 5,004.40 2,931.11 6,158.25 3,796.27 970.87 4,552.43 1,209.73 61.18 5,071.69 4,743.85
INT094 -303.84 -256.14 875.98 242.19 211.01 -433.41 -3,033.24 -410.97 12.03 1,127.82 1,615.24 5,200.37 -731.34 -74.90 260.17 891.51 258.94 2,293.91 3,207.77 201.66 1,012.16 1,169.45 1,276.83 1,276.20 1,212.35 1,051.28 754.01
INT095 -80.86 4.64 705.38 267.38 254.46 16.02 -105.19 -4,287.70 2,413.08 879.19 753.81 -3.67 -242.66 279.21 650.00 -1,792.89 1,729.20 1,092.70 93.90 699.00 1,077.16 1,365.93 70.58 1,633.15 242.83 1,046.57
INT096 -3,357.08 -115.55 703.62 185.33 -1,715.30 245.81 -1,125.90 -6,968.87 167.12 155.96 97.33 0.46 149.58 135.53 -1,814.66 2,071.44 830.95 -1,048.95 1,052.93 90.68 1,939.44 1,051.94 625.00
Pret Final Unic din luna Iunie 2025
1/1