PDF PAGE 1
Data: 21.09.2026
lei/MWh
Interval/Data 01.08.2026 02.08.2026 03.08.2026 04.08.2026 05.08.2026 06.08.2026 07.08.2026 08.08.2026 09.08.2026 10.08.2026 11.08.2026 12.08.2026 13.08.2026 14.08.2026 15.08.2026 16.08.2026 17.08.2026 18.08.2026 19.08.2026 20.08.2026 21.08.2026 22.08.2026 23.08.2026 24.08.2026 25.08.2026 26.08.2026 27.08.2026 28.08.2026 29.08.2026 30.08.2026 31.08.2026
INT001 2,056.08 1,168.95 1,470.69 1,142.76 2,302.21 1,851.63 2,490.60 23.94 957.91 1,443.08 1,000.68 1,019.27 937.60 1,284.29 1,420.91 927.61 159.53 1,330.59 871.34 1,822.17 5,453.39 370.63 1,576.04 278.55 1,732.09 1,133.67 1,300.68 850.00
INT002 1,388.62 911.80 1,865.32 1,742.28 1,860.74 1,357.61 212.71 115.27 1,515.98 946.06 914.22 960.96 1,447.76 800.00 -132.63 1,415.35 1,457.98 1,314.53 5,925.55 1,535.36 260.00 2,694.74 966.99 1,488.11 1,096.68
INT003 2,218.04 955.52 1,486.59 1,663.36 2,136.23 1,340.49 25.02 936.55 1,436.93 255.31 894.28 800.00 949.93 1,407.09 1,327.35 1,551.83 319.12 1,282.98 305.13 2,278.53 356.68 1,181.61
INT004 1,367.00 826.27 65.50 1,508.31 2,134.97 1,578.27 952.51 -205.23 1,398.96 238.60 934.02 941.46 929.22 408.09 257.95 1,291.95 1,217.63 1,297.20 1,969.14 306.88 1,352.21 1,100.27 1,637.85 323.19 -490.30 1,200.43
INT005 216.25 1,243.26 1,160.05 2,492.84 1,628.72 2,254.52 873.57 -24.37 952.30 946.17 1,442.70 1,318.69 1,086.89 1,002.65 388.53 1,263.86 410.00 1,343.74 3,131.82 978.96 1,411.88 1,147.56 1,007.05 850.00 1,046.96 1,528.70
INT006 284.05 401.00 2,951.08 1,161.43 1,165.31 -7.58 948.12 977.59 1,284.29 1,178.16 947.30 408.46 950.00 386.74 1,102.57 944.03 1,463.59 299.55 1,770.36 985.68 1,293.93 1,117.46 415.00 1,096.73 1,412.75
INT007 952.66 340.90 1,381.58 950.00 1,104.81 944.85 928.57 1,259.43 1,069.42 832.41 1,379.44 386.19 1,189.70 410.00 1,981.57 1,933.65 271.64 1,650.40 405.00 1,392.25 415.00 996.22 1,091.80
INT008 997.45 1,084.69 357.47 1,420.93 836.55 958.49 1,195.14 917.77 943.73 947.50 850.00 1,044.91 943.16 1,321.66 259.48 1,353.54 331.27 394.67 1,071.33 415.00 1,011.17
INT009 1,204.77 942.52 377.95 1,312.94 1,327.20 278.34 876.65 861.11 200.35 200.00 979.33 940.68 295.35 3,145.85 361.34 951.83 391.62 1,272.96 300.08 1,229.13 1,615.03 191.14 1,224.53
INT010 1,238.83 899.46 1,326.12 355.91 800.00 1,148.72 851.97 382.48 200.01 950.21 1,216.80 1,504.85 866.50 969.48 1,138.56 1,354.81 405.00 1,692.65 1,959.94
INT011 940.82 898.63 800.00 1,500.62 515.00 1,311.71 931.03 936.67 374.98 390.94 937.09 1,546.45 1,074.85 949.55 967.31 1,142.75 1,485.09 918.40 304.52 973.77 1,116.23 1,224.06 1,468.88
INT012 896.56 957.67 1,147.93 1,370.40 515.00 1,299.62 806.57 1,046.71 387.44 277.54 801.61 1,405.23 374.64 946.40 1,298.37 953.67 1,272.20 1,299.79 937.36 863.01 180.23 903.30 1,064.78 1,075.54 1,493.77
INT013 1,345.48 878.45 1,353.13 1,043.71 423.52 460.00 1,177.11 1,022.84 949.85 205.93 545.27 813.54 1,209.27 937.16 415.34 967.67 960.73 981.98 1,281.36 1,438.00 1,123.72 946.57 287.11 248.40 387.56 1,431.36 1,385.56
INT014 1,839.40 926.43 1,199.00 978.33 176.55 460.00 1,450.71 1,038.68 832.87 948.83 205.76 461.50 800.00 1,128.52 405.00 200.28 420.00 1,147.64 1,043.66 410.00 1,488.95 968.47 206.13 1,261.77 401.00 403.51 337.78 935.80 1,503.58 896.88
INT015 1,422.87 910.88 800.00 1,183.55 1,018.21 252.38 460.00 956.40 -8.00 947.17 914.57 937.68 865.43 -103.25 802.99 1,792.41 1,185.04 1,198.81 1,279.97 977.51 401.00 405.00 333.86 946.22 1,483.72 952.69
INT016 1,381.29 972.63 897.95 174.49 156.08 254.38 896.77 947.57 843.90 807.41 -183.15 800.00 1,728.48 1,293.01 1,200.00 1,190.00 942.07 961.98 346.00 1,013.46 1,305.16 855.34
INT017 1,176.99 1,142.80 928.67 314.81 4.43 104.84 1,081.06 950.21 830.14 1,312.94 812.09 -147.46 947.97 950.28 1,188.77 336.42 1,181.98 1,039.59 949.97 1,142.62 982.52 1,147.68 1,260.92 939.59
INT018 1,191.21 1,108.64 872.94 401.00 156.00 33.56 946.48 1,056.39 950.00 -264.90 929.60 1,106.99 800.00 947.38 974.24 955.37 991.08 293.82 1,144.13 951.58 948.48 1,004.38 850.00 1,023.13 1,499.82
INT019 1,277.16 1,174.15 566.30 800.00 907.09 74.30 813.64 947.53 1,092.58 950.00 930.16 1,253.27 946.28 953.14 1,453.50 949.49 410.00 1,172.26 383.06 1,104.29 1,344.26 1,194.05 401.00 1,339.86 1,232.41 1,061.21
INT020 979.73 1,002.07 887.81 906.83 -87.44 831.02 1,025.96 981.60 963.98 813.17 1,262.67 948.89 1,458.82 920.52 391.51 1,268.70 388.07 1,733.91 1,016.42 994.61 1,021.96
INT021 930.14 991.73 897.67 460.00 818.52 1,165.97 854.85 251.00 800.00 914.57 953.21 255.54 948.25 1,084.49 945.28 410.00 1,378.60 398.34 111.26 4,756.09 986.48 1,470.39 1,319.67 1,355.41 981.98
INT022 1,111.68 941.54 1,030.17 949.29 961.44 1,298.85 949.48 1,161.69 943.10 973.65 195.53 255.00 949.92 1,050.88 949.36 431.34 1,272.89 401.00 194.44 4,942.22 974.05 1,398.26 979.75 1,404.02 1,190.28
INT023 1,304.08 916.06 888.77 1,082.51 951.09 950.91 969.19 1,947.01 401.00 1,418.51 865.24 121.24 420.00 1,145.76 1,103.65 942.39 1,280.67 151.19 165.71 943.90 2,872.68 900.87 2,879.68 850.00 1,361.71 1,097.87
INT024 1,334.93 876.17 439.74 1,293.20 953.01 942.43 1,632.03 313.68 994.10 1,360.98 94.35 942.90 969.84 1,293.87 960.20 424.26 1,274.93 152.49 971.09 2,356.55 999.93 4,313.98 1,337.57 940.53
INT025 1,272.28 167.25 841.30 411.97 1,140.58 961.77 4,623.61 1,442.64 1,050.92 269.17 987.16 1,244.80 949.70 385.04 1,389.28 151.81 1,088.87 1,508.98 6,196.63 1,163.99 1,535.83 1,187.34
INT026 897.81 138.91 326.67 1,136.70 950.00 1,219.35 4,310.28 1,170.97 960.26 371.50 994.96 1,263.34 949.72 368.21 1,639.48 151.86 312.28 1,238.96 1,516.17 850.00 7,470.62 1,279.13 1,438.69
INT027 899.92 941.74 320.54 1,005.00 1,199.63 1,063.80 1,077.35 948.54 1,180.49 185.31 253.09 1,237.43 1,348.43 123.03 947.90 298.85 1,003.42 1,265.02 949.67 371.62 1,468.31 60.20 249.93 1,188.78 1,494.68 924.09 1,595.83 1,060.24 1,224.40
INT028 893.71 -124.15 308.08 1,007.14 1,082.42 993.63 1,092.68 976.76 1,165.81 1,260.45 1,165.90 76.98 983.99 952.55 949.89 1,262.85 949.25 369.40 1,711.72 -129.99 257.76 359.75 1,505.70 1,108.14 1,390.22 1,602.85
INT029 1,193.26 -321.04 897.67 1,481.76 957.20 909.75 1,090.81 1,131.71 1,278.14 947.34 1,370.44 949.29 968.39 263.90 275.27 1,069.11 295.10 187.22 271.62 227.88 1,522.81 1,020.82 1,364.90 880.22 1,840.17
INT030 955.58 172.03 -837.66 401.00 1,504.04 936.19 899.68 1,068.78 1,178.04 1,281.73 354.46 1,327.45 919.97 994.85 420.00 416.39 968.64 276.89 420.00 1,170.98 354.70 410.00 1,524.23 345.52 1,364.04 403.15 863.59 1,493.87
INT031 914.29 360.26 898.19 1,199.71 960.29 851.22 1,081.93 949.29 1,285.63 370.12 156.23 1,361.08 926.01 971.98 346.03 950.00 922.41 266.84 429.51 915.79 320.21 334.94 1,532.50 405.00 1,359.92 412.92 1,438.29 1,772.12
INT032 899.41 369.43 160.94 839.76 1,199.74 1,071.18 897.38 1,087.15 1,261.95 344.19 151.19 1,365.24 912.64 100.47 145.62 1,365.65 1,426.47 269.70 856.97 937.45 814.97 384.07 225.52 1,517.76 352.44 1,364.55 300.48 1,350.04 1,256.78
INT033 1,059.29 355.29 159.06 1,026.59 1,557.78 1,045.73 897.41 1,097.56 319.08 1,283.03 399.47 1,317.70 1,335.44 1,223.15 1,241.68 946.23 176.08 6,102.38 953.21 316.32 1,289.33 1,235.19 1,279.04 1,148.74 162.47 1,526.30 241.29 1,577.98 95.31 2,497.98 847.41
INT034 1,186.25 136.02 169.07 897.15 1,426.18 1,048.53 898.12 2,373.10 -28.82 1,308.06 268.41 253.23 1,339.46 959.29 3,134.78 836.45 66.91 4,212.48 886.18 287.02 1,077.15 1,096.73 932.51 1,089.34 151.34 1,526.74 850.00 1,409.90 3,378.15 267.10
INT035 164.31 894.82 1,109.72 938.37 401.00 2,030.73 -103.18 1,316.65 268.69 -20.83 1,358.36 878.70 925.42 800.00 200.98 1,356.50 435.45 234.38 858.87 874.43 902.34 243.85 1,592.69 956.74 1,683.72 45.57 896.48 183.49
INT036 182.83 376.31 900.48 1,049.18 789.00 800.00 -142.18 1,317.83 443.21 -1,036.02 1,345.66 948.10 928.36 800.00 173.94 1,398.32 418.98 255.28 1,041.96 850.00 316.58 159.10 1,528.21 1,188.72 1,426.44 -108.07 1,063.37 110.12
INT037 847.20 156.02 380.16 1,479.85 1,053.54 790.71 893.84 215.00 344.86 897.94 58.59 1,303.86 1,292.04 6,905.18 1,329.89 200.00 1,388.31 854.87 237.89 1,435.93 930.28 97.13 156.84 1,398.67 2,383.17 1,313.13 -115.70 850.00 282.79
INT038 400.00 768.20 903.70 339.24 1,238.07 1,169.93 1,138.72 882.77 700.00 262.54 948.38 1,128.23 -289.77 1,308.65 1,928.39 1,423.12 252.24 1,483.09 940.17 233.35 1,253.06 1,002.81 -259.79 208.93 156.67 1,406.87 1,399.12 1,313.37 -28.56 854.72 54.44
INT039 790.54 156.00 334.04 376.07 1,262.12 1,236.45 740.18 183.68 283.63 2,902.06 211.46 419.62 1,214.56 947.07 267.02 1,401.43 329.70 269.85 1,256.27 893.28 -410.00 166.71 155.33 1,390.26 1,300.38 1,310.47 -104.02 179.30
INT040 699.00 699.00 800.73 314.89 360.00 1,586.14 883.00 601.29 700.00 -3,465.79 264.48 981.01 160.27 43.77 936.58 253.18 1,062.87 154.76 129.26 321.13 600.00 -2,750.90 105.62 161.69 403.51 1,306.66 -1,721.88 -637.87 -380.62 177.90
INT041 94.59 1,217.93 820.84 348.78 1,127.91 1,522.37 828.24 722.13 -554.52 888.01 966.73 210.80 118.00 845.46 903.91 1,011.25 1,017.00 203.87 51.49 600.00 -377.25 153.83 152.77 1,360.79 1,163.32 1,112.78 -751.57 22.20 58.80
INT042 926.78 699.00 -27.71 245.46 898.66 1,552.07 1,110.06 650.00 800.00 20.74 901.07 789.27 -88.73 247.06 724.64 878.84 919.28 949.56 879.18 54.18 264.07 570.37 -2,902.36 153.30 159.91 312.00 2.09 1,112.78 -619.35 -141.92 72.87
INT043 763.50 699.00 11.08 187.23 284.83 400.50 1,094.21 597.34 -295.00 890.73 789.27 106.42 235.95 258.41 895.84 749.00 949.90 1,198.83 -3.35 285.19 -5,811.54 162.95 110.88 228.56 290.86 267.07 -191.18 -384.00 169.07
INT044 699.00 -139.37 178.54 134.51 24.04 316.56 73.01 -295.00 -300.67 -2.04 201.47 66.21 292.90 992.33 941.85 400.91 2,791.85 22.16 253.55 164.96 -35.72 225.46 280.37 79.94 -187.31 -1,516.99 167.84
INT045 699.72 -61.80 -1,041.70 168.15 252.46 237.21 981.76 -99.00 891.58 65.89 72.22 906.48 731.39 1,065.01 931.01 3,511.55 151.76 277.14 -127.45 835.60 -84.95 116.51 0.00 171.64 -3,627.58 -2,009.05 204.58
INT046 713.29 -269.05 212.11 158.84 329.50 345.11 899.49 115.00 -1,222.10 115.91 956.54 -23.88 -5.09 899.48 124.21 700.00 1,039.53 948.97 1,248.82 172.97 850.00 -9.61 964.48 179.56 143.56 714.95 170.39 -304.27 -290.29 203.32
INT047 699.48 -726.03 165.37 160.28 308.66 381.04 982.65 -37.26 -7,498.06 39.78 894.89 -29.62 -100.51 700.00 700.00 1,160.05 400.33 1,227.43 155.82 857.76 567.28 159.12 115.51 191.53 901.44 175.57 -235.78 -1,692.39 208.25
INT048 699.48 -368.93 -53.70 122.65 235.16 269.36 932.26 8.74 -106.38 60.71 162.76 4.31 16.42 700.00 600.00 700.00 945.58 314.10 1,236.28 152.91 874.29 862.31 94.21 200.95 899.48 -4.19 -428.22 -254.33 66.55
INT049 -1,158.84 71.43 -0.94 709.21 -576.60 369.63 99.38 -362.18 75.50 245.57 28.09 2.45 739.07 -39.56 700.00 918.30 896.67 1,199.38 202.81 887.11 553.80 -194.14 959.22 234.60 210.48 958.58 -73.70 -112.34 -1.79 130.03
INT050 274.83 -95.94 121.08 11.73 760.36 266.52 401.00 -255.43 -425.19 101.93 363.14 25.36 106.37 824.89 44.68 700.00 411.01 401.96 1,199.38 207.73 853.87 593.99 -150.53 919.57 253.59 207.57 922.49 -10.78 86.15 200.89
INT051 250.30 5.42 150.02 35.14 738.38 257.43 267.75 -81.37 -130.05 17.97 393.81 40.89 -1,326.47 199.92 -49.70 800.00 401.47 1,198.38 202.53 515.60 557.97 -98.58 0.00 802.50 188.87 1,061.11 -10.48 -396.06 -58.82 201.12
INT052 185.06 -79.60 50.72 9.67 738.71 897.32 266.34 -50.53 -114.07 38.56 289.78 58.87 -622.95 195.08 -177.74 -3.30 398.50 397.97 1,198.38 200.55 1,013.35 874.61 891.46 833.98 194.09 954.20 14.56 -1.28 202.22
INT053 -1,404.75 59.24 22.26 707.04 456.00 3.67 -155.35 -199.18 73.40 327.67 57.16 -43.87 266.82 71.98 -14.56 300.54 391.20 999.00 200.53 892.20 896.02 600.00 385.54 810.00 116.74 847.72 26.90 700.00 22.74 204.28
INT054 -2,493.38 -13.96 237.31 29.98 848.14 899.00 4.04 -139.99 -214.51 77.81 319.61 36.41 -81.03 69.61 56.13 399.59 339.70 882.53 200.09 1,414.19 1,000.00 -116.61 341.52 855.62 140.83 847.74 20.77 800.49 -182.16 203.55
INT055 -17.89 295.48 2.56 947.26 899.00 2.77 39.22 -207.34 76.44 700.00 -58.80 -50.51 47.63 5.64 858.87 204.39 975.23 200.00 1,029.33 916.76 973.79 845.57 58.67 847.74 19.76 296.59 -138.58 252.35
INT056 -135.44 -117.75 202.18 10.51 881.80 949.89 22.81 -210.13 65.20 700.00 18.55 -74.97 57.00 -48.34 396.58 200.06 378.30 200.22 1,030.87 779.23 -383.10 367.18 846.66 58.13 410.00 22.88 260.95 -29.03 249.69
INT057 4.49 -418.15 179.12 9.64 882.51 1,209.44 -88.91 -691.09 69.46 322.02 -19.20 -67.38 156.68 -4.12 2,460.42 256.00 381.88 203.67 388.12 852.77 340.82 905.40 51.00 410.00 9.45 256.77 179.72
INT058 -397.95 172.19 18.01 865.97 425.68 -95.88 65.43 252.77 -5.58 -73.49 757.69 19.65 403.13 377.62 220.27 256.84 895.24 481.57 153.71 171.21 916.98 51.11 410.00 0.48 257.26 114.41 248.84
INT059 -259.25 -115.80 252.77 19.36 400.00 1,097.79 41.80 450.00 -132.75 21.21 237.04 39.84 -78.95 707.66 19.52 386.85 395.59 206.83 270.22 387.73 980.62 908.10 850.00 200.21 364.75 27.29 214.59 4.96 149.79
INT060 -110.10 675.91 17.63 359.09 1,507.60 3.83 91.00 9.49 20.31 263.94 -173.06 -82.50 742.84 377.15 394.51 1.30 245.58 1,143.00 931.30 -5.44 285.23 318.09 200.00 381.06 36.88 -120.66 481.97 3.08
INT061 699.00 -182.21 698.88 866.55 113.74 1,339.95 17.77 -67.14 36.02 -3,070.23 -1,823.91 -1,110.55 207.34 17.75 -44.45 406.58 361.97 0.60 -342.31 0.00 789.13 1,033.14 179.21 4,241.99 376.52 -70.28 -2,795.36 0.00 -485.11
INT062 -226.94 699.00 19.84 156.99 1,329.06 837.98 537.83 -133.26 18.35 11.29 -926.10 -662.14 223.36 13.16 31.84 366.11 95.78 0.39 73.32 401.60 731.03 1,040.83 890.52 5,061.05 403.74 14.05 -76.00 38.26
INT063 -734.06 729.72 319.37 266.12 1,458.99 759.43 440.00 -96.82 17.09 255.48 -132.93 -83.07 230.36 -145.98 -221.92 372.85 339.43 1.15 221.32 878.03 492.99 679.49 1,327.00 943.94 1,953.25 349.64 140.59 620.97 -121.40 221.81
INT064 699.00 -686.92 707.12 896.89 854.93 2,188.28 752.89 -116.28 17.00 724.75 -208.55 -82.33 265.51 8.75 699.00 346.95 322.31 1.00 161.87 873.88 499.14 223.90 1,189.98 993.49 1,450.62 391.08 130.26 73.91
INT065 699.00 -548.33 699.00 323.83 898.46 1,546.10 699.00 -1,459.39 -807.75 305.20 281.61 -92.70 -147.44 31.96 -940.60 -198.60 181.47 246.31 279.55 236.70 891.87 505.74 3.25 351.78 290.98 1,611.40 369.93 87.05 0.00 -113.17 119.27
INT066 719.86 267.42 898.82 1,281.21 2,646.58 280.49 -87.96 -582.66 303.85 382.69 -142.92 -250.35 -11.80 -4,859.76 699.00 151.31 277.37 387.43 256.44 871.45 487.08 -80.46 233.57 258.95 1,649.33 297.88 192.80 868.42 -110.35 334.85
INT067 699.34 693.57 17.35 270.70 1,562.01 1,755.54 170.94 438.00 11.54 292.10 700.00 -1,265.99 -110.72 904.65 -158.02 699.74 52.08 223.49 45.44 917.17 1,208.31 492.70 45.53 -16.11 332.14 1,096.61 10.62 20.22 743.28 -176.60 120.09
INT068 593.68 573.73 -156.36 294.02 1,462.90 1,698.91 327.94 581.70 226.93 884.21 -72.28 304.22 895.42 726.11 152.45 270.69 27.85 1,216.89 1,206.38 488.68 -1.78 2.79 351.94 1,436.18 269.00 23.45 623.84 925.47 177.63
INT069 942.19 699.00 -3,203.12 -2,769.02 3,109.92 1,436.07 202.84 247.96 937.12 160.65 -258.67 920.55 700.66 886.21 167.73 263.02 -2,247.87 0.00 1,382.19 804.95 -129.33 166.31 945.27 172.48 -76.35 1,044.00 -852.14 993.30
INT070 983.54 904.37 -3,808.99 68.53 5,116.42 1,463.00 136.09 -345.40 367.43 904.56 19.56 251.00 14.39 726.98 886.24 154.32 402.00 257.43 1,041.09 1,379.47 860.95 733.30 -969.06 162.63 1,564.68 249.79 -11.44 -1,507.95 597.22 1,639.73
INT071 852.81 947.99 104.12 215.43 1,649.95 346.09 162.43 42.95 360.00 1,685.74 152.95 251.00 426.62 866.72 972.68 919.57 1,335.93 -28.02 909.99 4,059.49 880.26 91.54 152.00 1,070.15 251.15 154.60 1,184.84 30.04 1,405.14
INT072 979.40 2,174.89 800.00 898.95 1,263.15 1,428.44 1,254.48 29.19 1,140.55 1,977.05 120.55 -5.53 457.00 1,567.31 1,714.52 1,138.50 987.41 402.68 935.66 4,119.17 957.87 792.04 6,369.03 289.84 251.38 3,670.84 1,064.71 2,175.55 1,507.09
INT073 47.49 130.19 62.33 1,749.71 283.38 1,128.12 186.97 825.68 251.00 1,490.17 -2,942.12 96.93 0.00 1,268.50 939.42 1,420.13 285.71 359.26 1,464.86 0.00 1,187.23 19.56 3,147.56 424.09 929.99 1,207.06 30.27 44.21 2,889.70
INT074 263.36 1,186.39 1,150.76 986.28 1,301.56 106.84 1,209.59 202.29 155.00 1,541.90 -17.38 154.76 -4,417.12 1,040.48 1,394.54 1,696.60 259.91 1,288.47 1,530.53 1,437.29 1,205.69 1,500.15 425.00 1,267.71 4,726.45 109.70 1,723.07 4,876.86
INT075 1,199.81 1,734.98 1,260.27 1,834.10 179.68 1,187.82 53.89 1,740.04 1,864.79 153.63 160.00 73.74 1,498.35 1,717.07 1,432.70 1,949.93 1,338.79 2,388.52 1,895.03 1,231.49 1,112.02 1,509.99 1,438.52 301.72 5,003.52 72.37 1,704.22 4,840.57
INT076 1,078.75 1,173.98 1,866.88 2,587.85 1,654.32 155.01 1,009.65 23.42 6,287.01 2,090.28 158.41 160.00 895.58 1,591.41 1,368.24 1,542.03 1,665.52 1,527.09 4,364.54 2,316.29 1,290.27 1,807.88 1,464.61 410.00 304.86 2,123.95 -1,019.61 1,636.17 5,781.94
INT077 3.68 1,842.50 0.00 3,483.29 1,207.37 -182.23 -10.16 200.00 1,791.36 183.78 133.76 945.84 1,334.06 1,593.53 1,254.01 1,021.48 4,934.34 1,701.39 1,577.15 1,428.08 947.14 316.33 274.78 1,787.46 81.90 1,957.42
INT078 222.92 2,246.49 1,626.96 6,101.05 360.01 1,579.46 25.75 218.42 1,423.99 2,263.54 213.05 -474.98 959.90 1,365.30 1,349.74 1,635.53 960.92 3,910.25 3,910.78 1,915.04 1,568.85 1,474.30 189.41 1,250.12 941.95 2,323.20 191.89 219.87 1,922.29
INT079 1,530.21 2,270.65 1,828.97 6,851.29 1,831.59 2,129.80 19.55 1,740.80 3,083.54 210.31 7,106.66 1,341.77 1,402.94 1,396.24 1,635.75 1,684.29 8,717.52 3,734.21 1,592.70 1,703.36 1,284.02 1,003.31 945.71 270.30 1,556.70 2,035.87
INT080 1,533.07 2,037.97 1,771.48 6,299.65 2,171.13 1,392.57 -26.18 2,671.66 3,966.59 208.75 1,056.85 1,462.30 1,337.69 1,380.39 1,635.75 1,137.53 3,577.55 1,559.19 1,573.84 1,527.88 1,234.08 247.42 410.00 1,195.94 262.42 1,548.47 1,893.91
INT081 1,146.33 2,147.74 1,111.73 2,562.69 1,147.45 136.38 3,032.29 2,430.00 44.08 1,720.44 1,146.03 1,787.08 330.68 2,350.08 1,566.43 1,592.65 2,154.58 1,475.51 325.19 368.06 948.80 401.00 1,545.26 1,478.83 1,745.88
INT082 1,636.69 1,011.67 3,053.12 941.81 1,186.51 156.95 274.64 2,861.79 2,285.15 217.27 65.44 1,734.68 2,453.12 241.36 324.96 3,397.95 1,558.98 1,595.27 1,691.87 2,116.16 242.51 1,177.84 1,543.90 949.07 1,538.58 1,652.65 1,745.44
INT083 401.00 925.91 1,498.15 1,095.17 3,068.86 946.28 1,290.71 72.31 277.47 3,211.37 2,171.45 257.52 -627.14 1,600.40 2,978.00 401.64 934.01 3,536.39 1,554.02 1,598.06 1,986.41 321.07 947.38 1,748.66 401.00 1,540.47 1,548.43 1,432.69 1,932.39
INT084 1,317.28 1,746.95 3,165.87 948.97 1,199.70 -122.70 178.29 2,895.85 2,558.90 358.07 1,439.22 4,397.66 1,290.46 931.31 2,856.23 1,536.82 1,499.46 1,639.24 1,347.82 1,182.15 947.14 1,980.45 401.00 1,540.50 1,567.27 2,117.07
INT085 908.85 1,200.00 1,376.80 1,173.09 3,907.49 1,245.80 1,288.54 -83.60 7,281.80 3,177.49 187.69 1,762.87 339.62 3,367.51 1,367.00 1,034.61 2,294.56 1,508.11 1,453.51 3,896.98 1,199.99 16.63 1,431.39 949.19 1,452.90 1,469.44 1,652.15 1,801.39
INT086 1,200.00 1,940.31 1,113.06 3,351.28 1,007.96 -206.42 98.66 6,944.19 1,936.62 244.09 1,810.70 1,628.47 1,228.84 1,032.95 1,508.18 1,516.94 1,401.25 1,452.05 1,199.95 351.78 1,668.35 934.60 1,491.22 1,473.61 1,030.59 1,782.56
INT087 1,518.47 1,077.24 3,593.87 1,281.48 108.36 233.41 2,931.68 1,892.59 215.64 929.12 238.23 1,554.31 945.73 950.00 1,573.97 1,525.32 850.00 1,438.61 1,154.07 37.78 1,580.74 1,261.81 1,308.31 936.59 850.00 1,774.13
INT088 243.55 1,444.99 1,613.56 3,177.61 1,020.04 -19.82 354.49 3,690.28 1,663.05 892.33 401.00 2,069.83 414.90 1,087.91 1,575.30 1,517.74 1,489.29 2,051.05 398.44 1,355.18 1,477.47 858.58 850.00 1,778.31
INT089 1,030.07 886.92 1,655.20 2,139.96 4,556.12 993.62 1,285.03 401.00 1,691.05 5,745.99 286.52 6,495.38 3,182.38 975.77 1,667.29 1,015.54 1,559.50 1,513.42 1,550.51 1,492.05 2,369.61 1,263.41 3,276.18 1,183.61 6,128.65 415.00 304.38 2,008.53
INT090 135.48 1,597.94 1,663.72 2,435.84 1,186.42 -353.37 401.00 2,026.37 1,944.40 1,028.79 809.16 967.92 937.88 1,552.48 1,477.74 1,284.33 1,519.24 1,658.99 1,190.17 1,848.19 934.59 1,332.91 2.04 188.25 1,097.58 1,876.66
INT091 995.84 1,475.46 1,985.11 2,197.02 1,263.05 109.23 1,808.04 1,469.39 800.00 871.81 368.39 1,307.90 1,448.93 1,133.71 1,498.90 1,181.13 919.84 938.68 319.82 1,182.15 2,761.30
INT092 321.01 1,141.70 1,431.78 1,491.59 2,331.37 534.97 91.23 31.01 2,013.40 1,382.20 800.00 800.00 983.45 257.97 275.31 1,476.29 850.00 387.81 320.80 369.84 -4,386.28 341.80 904.14 266.28 381.20 1,158.70 1,729.53
INT093 1,172.82 2,500.34 1,802.00 1,767.46 2,043.46 1,299.94 -61.93 57.98 1,820.49 156.23 1,314.60 1,196.04 1,277.95 1,127.79 316.67 1,407.24 882.80 1,501.79 1,175.81 351.61 1,524.14 1,110.98 1,380.44 2,895.63
INT094 1,083.18 1,177.64 1,433.04 2,127.13 1,704.88 2,752.71 1,814.90 15.44 1,077.07 1,804.59 151.00 1,110.64 843.42 1,058.73 1,313.39 931.03 420.00 1,433.12 1,463.70 1,412.44 1,302.61 1,104.40 344.51 148.44 2,469.72 1,430.31 1,398.47 1,291.82 5,820.66
INT095 1,109.70 1,111.62 1,337.33 1,805.33 2,127.81 1,814.57 1,605.02 71.76 168.01 1,276.98 1,694.91 151.00 1,055.11 929.52 1,364.59 1,667.21 370.64 378.94 1,332.92 1,440.59 1,536.57 1,580.17 850.00 2,863.67 1,176.69 1,368.75 1,582.34 3,978.49
INT096 1,043.05 1,147.84 1,324.80 1,843.57 1,490.79 1,183.78 54.09 1,682.12 259.84 800.00 942.35 1,098.87 1,623.41 367.86 406.38 1,275.48 850.00 1,379.24 1,655.90 1,087.52 154.72 2,529.92 1,120.70 1,598.30 1,460.39 1,906.09
Pret Final Unic din luna August 2026
1/1