PDF PAGE 1
Data: 27.03.2026
lei/MWh
Interval/Data 01.01.2026 02.01.2026 03.01.2026 04.01.2026 05.01.2026 06.01.2026 07.01.2026 08.01.2026 09.01.2026 10.01.2026 11.01.2026 12.01.2026 13.01.2026 14.01.2026 15.01.2026 16.01.2026 17.01.2026 18.01.2026 19.01.2026 20.01.2026 21.01.2026 22.01.2026 23.01.2026 24.01.2026 25.01.2026 26.01.2026 27.01.2026 28.01.2026 29.01.2026 30.01.2026 31.01.2026
INT001 666.44 230.97 -784.37 640.91 957.05 774.66
INT002 173.10 400.00 898.43 304.44 341.78 672.07 391.90 1,043.53 707.47 305.88 642.37
INT003 73.93 284.09 827.83 803.44 380.69 793.76 788.13 154.60 747.63
INT004 459.28 855.05 293.48 -151.69 309.05 242.28 274.99 299.79 786.82
INT005 -12.71 573.78 400.00 726.44 441.22 806.79 -1,272.00 791.61 1,195.10
INT006 370.69 846.57 637.55 840.65 -7,155.66 0.00 206.25
INT007 0.00 819.67 162.87 873.19 4,819.88
INT008 389.28 732.14 656.81 -404.42 917.52 150.25
INT009 328.07 301.86 368.00
INT010 623.02 368.90 400.74
INT011 159.81 591.35 329.93 1,069.08 940.38
INT012 385.31 402.41 576.12 487.65 655.80 868.75 568.08 955.78
INT013 639.64 229.86 191.13 251.00 566.74 835.91 854.53 132.28
INT014 170.19 152.06
INT015 0.33 140.78 838.53 1,013.06 134.68 267.98
INT016 345.86 275.83 759.29 19.38 301.65
INT017 3.79 783.59 887.43 409.81 275.75 129.57
INT018 2.07 393.24 319.47 328.17 0.00 160.63 1,072.12
INT019 141.18 185.54 329.34 871.29 360.23 318.34 121.88
INT020 251.28 400.00 875.59 931.49 349.72 760.97 771.70
INT021 730.50 737.93 726.74 321.57
INT022 817.96 0.00 22.63 140.71 1,090.23
INT023 789.21 613.65 852.38
INT024 345.47 820.63 824.58 883.95
INT025 562.26 614.23 -577.51 717.34 343.61 308.50 176.97 806.44 326.60
INT026 0.00 300.31 852.88 2.68 0.20 760.24
INT027 756.86 82.19 1,357.31 0.20 675.88
INT028 0.71 400.00 569.98 346.94 910.67
INT029 181.01 1,817.84 54.40 0.00 -259.14 261.58 29.48
INT030 357.63 1,305.76 1,022.26 -179.19 1,222.02 0.30
INT031 -62.19 783.69 500.00 -325.77 334.02
INT032 114.10 755.86 814.00 0.00 504.45 -5,273.26 880.86
INT033 256.76 787.20 256.97 -7,757.97 357.50 500.00
INT034 86.81 805.29 500.00
INT035 251.00 -337.70 500.00 783.02 358.80
INT036 741.09 904.91 500.00
INT037 -56.83 95.75 787.51 0.00 1,087.68 410.00 0.50
INT038 0.20 405.57 452.00 0.00 342.41 300.72
INT039 388.23 407.00 405.00 389.98 410.00 328.62
INT040 281.68 350.32 407.00 216.00 378.25 308.60
INT041 200.00
INT042 773.21 803.81
INT043
INT044 772.57 839.18 405.33 -1,756.80 -173.76
INT045 757.41 -1,331.45 -837.56
INT046 159.20 -81.93
INT047 531.33 163.16 597.29
INT048 -221.84 756.36 286.37 151.05 35.96 297.79
INT049 792.98 407.52 -602.78
INT050 700.00 -205.03 8.12
INT051
INT052 290.45
INT053 -1,095.17 385.71
INT054
INT055 -241.21
INT056 -458.21 353.33 390.40 -53.92
INT057 309.56 203.62 52.37 141.73 -4,177.05 637.66 386.25
INT058 0.11 200.71 -130.74 -1,091.26 700.00 642.72 20.09
INT059 0.35 -68.00 -3,061.15 -2,020.43 -2,830.51 1,037.61 159.90 -191.48 85.83
INT060 0.16 -125.96 -330.38 -462.97 78.52
INT061 205.29 -318.27 -1,012.11 599.87 182.89 119.54
INT062 200.10 0.20 4.80 -237.86 -236.18 0.00 -126.05 47.86 357.18
INT063 518.23 536.91 0.10 373.55 327.22 0.50 148.90 -480.85 246.96 0.30 6.17
INT064 281.79 175.31 405.21 47.44 0.30 6.01
INT065 631.52 853.20 729.92 384.53 335.54 324.86 310.20 -472.03 215.03 0.00 57.09
INT066 739.44 813.82 1,088.58 406.00 253.17 410.00 242.77 1,200.17 1.10 1,052.56
INT067 324.74 407.00 406.00 915.39 410.00 891.04 1,038.64 -672.80
INT068 632.63 1,065.96 0.00 719.83 274.81 979.91 0.00 500.00
INT069 348.26 0.00 344.50 353.74 234.48 405.00 745.67 239.72 405.00 0.00
INT070 580.97 784.34 395.14 405.00 405.00 1,674.57 1,085.90 306.36
INT071 767.37 593.38 703.08 134.63 303.70 362.71 412.00 1,002.93
INT072 296.51 584.24 169.86 442.91 1,670.92 1,875.82 771.45
INT073 405.00 407.00 880.67 405.55 407.15 699.99 935.90 350.00
INT074 161.35 407.00 1,538.13 24.30 1,344.76
INT075 152.99 588.38 717.73 817.66 405.20 797.74 250.81 -3.42 -96.16
INT076 341.52 156.58 305.34 720.01 405.00 381.57 212.28 76.68 245.97 829.84
INT077 0.00 405.00 405.00 825.77 844.47 583.15 219.14 279.57 637.87
INT078 686.65 780.89 828.65 410.00 801.83 479.56 139.15 1,311.52 426.67
INT079 390.90 753.62 801.28 777.78 833.40 0.00 405.00 405.00 373.13 667.88
INT080 396.79 352.14 801.95 405.00 395.09 -359.69 632.04 890.96 612.79
INT081 753.38 123.18 680.05 1,203.78 368.65 663.12 1,460.19
INT082 152.85 379.93 1,316.94 811.15 -900.30 0.00 408.20 665.20 907.67
INT083 142.27 1,721.45 -1,538.03 0.00 1,986.72 714.29
INT084 150.04 810.02 477.73 29.69 396.57 356.31 649.17 107.20 1,636.31 944.40
INT085 -757.86 377.60 702.40 689.26 406.35 1,051.65 1,014.33 4.41
INT086 718.15 -4,380.06 816.74 326.80 407.06 607.38 560.84
INT087 682.45 879.92 351.02 803.12 1,391.50 186.43 834.96 319.16
INT088 162.94 1.10 153.98 706.52 124.34 362.00 1,208.17 1,250.30 226.59 90.36 243.68 987.89 123.01
INT089 1,108.30 590.28 983.91 175.68 150.56 349.68
INT090 806.71 668.89 704.26 1,215.27 17.76 332.69 964.67
INT091 805.49 300.11 4,840.21 923.46 320.89 309.31 0.56 656.86 255.22 371.42 736.34 1,028.18
INT092 273.53 573.07 76.46 912.84 151.56 149.08 698.34 898.62 142.06 765.58 229.05 -134.45
INT093 779.66 -4,865.52 571.48 419.67 320.85 -118.36 653.90 591.57 562.71 -86.11 724.81
INT094 626.30 380.00 327.88 772.80 937.00 388.28 970.07
INT095 778.22 554.22 0.00 143.83 -301.09 812.90 405.48 401.00 -152.41 960.78
INT096 192.36 490.03 210.95 1,425.33 1,014.93
Pret final de excedent din luna Ianuarie 2026
1/1