PDF PAGE 1
Data: 27.02.2025
lei/MWh
Interval/Data 01.01.2025 02.01.2025 03.01.2025 04.01.2025 05.01.2025 06.01.2025 07.01.2025 08.01.2025 09.01.2025 10.01.2025 11.01.2025 12.01.2025 13.01.2025 14.01.2025 15.01.2025 16.01.2025 17.01.2025 18.01.2025 19.01.2025 20.01.2025 21.01.2025 22.01.2025 23.01.2025 24.01.2025 25.01.2025 26.01.2025 27.01.2025 28.01.2025 29.01.2025 30.01.2025 31.01.2025
INT001 59.78 110.91 674.05 300.00 694.65
INT002 680.00 300.00 688.86 708.30 686.44
INT003 130.56 74.60 257.05 680.00 755.62 230.46
INT004 729.35 815.54 680.00 117.82 1,072.81 74.77
INT005 198.95 4,983.02 658.49 680.00 97.04 1,053.48 23.00
INT006 379.19 5,169.62 636.26 680.00 154.37 991.57 206.34
INT007 680.00 680.00 40.98 330.96 115.00 129.96
INT008 77.74 99.52 301.94 61.94 4,330.55 133.36 191.79 121.38 883.68
INT009 679.13 680.00 36.29 177.90 99.37 680.00 218.21
INT010 680.00 672.52 271.95
INT011 680.00 680.00 695.27 376.91 844.23 90.37
INT012 132.40 680.00 86.15 566.67
INT013 680.00 680.00 114.15 -33.13 23.51
INT014 284.21 129.13 103.31 150.90 72.31 118.59
INT015 60.79 115.75 668.98 653.33 635.00
INT016 54.47 67.77 464.78 178.96 501.40 31.22 680.13
INT017 63.29 518.63 672.53 680.00 840.00 65.64 778.57
INT018 203.65 88.71 775.50 85.02 201.53
INT019 72.92 579.19 680.00 125.22 415.09 114.41 438.01 668.69 104.87
INT020 680.00 86.66 599.00 100.06 84.55 680.00
INT021 93.38 80.32
INT022 94.01 739.92 345.82 923.82
INT023 84.39 712.24 680.00 805.72 700.00
INT024 138.15 37.29 1,124.85 94.66 994.28 541.35 -707.03
INT025 680.00 69.79
INT026 680.00 680.00 63.67 243.09 48.61 131.39
INT027 673.52 100.71 1,058.61 139.26 700.00 952.57 -106.17
INT028 675.68 110.33
INT029 254.39 773.18 1,269.48
INT030 146.38 114.42 4,974.49 718.65 199.88 343.41
INT031 667.07 6,594.29 121.01 93.56 859.75 700.00 901.20
INT032 680.00 85.96 719.92 105.86 874.74 360.70
INT033 1,155.54 741.70 220.22 984.79 1,000.00 124.29
INT034 185.41 72.84 673.22 273.03 754.85 755.42 703.35
INT035 201.14 289.94 296.37 680.00 60.37 698.68
INT036 273.19 287.59 184.29 317.12 1,169.92 110.08
INT037 0.00 282.04 119.16 138.16 73.12 133.59 85.74 146.75 145.02
INT038 393.54 348.04
INT039 130.14 213.43 296.47 210.10 2,647.02 37.30
INT040 1,129.42 179.07 139.64 331.57 197.64 1,657.46 -24.88
INT041 1,133.72 92.82 350.77 1,243.97
INT042 1,452.47 225.75 876.46 170.92 172.05 214.17
INT043 36.36 1,251.51 111.16 127.43 1,633.98 1,204.00 300.47 1,083.78 44.52 246.30 119.28
INT044 59.81 2,323.52 1,316.16 143.97 263.58
INT045 306.12 93.08 3,099.01 87.02 239.54
INT046 81.89 60.42 298.52 106.43 878.46 122.29 182.76 124.26
INT047 -14.74 265.21 365.39 106.45 95.83 104.60 393.86 1,093.36
INT048 105.10 105.46 221.29 189.74 351.83 81.34 1,093.36
INT049 356.60 77.04 196.07 175.23 144.70 760.02 217.32 -321.88
INT050 123.39 198.85 200.28
INT051 821.93 176.55 267.98 292.94
INT052 680.00 85.54 158.72
INT053 415.93 188.99 306.81 298.22
INT054 151.72 437.37 315.41 569.66 96.08
INT055 382.64 800.00 263.93 238.42 507.24
INT056 462.97 209.59 604.00 393.40 202.04
INT057 221.13 204.15 458.33
INT058 160.62 468.56 135.98 742.91 434.85 235.65
INT059 1,260.99 128.89 566.58 304.08 352.17
INT060 4,249.51 210.08 441.37 185.48 1,044.10
INT061 988.87 102.77 537.46 73.69 434.94
INT062 103.98 246.16 366.74 272.33 476.54 410.49 314.19 974.96 146.11
INT063 374.21 149.07 543.46 954.48 1,020.17 323.11 146.19 290.61
INT064 1,248.22 162.18 684.98 201.76 2,250.85 337.53
INT065 258.21
INT066 48.48 170.43 209.73 325.23 3,687.44
INT067 48.77
INT068 890.51 156.08
INT069 680.00 763.52 688.28 2,130.74 833.14
INT070 116.66 551.35 680.00 -150.84
INT071 314.07 1,207.11 347.01 355.93 908.76 922.75 4,434.98 718.93
INT072 906.27 327.82 170.75 668.41 3,534.21 353.47 873.02
INT073 1,041.49 680.00 127.52 139.72 1,366.44 321.97 672.54 1,046.53 1,176.15 291.72 840.71
INT074 172.36 89.85 311.95 143.65 393.96 706.09 1,271.04 271.17 229.37
INT075 430.18 51.03 86.19 218.08 61.28 675.82 397.97 329.96 321.12
INT076 680.00 680.00 356.17 680.00 574.63
INT077 212.60 71.46 91.90 58.94 680.00 275.89 680.00 294.72
INT078 371.25 576.36 679.61 313.83 878.53 892.09 1,421.25 320.62 364.93
INT079 64.87 300.00 157.74 259.36 700.00 600.00
INT080 846.84 680.00 483.87 173.63 285.18 303.56 600.00 361.01 334.43
INT081 1,057.64 106.62 86.17 765.70 110.96 369.69 949.16 364.05 302.74 270.87 885.54 700.00
INT082 999.83 584.19 679.93 54.13 680.00 171.44 332.20 351.89 192.35 409.51 714.67
INT083 285.81 300.00 772.18 210.94 680.00 326.80 105.53 700.00 339.34
INT084 168.83 111.91 323.62 186.44 245.53
INT085 97.06 25.06 219.15 100.76 680.00 680.00 188.86 700.00 217.44
INT086 430.46 144.67 54.88 929.26 791.06 203.31
INT087 680.00 68.30
INT088 680.00 759.33 680.00 1,505.09 1,050.00
INT089 -253.24 258.89 707.01 680.00 1,371.14 1,163.36 54.50 700.00 700.00
INT090 724.16 677.94 118.35 680.00 962.18 693.25 300.13
INT091 236.49 47.50 -11.70 234.59 708.91 205.54
INT092 791.78 680.00 37.65 175.25 700.00 525.00
INT093 373.08 59.51 392.10 -516.50 48.50 678.05 0.00
INT094 49.74 365.23 680.00 444.12 689.86 874.29 717.23
INT095 96.45 295.06 127.30 1,445.53 639.15 680.00 279.34 353.54 948.37 183.80
INT096 690.90 115.91 680.00
Pret final de deficit din luna Ianuarie 2025
1/1