PDF PAGE 1
Data: 29.07.2025
lei/MWh
Interval/Data 01.06.2025 02.06.2025 03.06.2025 04.06.2025 05.06.2025 06.06.2025 07.06.2025 08.06.2025 09.06.2025 10.06.2025 11.06.2025 12.06.2025 13.06.2025 14.06.2025 15.06.2025 16.06.2025 17.06.2025 18.06.2025 19.06.2025 20.06.2025 21.06.2025 22.06.2025 23.06.2025 24.06.2025 25.06.2025 26.06.2025 27.06.2025 28.06.2025 29.06.2025 30.06.2025
INT001 1,291.26 116.74 -153.38 2,196.21 193.00 -91.17 128.13 846.33 -1,071.13 5,124.89 5,479.50 975.61 21.73 -396.27 275.79 849.63 1,237.91 1,420.22 3,427.39 -700.74 777.54 957.70 1,078.16 1,884.33 1,100.22 1,024.54 699.37 2,823.16
INT002 916.47 271.60 826.20 2,248.11 264.46 59.05 -1,707.50 765.21 -129.92 3,250.22 16.14 -88.69 1,077.07 1,021.44 2,477.04 -182.29 699.40 1,086.54 699.74 699.48 1,470.16 1,020.91 970.08 1,938.05
INT003 324.37 886.54 991.09 650.00 309.75 99.96 -4,518.76 -197.59 3,588.79 213.81 16.27 -92.73 246.82 -560.52 1,078.19 1,079.56 171.33 959.93 699.70 269.33 698.69 1,036.80 972.68 1,630.00
INT004 282.02 650.00 224.07 97.21 160.27 -2,476.86 -102.96 992.69 56.97 -3.56 -90.26 199.50 922.20 161.28 979.25 246.74 695.92 1,035.41 878.02
INT005 1,202.60 358.43 260.55 2,474.10 124.87 269.08 100.65 -9.74 1,608.51 5,831.14 181.65 -867.69 962.51 -339.63 3,546.73 1,201.98 216.70 883.51 111.21 223.11 2,734.07 699.36 3,881.12 -326.86 3,001.76
INT006 323.06 365.63 927.46 304.28 338.99 213.39 -115.24 774.26 2,470.35 72.09 -667.43 948.95 1,709.46 825.96 699.64 994.34 130.14 320.52 1,363.72 699.52 2,635.99 -4,672.91 1,170.15
INT007 197.12 319.81 946.21 161.73 254.98 42.25 -191.29 928.40 685.26 211.89 -67.91 200.78 -438.60 699.00 223.34 -545.89 196.31 238.39 983.71 699.00 945.05 -4,063.38
INT008 -3,563.35 316.07 207.03 195.26 210.25 42.61 27.01 -262.19 786.32 224.96 -121.80 173.75 699.09 201.04 191.45 269.69 1,047.13 699.00 1,110.42 -4,494.11
INT009 840.58 -1,564.90 343.93 271.73 360.27 239.38 31.71 1,061.46 895.19 853.37 209.38 235.02 1,049.11 699.37 1,135.57 699.53 922.26 795.18 242.99 330.13 264.50 699.86 1,285.05 -723.01 699.23
INT010 -40.64 305.74 356.33 282.66 227.36 -10.96 795.31 900.98 726.88 124.98 166.89 1,141.77 14.39 1,312.62 694.39 886.73 -864.68 227.18 699.17 741.98 -3,965.53
INT011 3.55 -282.96 343.34 362.26 224.19 253.08 223.98 -83.04 317.64 1,186.30 708.85 22.37 22.37 956.14 699.51 1,290.65 693.23 699.00 699.00 -0.66 212.83 296.96 699.69 1,391.21 -386.64
INT012 15.00 -1,907.88 256.45 69.71 136.77 211.14 288.81 178.84 -1,928.62 650.00 205.06 656.77 14.59 42.08 39.15 693.72 684.67 699.00 142.94 130.82 202.84 699.00 699.00 -627.07 688.36
INT013 43.03 -597.35 166.48 148.79 218.89 275.90 257.44 -159.87 245.62 905.13 680.25 -9.08 -9.91 4.96 910.69 -10.38 347.21 755.65 856.11 170.35 193.95 75.32 734.16 699.93 -2,665.11 1,030.08
INT014 0.22 0.15 313.63 170.73 226.02 108.44 205.06 61.27 -2,804.03 -1,785.07 692.30 -104.54 85.28 -21.01 1,128.64 1,099.21 884.96 -1,855.87 686.31 699.00 -114.69 243.17 699.17 699.89 -5,432.84 4,696.40
INT015 0.23 3.46 208.70 264.14 225.36 270.68 55.82 -1,723.51 -4,494.57 -4,798.79 650.00 54.96 -4.21 1.30 924.26 699.68 54.57 689.71 699.59 187.70 51.72 310.16 384.83 699.00 699.00 -657.94 1,181.58
INT016 0.24 55.21 349.32 197.05 22.71 -3,755.05 -1,467.12 671.14 -949.93 650.00 19.29 55.55 786.88 699.09 698.99 -3,345.76 680.94 699.00 -17.31 122.93 699.00 699.00 42.07 698.39
INT017 0.20 187.65 38.07 231.18 292.43 245.76 168.51 177.37 -881.35 -2,199.03 299.88 156.66 59.59 15.74 57.59 818.81 -106.75 -478.50 698.57 699.49 164.32 145.93 49.84 875.94 388.39 250.18
INT018 -8.69 244.66 193.19 365.96 181.53 181.40 123.47 49.09 -415.37 225.45 192.91 656.60 -67.27 -10.97 34.17 650.00 -362.37 24.73 768.28 699.00 124.96 100.39 18.31 699.76 221.96 185.58 163.05
INT019 -2.86 372.81 315.43 180.86 191.94 204.79 175.78 -2,022.68 198.39 813.73 -408.31 -546.20 57.75 690.69 704.95 896.12 22.57 1,233.56 699.00 134.52 -799.28 238.89 255.18 699.96 112.92 216.30 324.42
INT020 -471.73 62.49 1,494.53 246.15 108.77 191.76 -9.52 202.35 -1,327.77 685.65 305.64 661.73 -48.83 217.87 921.57 8.84 988.43 699.00 81.52 -83.92 259.73 699.90 81.83 -434.31 218.23
INT021 116.47 66.67 209.45 109.47 243.60 89.32 182.06 -92.01 216.62 686.46 1.09 -145.85 284.88 -169.62 -168.66 990.52 1,842.56 71.21 -275.19 291.79 364.67 699.00 71.87 8.30 210.84
INT022 -2,158.60 133.21 840.99 125.08 154.14 302.56 -272.55 198.46 -57.22 370.57 248.73 697.10 2.10 -407.92 242.47 -206.95 -509.50 -873.49 943.63 195.31 -71.23 382.81 699.29 268.54 2.62 150.32
INT023 -4,499.00 29.50 211.20 195.25 82.43 331.89 -514.55 244.16 -132.83 317.35 151.05 650.00 -238.10 162.55 -120.30 -1,276.54 699.76 724.45 198.79 126.28 390.00 124.65 7.41 189.06
INT024 -1,630.01 223.92 124.33 141.23 220.78 -4,499.00 180.85 4.45 268.89 672.67 18.16 -1,154.42 228.93 898.91 699.00 87.47 -28.79 213.59 871.37 225.36 101.73 288.48 202.12 -4.71 -3,483.00
INT025 0.75 -379.22 232.98 124.74 163.56 214.58 -1,248.36 157.46 -37.00 190.72 129.63 848.32 -2,833.69 253.52 1,118.71 959.44 -200.80 250.66 699.53 328.75 245.60 0.00 236.20 239.05 -695.24 -211.68
INT026 -199.68 8.86 145.97 46.71 202.38 73.68 -1,616.99 298.32 -261.74 190.84 84.26 -2,926.38 267.71 1,000.25 966.74 21.27 773.01 -7.71 746.52 241.69 631.49 234.76 198.39 -232.76
INT027 -2,576.35 65.09 51.62 30.57 158.45 1.74 -197.79 326.81 786.25 176.72 686.79 311.49 -1,322.55 816.32 725.88 70.13 699.00 55.65 699.60 712.92 249.63 691.34 191.62 795.49 -144.47 -33.68 781.24
INT028 -2,309.32 21.78 249.04 97.49 211.53 155.00 -10.38 -416.76 308.04 730.48 687.54 350.39 -2,312.00 667.00 868.43 3,746.61 -34.28 699.71 31.91 2,728.38 120.43 686.39 240.29 702.95 -406.94 -6.74 731.13
INT029 -155.22 1,135.43 213.59 165.30 -3,535.24 19.20 217.37 913.54 650.00 -179.44 703.17 993.08 998.52 -1,640.69 2,008.43 911.51 0.90 699.19 -177.55 699.00 -117.74
INT030 -2,531.84 218.12 992.10 158.31 61.58 689.35 0.95 151.65 3,608.19 311.59 275.26 700.49 0.89 41.84 316.87 986.79 279.94 1,001.80 794.24 1,033.40 4.33 682.02 388.72 699.00 3.04 2,605.25 699.88
INT031 -768.76 103.34 880.90 -394.34 680.64 27.25 32.07 933.35 260.83 709.65 2.91 195.69 293.62 1,009.43 260.87 1,050.00 699.00 699.00 1,028.82 -69.88 672.68 390.00 699.22 16.12 700.00 699.76
INT032 -1,258.88 97.90 125.88 -67.96 333.74 678.00 -54.40 16.17 859.93 80.97 5.12 183.84 250.63 998.88 203.66 115.34 699.00 700.00 -120.98 695.60 386.95 699.82 -1,287.45 700.00 696.96
INT033 -3,608.01 126.95 1,068.50 128.35 252.44 250.00 2.92 470.22 41.32 924.33 84.56 694.29 561.75 3,198.52 699.79 700.00 1,024.78 652.88 996.99 -2,042.86 583.45 806.19 -709.46 983.95 373.62 813.32 257.10 5,688.32 933.32
INT034 -637.67 53.93 2,827.40 312.26 256.29 250.00 0.96 470.22 1,039.31 373.45 153.46 668.84 323.60 700.00 1,024.74 594.45 943.78 -5,145.45 583.45 291.66 1,007.66 776.78 712.14 -2,790.30 656.12 880.34
INT035 -647.80 101.76 899.44 332.05 254.14 114.34 13.35 470.22 838.44 329.42 -255.26 118.54 41.22 15.89 329.90 212.32 2,322.16 576.77 272.43 583.45 -543.66 394.60 381.06 371.62 -1,954.93 1,490.85 699.44
INT036 -1,134.15 -3,154.46 269.15 200.55 253.01 153.02 -2.75 70.31 -958.15 874.83 32.43 -536.30 -132.88 -10.93 -183.30 316.47 195.58 15,975.57 -1,864.96 -2,814.74 583.45 -1,871.57 11.82 105.33 254.86 329.97 -2,997.64
INT037 -1,192.63 227.73 5,228.43 194.41 4,588.07 146.82 650.00 791.29 282.59 91.13 913.02 3,141.31 318.56 650.00 1,464.32 550.00 -1,144.08 450.02 733.84 475.02 293.75 3,896.58 4,739.62 481.44
INT038 -640.98 40.32 898.41 173.54 234.74 550.00 749.75 390.00 111.71 16.46 634.72 91.66 3.81 194.08 250.56 550.00 -558.06 -4,860.24 450.02 33.76 0.60 211.97 675.83 4,762.31 3,829.22
INT039 -1,381.91 -2,511.90 204.30 191.47 156.56 -2,806.42 650.00 15.38 26.96 -4,035.81 -1,332.80 16.03 -389.18 492.41 18.40 2.89 84.12 17.28 550.00 109.21 450.02 22.45 -17.05 380.00 940.03 588.57 -3,324.06
INT040 -1,126.30 -2,255.94 -3.21 104.19 -1,211.90 -3,156.30 650.00 -2,352.48 -16.21 -3,907.50 -2,399.55 9.00 1.61 492.41 -3,384.67 -232.27 -844.56 2.77 37.83 -3,631.93 450.02 39.67 605.76 -563.22 649.38 699.94 546.00 -5,296.61
INT041 -807.69 783.10 742.96 588.65 79.06 45.56 650.00 -41.21 644.37 -1,844.24 63.88 18.56 -6.70 446.12 87.07 -96.69 -10.46 190.01 550.00 -1,169.59 563.76 0.12 284.73 106.78 5,036.66 6,382.67 546.00 -3,027.20 -2,146.10
INT042 -694.10 26.63 35.97 550.00 24.29 31.87 650.00 7.69 747.53 88.05 5.47 16.47 0.25 446.10 -426.59 4.89 -2,561.97 91.45 550.00 -424.28 0.21 255.68 1.00 3,954.68 4,202.40 460.03 -2,429.08 -2,587.81
INT043 -701.81 50.29 -2,413.72 550.00 108.20 -7.52 650.00 5.78 532.17 87.82 -32.66 -967.19 3.19 554.88 -186.56 4.59 -2,622.00 51.90 550.00 -3,268.46 41.66 7.94 1.00 702.73 905.62 8,744.07 -833.59 -108.78
INT044 -897.29 -2,559.29 -3,314.41 550.00 66.44 -965.53 650.00 -135.11 55.98 -1,367.80 -40.35 -1,389.55 2.57 -160.04 5.40 -503.04 -2,694.95 36.78 -5,389.61 -227.68 -551.69 10.52 3,706.35 599.41 6,396.38 -646.69 66.10
INT045 -1,624.44 120.14 0.00 550.00 2.19 -32.28 519.28 5.55 499.67 -2,013.47 -365.88 0.10 492.39 450.02 -102.71 17.34 14.72 122.70 -23.75 -733.62 89.87 218.64 38.85 -2,561.80 2,800.29 1,223.38 645.55 -4,019.18 -365.21 2,339.95
INT046 -1,594.31 -84.73 -1,822.91 550.00 0.10 -23.15 519.28 -217.44 499.67 1.27 18.70 4.48 34.91 -82.40 -106.75 4.59 0.06 -1,221.15 550.00 -813.89 -997.22 229.27 223.57 -3,386.61 638.37 818.35 594.81 -4,221.61 -252.54 5,920.81
INT047 -1,957.46 -1,219.12 550.00 88.03 -24.97 519.28 5.77 -488.29 14.45 7.60 -466.16 -476.38 -91.34 10.67 4.90 -1,540.08 -8.64 -99.61 -3,075.34 -515.08 -1,772.85 -2,676.68 565.07 820.41 715.48 -1,754.54 -523.42 3,072.01
INT048 -16.52 -1,525.76 -115.44 550.00 86.26 -56.57 -1,075.68 -1,014.29 0.34 -246.51 37.80 96.51 -138.21 7.05 8.42 -736.55 558.03 4.74 -6,891.43 -1,415.57 -59.86 0.00 564.77 824.72 550.00 -711.21 1,245.41
INT049 34.24 -2,076.59 -1,861.81 -335.86 550.00 554.29 32.66 8.08 -2,089.06 -6,159.09 8.38 15.91 -2,253.70 -121.23 8.38 21.66 -3,080.95 550.00 -642.38 -3,974.72 69.14 7.97 -6,023.68 552.22 975.36 610.16 1,520.03 -163.90 607.80
INT050 42.66 -750.35 -3,432.63 -381.28 550.00 -5.44 22.61 6.04 -1,609.32 -5,240.84 1.79 7.09 -2,481.06 -251.54 -780.08 3.14 7.58 -5.47 63.86 -660.22 -5,234.45 60.13 24.84 -5,324.85 1,034.00 782.79 589.06 676.18 -268.26 605.53
INT051 158.07 -2,301.94 -1,378.97 -38.67 550.00 550.00 82.84 2.35 -2,502.94 -4,224.65 3.36 6.81 -2,579.18 8.07 -102.55 8.52 2.89 -290.01 71.20 -100.36 -385.11 63.74 7.02 -244.54 518.74 1,900.98 619.03 706.12 -1,086.89 601.46
INT052 35.91 -1,243.64 -1,395.75 -259.95 550.00 549.09 120.12 6.49 -1,369.25 -7,001.00 0.38 0.10 -171.41 2.46 0.50 11.85 -332.51 607.42 -334.99 -102.08 117.16 -41.23 2.89 518.72 2,837.42 772.70 4,448.28 -1,126.71 600.16
INT053 -560.45 -335.41 -2,955.05 -328.92 81.10 550.00 25.13 0.55 0.00 -3,015.32 0.20 3.81 10.74 449.37 -99.99 -43.31 -434.41 -1,050.33 75.44 -2,699.08 -292.56 -377.69 -186.75 82.32 1,796.55 597.23 326.70 2,312.80 -2,066.87 600.04
INT054 209.27 -186.26 -1,689.83 -29.02 -102.94 58.58 123.90 0.03 39.26 0.20 10.35 -28.30 448.60 -108.71 0.50 -149.60 -278.51 72.36 -863.89 -387.64 -2,780.75 32.20 93.18 777.67 357.76 550.00 5,999.35 -351.32 718.01
INT055 -598.06 90.86 -817.41 25.86 91.05 58.33 225.19 11.54 -1,835.01 35.15 6.85 8.23 450.02 -93.58 188.76 0.10 -81.75 67.76 448.03 0.45 -931.62 2.45 82.76 540.11 341.80 550.00 4,585.36 -237.98 3,173.77
INT056 -700.96 -495.38 -3,709.68 39.86 93.37 66.08 243.13 0.80 -154.42 -3.89 12.47 8.12 -157.69 -1,115.73 -326.84 -77.33 108.63 448.03 -501.85 -2,693.78 38.09 541.49 527.38 333.00 550.00 5,274.11 -438.05 2,522.74
INT057 -409.62 514.70 -4,399.23 716.19 -4,475.50 97.45 347.50 8.72 3,134.09 -141.99 3.08 28.75 6.81 92.59 -94.70 142.25 -267.66 42.08 107.10 451.45 -2,001.90 -4,966.28 -10,517.63 78.79 515.51 331.85 311.15 1,956.05 -664.05 728.91
INT058 514.70 -3,866.62 3,782.25 -1,875.27 144.81 218.53 7.91 658.87 -162.70 26.23 -608.62 -762.00 103.08 -87.21 150.68 -120.04 1.10 139.17 -14.83 -2,896.83 -7,001.00 -4,170.59 81.66 57.02 354.46 72.16 1,573.41 -82.57 1,454.80
INT059 -802.69 514.70 -2,230.02 808.32 -115.55 127.74 183.90 11.70 5,368.61 -106.00 -5.64 2.63 -14.77 -83.00 133.86 -41.77 475.74 -1,362.34 448.03 -236.90 -3,210.46 535.57 515.51 359.35 155.97 925.24 -96.81 2,507.73
INT060 450.00 584.74 0.00 1,583.52 56.20 550.00 256.79 3.77 5,699.16 -105.72 21.83 -573.73 -430.11 205.30 -189.71 -1,974.54 2.47 4.50 -3,457.80 448.03 -242.62 -185.38 535.61 57.92 323.44 924.29 -72.61 1,342.51
INT061 67.81 505.70 -348.03 106.21 564.81 550.00 68.32 -467.23 896.01 -105.99 -45.31 -846.33 26.94 -280.65 7.66 -271.40 -1,717.61 107.22 448.98 -243.77 -209.29 7.01 88.39 -81.87 370.50 532.66 -29.85 768.01
INT062 0.04 505.70 8.38 3,747.03 827.92 616.63 233.94 -183.17 -106.00 12.30 8.72 11.71 22.38 -105.13 550.00 12.17 -2,340.36 230.57 471.25 -289.73 -264.12 2.31 -9.76 95.77 603.98 -1,033.20 528.91 -350.38 768.02
INT063 80.02 2.30 -1,361.14 3,298.03 3,167.97 1,989.62 191.87 -14.69 523.95 -165.00 9.58 2.08 1.59 202.53 -378.80 550.00 6.49 32.95 251.32 510.08 -298.62 -428.57 31.00 -18.75 532.51 3,770.40 4,787.84 -3,097.17 -4,306.42
INT064 68.88 8.81 -182.29 3,396.22 5,999.00 2,930.33 -341.61 653.36 6,930.62 -530.07 3.25 0.10 127.59 -639.18 640.94 0.54 36.53 -379.39 493.55 -262.96 -445.93 0.30 29.88 541.05 4,972.81 -655.76 3,945.05 -4,101.90 1,392.10
INT065 150.09 60.38 -4,734.25 215.69 1,587.00 1,993.14 58.18 9.07 -1,768.10 3,505.55 -1,450.05 -21.12 0.10 -14.10 17.03 19.38 317.56 126.59 -2,915.24 -1,093.94 -257.42 -592.42 0.10 -105.22 -30.06 4,063.89 -1,151.37 3,418.78 47.42
INT066 203.14 54.95 -930.09 652.62 1,621.28 4,342.46 2.20 1,346.80 -10.81 6.51 0.15 56.33 148.97 550.00 681.70 190.37 -1,789.31 40.90 0.10 -1,199.80 -201.18 3,422.30 546.00 1,032.48 34.65
INT067 450.00 7.17 -755.37 2,055.20 563.90 7,001.00 1,786.11 485.55 264.94 11.10 0.96 17.28 153.11 -2,786.50 550.00 619.71 191.09 -1,285.72 5.21 29.00 78.39 171.80 851.50 678.27 671.70 204.50
INT068 450.00 -28.26 -20.53 204.89 564.42 7,001.00 5,771.87 40.89 252.76 -4.68 0.10 1.10 109.10 -3,032.06 550.00 624.26 191.19 211.99 28.40 716.46 29.00 58.14 517.77 5,364.34 675.11 578.92 195.62
INT069 139.82 -3,377.07 -5,063.76 40.97 5.32 2,232.10 560.50 -2,847.21 -3,996.21 -3,652.78 -1.58 4.33 2.94 -4,526.66 550.00 587.24 -129.53 -47.99 200.10 -3,045.61 450.02 550.00 510.00 906.03 958.76 -4,720.84 123.44 175.15
INT070 63.44 -2,181.27 -2,665.00 227.56 814.00 4,856.98 619.72 2.71 -4,402.81 117.81 -3,467.60 159.56 1.39 -2,083.18 -1,873.85 33.00 130.92 190.24 -2,053.75 197.23 449.62 450.02 550.00 278.18 946.52 945.10 546.00
INT071 480.25 163.04 33.63 213.15 852.59 4,339.47 5,291.34 35.68 -4,499.00 13.93 42.87 3,280.21 6.19 -6.91 787.59 192.38 550.00 290.28 452.02 486.20 719.99 337.13 329.78 4,954.69 1,571.77 1,855.58
INT072 4,489.82 133.14 -102.86 569.73 1,983.22 4,388.45 6,352.94 578.29 -5,753.62 0.50 597.93 2,173.92 473.09 10.65 -2,955.13 698.76 842.31 660.26 689.14 1,407.61 2,154.45 257.10 815.30 4,820.29 4,288.61 722.28 3,429.37
INT073 -178.77 5.13 89.81 -3,760.76 143.74 1,120.50 148.23 -4,138.45 -6,847.87 227.11 3.39 688.99 -38.93 -987.93 149.26 653.35 -3,417.16 138.20 187.71 -413.02 -104.22 249.02 194.23 4,809.13 -4,599.56
INT074 194.23 158.55 62.32 330.97 297.61 1,127.00 202.00 -2,185.36 -6,506.77 51.11 -1,408.04 9.72 1,040.44 47.84 5.96 204.65 687.35 699.00 306.77 -1,270.92 -295.03 -214.39 876.43 -1,404.27 184.72 4,368.45 385.94 -3,576.79 737.13 161.23
INT075 139.17 921.25 74.39 327.42 1,493.58 1,137.83 101.16 -391.25 300.01 1.79 1,102.15 4,756.49 0.11 125.32 676.30 699.66 374.72 137.75 634.78 1,832.68 221.87 4,040.82 -3,124.02 5,797.03 265.34
INT076 4,792.70 869.55 3,850.33 1,121.41 4,800.37 -276.73 1,122.83 390.00 0.60 2,468.90 3,066.61 -79.49 1,042.22 913.70 892.80 1,020.31 192.04 4,698.68 652.15 971.56 3,276.65 699.00 -3,588.78 5,918.62 5,316.06
INT077 -919.74 1,052.18 1,161.79 -128.64 876.20 -881.39 -1,327.82 -1,960.93 1,116.57 198.77 801.44 5.07 18.74 205.27 -5,907.47 175.46 -2,356.36 974.89 -1,453.46 811.79 1,272.63 67.55 -3,666.88 1,951.80
INT078 171.76 1,536.42 1,220.15 260.24 259.57 -58.08 1,380.94 310.97 692.28 836.40 -295.98 874.82 990.18 921.42 262.18 -18.81 1.19 913.97 1,140.96 2,812.90 1,042.19 4,965.99
INT079 122.53 1,316.27 4,098.65 273.72 84.67 143.92 1,128.39 -4.73 2,280.49 4,362.52 4,873.67 881.18 862.64 908.32 3,035.50 1,032.41 220.19 1,489.03 1,204.95 1,098.51 2,434.28 1,290.99 3,866.85 5,626.93 1,109.41
INT080 310.21 1,159.28 5,779.41 389.02 1,244.13 1.80 5,904.61 390.00 7,823.50 5,705.47 1,804.92 4,111.79 1,048.55 5,717.18 1,093.69 263.55 3,841.29 1,604.68 1,679.57 1,140.96 2,942.12 1,286.06 5,962.72 6,992.37
INT081 15.60 225.16 1,006.23 150.32 334.03 38.05 120.25 -463.33 3,410.11 331.06 1,405.46 231.24 -1,508.92 1,809.20 1,069.76 1,810.78 941.86 86.39 890.53 1,306.75 3,205.33 769.15 1,003.42 1,738.05 204.75
INT082 251.92 -2,613.14 267.49 272.81 235.49 246.08 -3,492.44 94.33 11.11 5,459.51 700.00 218.05 1,581.43 2,907.90 1,456.19 1,029.71 106.50 965.11 932.17 257.27 1,449.72 2,805.11 700.00 1,094.58 1,132.66 344.79
INT083 180.03 86.31 324.38 379.06 89.97 -1,793.76 -2,515.60 1.42 6,595.16 328.05 935.96 1,883.72 1,369.87 1,006.30 347.92 1,044.67 887.48 315.55 1,735.86 2,124.44 700.00 1,143.01 923.06
INT084 250.19 263.15 376.67 380.61 63.05 2.11 221.49 1.28 7,001.00 5,868.89 249.48 216.10 1,698.09 1,138.64 1,405.28 1,197.92 369.00 1,171.52 400.00 365.84 2,588.90 1,587.57 700.00 1,176.47 346.67
INT085 216.66 -1,459.34 -4,133.61 779.07 -1,605.34 -2,332.65 -4,332.06 -80.15 2,813.33 1,303.02 2,736.51 0.40 -1,324.70 700.00 2,382.97 759.18 700.00 311.34 372.33 1,494.91 1,791.46 1,343.66 -1,510.80 177.19
INT086 -2,222.43 185.29 -4,153.27 952.68 341.74 147.06 -2,407.71 -3,767.59 -188.72 1,995.76 2,301.04 1,479.84 268.94 302.64 322.45 1,122.67 1,644.63 295.32 204.60 1,705.69 1,302.94 -7,674.51 -55.34 227.77
INT087 -635.95 190.59 -96.93 10.34 -150.24 3,975.51 6,758.97 1,763.17 317.79 308.23 214.91 1,568.35 1,780.55 134.97 365.73 700.00 154.36 226.35 123.42 1,371.47 1,700.64 1,906.25 -2,535.35 371.19 301.47
INT088 23.91 194.03 226.08 167.20 380.52 -5.27 -142.46 23.95 -127.31 4,602.34 5,531.33 -3,611.85 223.56 178.63 2,158.89 163.66 230.35 1,010.64 391.25 228.86 1,188.59 1,635.87 822.67 32.70 337.60 318.73
INT089 255.63 900.00 900.00 5,180.29 880.21 -364.90 1,003.19 19.60 4,640.12 6,864.56 5,941.22 42.26 -627.54 229.89 1,236.57 6,490.25 6,162.79 5,167.70 234.64 740.80 757.88 700.00 729.13 1,668.68 1,477.87 1,186.80 2.84 260.88 1,287.89
INT090 -1,013.58 957.44 1,561.19 2,620.89 -20.17 -56.89 -426.68 3,311.52 6,122.81 3,699.41 -4,250.99 -3,328.67 240.27 1,329.26 3,944.61 1,716.74 200.26 700.00 1,064.59 700.00 885.73 1,375.49 1,031.05 -2,327.57 215.54
INT091 155.66 39.87 1,045.31 41.90 -168.79 6.23 -2,675.53 1,149.13 700.00 105.06 -4,598.07 -1,727.78 240.03 238.43 2,048.35 1,145.07 781.16 1,145.99 324.20 322.51 154.29 -1,612.50
INT092 -3,724.45 -2,514.38 788.89 -13.16 47.66 44.63 272.28 13.51 -3,594.84 1,301.44 214.60 180.65 -3,529.88 -537.91 192.05 -243.73 -4,108.82 2,847.89 -2,180.89 884.77 1,979.12 217.52 49.91 -221.44 197.10 936.45 145.84 -2,576.48
INT093 98.92 -912.17 3,595.68 56.73 225.47 -1,360.43 352.36 -1,871.16 -1,396.70 1,194.92 5,350.87 5,556.45 -143.20 -76.84 285.11 1,009.19 -1,354.45 1,238.39 5,004.40 2,931.11 6,158.25 3,796.27 924.73 4,552.43 1,209.73 87.40 5,071.69 4,743.85
INT094 -303.84 -256.14 875.98 242.19 211.01 -416.60 -3,033.24 -409.21 12.03 1,103.82 1,529.51 5,200.37 -731.34 -75.01 260.17 891.51 133.31 2,497.47 3,207.77 201.66 1,012.16 1,169.45 1,249.93 1,276.20 1,198.82 1,051.28
INT095 -80.86 4.64 705.38 267.38 254.46 47.20 -105.19 -4,287.70 2,413.08 879.19 753.81 8.73 -242.88 279.21 1,231.71 -1,792.89 2,029.53 1,092.70 93.90 699.00 1,077.16 1,338.65 70.58 1,608.00 242.83 1,046.57
Pret Final Unic din luna Iunie 2025
1/1