PDF PAGE 1
Data: 22.05.2026
lei/MWh
Interval/Data 01.04.2026 02.04.2026 03.04.2026 04.04.2026 05.04.2026 06.04.2026 07.04.2026 08.04.2026 09.04.2026 10.04.2026 11.04.2026 12.04.2026 13.04.2026 14.04.2026 15.04.2026 16.04.2026 17.04.2026 18.04.2026 19.04.2026 20.04.2026 21.04.2026 22.04.2026 23.04.2026 24.04.2026 25.04.2026 26.04.2026 27.04.2026 28.04.2026 29.04.2026 30.04.2026
INT001 249.61 699.00 602.46 1,121.08 801.66 987.41 198.33
INT002 672.44 552.51 699.00 699.00 283.27
INT003 141.16 305.25 201.93 -2,856.94
INT004 894.98 71.31 28.98 13.90 650.00 84.08 895.17
INT005 356.30 31.01 60.90 855.70 3,036.39 590.37 180.70 212.42
INT006 402.65 533.69 795.61 895.77 266.52 650.00 723.74 349.09
INT007 398.98 998.44 727.46 280.58 153.66 898.04 408.83
INT008 275.90 699.00 624.61 509.68 68.15 170.44 71.93 259.45 17.75
INT009 160.14 195.76 107.41 294.97 119.14 894.93 945.62 255.79 894.37
INT010 1,042.71 159.59 894.82 324.69 789.13
INT011 138.12 540.39 239.75 67.86 898.09 279.37
INT012 131.88 111.34 326.53 113.27 41.59
INT013 317.13 787.54 115.40 76.56 686.02
INT014 831.55 272.48 139.89 885.61 99.92 119.68 375.64 667.42 621.03
INT015 360.63 136.63 834.77 876.93 393.45 304.05
INT016 699.00 1,171.64 266.24 273.18 138.62
INT017 799.38 694.42 135.46 1,005.63 1,131.53 188.20 308.75
INT018 154.19 696.99 136.30 1,068.32 1,051.66 800.00 111.50 1,269.38
INT019 118.42 163.47 132.58 1,127.22 308.72 898.53
INT020 897.21 143.07 110.26 855.75 699.00 2,324.87 126.03
INT021 293.12 565.69 370.80 79.27 118.48 203.14 291.56 1,096.93 119.93 244.77 859.69
INT022 141.76 699.00 328.95 342.70 1,266.88 358.12 51.71
INT023 897.56 126.29 394.35 812.60 389.69 180.12 2,662.52 287.00
INT024 62.59 107.75 254.63 110.30 766.15 1,160.83 333.40
INT025 342.75 124.88 841.88 42.84 80.13 852.09 972.63 356.76
INT026 362.04 126.24 284.65 375.12 536.87 383.97 126.63
INT027 401.59 29.94 121.30 998.39 897.18 156.79 422.50 76.39 430.26 57.60
INT028 975.10 271.25 184.63 827.71 233.99 387.92 139.88 145.40 892.57 268.48 110.99
INT029 132.97 627.00 255.68 319.89 228.83 -214.50 411.28 887.62 55.32 183.25
INT030 697.35 453.50 1,013.90 290.19 298.54 436.03 68.41 407.30
INT031 521.61 99.97 250.71 100.03 390.23 175.87
INT032 294.56 276.56 217.01
INT033 25.57 343.57 188.42 503.76 68.65 115.89 844.63
INT034 236.14 1,211.45 355.80 930.04 -54.07 -376.98 160.05
INT035 106.54 699.00 1,222.04 111.65 8.94 -605.02
INT036 384.88 347.41 113.05 -1,286.35 181.45 564.64 300.84 465.87 6.35
INT037 373.59 747.39 86.41 206.31 699.00 269.72 -939.92 731.17 218.14 129.24
INT038 435.73 381.84 214.92 1,145.13
INT039 113.29 246.16 268.07 0.00 2,152.33
INT040 1,759.74 640.45 333.32 699.00 -428.02 468.94 685.59
INT041 1,255.66 82.26 3,102.54 18.67 274.07 575.38
INT042 577.37 490.82 217.65 -3,126.17
INT043 344.50 -718.38 448.00
INT044 333.55 558.70 187.06 387.19 -903.40 542.50
INT045 1,084.02 878.39 71.06 447.23 479.95
INT046 -129.92 399.00 647.17 2,170.87 884.71
INT047 572.89 -95.16 290.51 909.20
INT048 -22.65 -618.64 -4,270.71 129.46 309.30 1,323.06 39.77
INT049 2,524.06 -408.66 474.21 265.24 153.38 442.24 342.86 23.79
INT050 2,505.75 461.72 50.62 474.21 173.14 388.92 20.88
INT051 1,293.84 34.09 499.32 228.43 159.70 800.23
INT052 949.51 760.84 168.90 138.13 2,790.55 -80.81
INT053 1,097.21 1,640.00 -174.08 214.32 195.23 4,245.22
INT054 1,063.36 300.00 560.14 173.69 747.13
INT055 487.33 114.45 318.76 143.60 558.93 -4.19
INT056 -1,847.24 94.46 340.30 64.07 14.87 626.17
INT057 629.37 -71.93 978.89
INT058 487.30 -95.54 3,393.38
INT059 700.81 365.86 -341.06 -61.80 3,982.34 30.02
INT060 385.14 -269.94 -6.48 771.53 171.13
INT061 677.15 2,386.95 8.08 556.49 147.66 -94.60 -9.19 70.56
INT062 611.67 -9.58 -1,111.60 348.84 675.01 221.97 -340.76 116.45
INT063 584.04 293.60 2,030.61 -275.03 89.31
INT064 200.15 -33.34 -45.96 332.98 162.60 1,060.61 87.13 89.24
INT065 168.22 127.03 255.67 161.87 -64.97 996.55 343.81 -306.92 110.38
INT066 220.86 300.00 -123.59 29.98 475.43 3,604.24 -5.63 717.82 500.97 -78.74 -52.57
INT067 10.78 -302.79 183.13 352.90 402.18 669.51 527.84 -93.63 22.48
INT068 162.37 761.15 1,017.59
INT069 673.77 2,407.05 -47.44 -980.96 1,027.12 -624.66 373.40 1,461.27 828.62 90.09 37.53
INT070 1,164.66 342.73 6.21 551.86 -3,116.79 272.84 -11.51
INT071 1,506.91 312.00 146.89 -2,954.14 177.41 31.81
INT072 173.39 188.10 394.86 331.84 515.97 363.98 -173.77
INT073 35.92 1,070.13 95.22 105.10 31.73
INT074 -247.58 -94.78 259.23 -185.59 -244.81 28.81 272.14
INT075 912.46 -14.64 446.26 1,117.22 3,764.09
INT076 417.44 38.73 665.13 30.27 -746.08 367.15 1,663.12 623.99 1,091.93
INT077 293.75 -1,037.36 815.21 54.50 1,182.51 231.95
INT078 524.61 335.51 184.74
INT079 663.75 -90.16 131.36
INT080 1,287.56 306.87 189.99 1,107.09 269.94 372.53
INT081 371.73 297.92 715.92 390.51 64.25 -28.73
INT082 897.19 335.65 2,789.84 282.93 -49.54
INT083 644.57 899.26 486.36 1,139.01 209.28
INT084 656.53 494.68 731.75 808.11 394.74 423.56 683.22
INT085 420.07 731.88 461.66 139.47 135.85
INT086 402.33 550.00 456.88 -8.09
INT087 895.72 125.97 83.28 886.05
INT088 877.10 105.30 374.35 898.25 2,677.24
INT089 391.09 43.25 141.03 849.42 305.37 765.24 867.14 519.96 245.78 272.42 -152.93
INT090 347.10 574.08 300.32 846.73 155.02 424.73 235.21 896.97 319.72
INT091 80.84 293.47 447.73 699.00 18.19 164.89 683.00 650.87 -1,759.56 1,839.46 272.89 306.30
INT092 149.49 125.93 113.93 86.94 141.04 50.14 680.00 174.45 463.04 1,353.94 342.20 887.17 425.75
INT093 -129.21 1,219.34 215.58 -962.14
INT094 843.02 121.02 447.82 868.75 897.52 1,319.07 63.34
INT095 884.39 610.36 71.64 333.37 550.35 846.45 343.58 158.56 -463.35
INT096 680.77 -1,628.35 -194.51 146.09 246.85 -820.27 333.93 800.00 896.54 594.60 137.42 53.80 276.61
Pret final de deficit din luna Aprilie 2026
1/1