PDF PAGE 1
Data: 20.03.2026
MWh
Interval/Data 01.02.2026 02.02.2026 03.02.2026 04.02.2026 05.02.2026 06.02.2026 07.02.2026 08.02.2026 09.02.2026 10.02.2026 11.02.2026 12.02.2026 13.02.2026 14.02.2026 15.02.2026 16.02.2026 17.02.2026 18.02.2026 19.02.2026 20.02.2026 21.02.2026 22.02.2026 23.02.2026 24.02.2026 25.02.2026 26.02.2026 27.02.2026 28.02.2026
INT001 -61.127 -28.298 -10.529 4.174 26.819 24.368 7.631 4.234 15.431 -30.308 -19.224 3.297 8.826 7.376 3.789 14.588 -37.155 -66.455 5.155 2.340 5.395 -34.266 -4.584 6.414 13.729 4.359 -34.815 -20.945
INT002 -69.128 -28.205 -17.027 13.414 18.227 34.478 5.075 19.910 23.111 -38.161 -5.139 -8.608 19.142 21.365 19.086 48.547 -33.010 -48.887 0.660 16.057 11.030 -42.750 -3.998 3.605 22.968 -3.815 -19.225 -14.826
INT003 -51.446 -22.590 -20.774 25.154 22.972 40.953 12.394 20.432 34.408 -60.035 -21.279 6.205 2.613 13.736 19.964 39.206 -41.064 -54.463 -2.952 0.836 7.036 -30.451 -8.338 2.179 21.126 -30.776 -23.214 -3.146
INT004 -47.633 -10.897 -13.010 22.776 13.602 38.418 21.179 25.861 44.361 -76.988 -12.237 12.865 19.727 29.875 23.871 56.743 -29.920 -47.307 -21.424 -4.346 5.114 -13.195 -34.950 0.278 10.930 -37.083 -12.520 -3.390
INT005 -40.909 -3.020 -11.108 -10.194 -15.732 32.117 -11.229 34.301 25.792 -60.628 -24.106 4.101 18.325 -3.149 19.063 78.235 -16.044 -37.307 -44.544 9.016 32.935 -29.680 -44.590 -39.911 19.000 -11.637 -12.206 -13.922
INT006 -29.155 11.355 -8.090 15.404 -34.659 32.233 -12.804 47.479 30.243 -62.979 -7.835 -2.098 5.722 -7.820 23.781 69.594 -17.502 -35.785 -23.380 3.736 20.646 -20.088 -18.209 -36.147 -31.662 3.769 -10.041 -21.706
INT007 -14.526 23.818 -5.823 -12.455 -16.746 19.551 -15.592 24.509 41.393 -67.468 -31.163 1.320 4.528 18.469 -4.781 60.413 -33.134 -57.498 -17.328 -22.333 -8.510 -20.505 -11.217 -24.596 5.878 -5.209 -5.952 -11.641
INT008 -17.300 32.138 -19.721 -17.755 -6.266 29.744 -0.430 22.753 36.989 -64.073 -39.421 22.554 -5.456 3.201 -4.292 49.976 -32.668 -58.978 -6.966 -25.834 -10.707 -30.516 -9.741 -24.249 36.725 0.684 10.081 -18.337
INT009 -24.297 44.081 -0.346 -21.455 -29.590 40.821 1.702 10.687 22.855 -58.458 -40.065 19.479 -3.234 -3.192 -2.619 11.013 -30.464 -43.355 1.284 -20.297 -3.812 -15.394 7.124 -32.134 57.278 -19.869 11.794 -1.872
INT010 -24.622 37.513 -8.794 -22.750 -23.270 31.666 -12.541 15.487 41.420 -61.637 -33.353 25.153 -13.437 -10.474 -0.366 31.437 -27.647 -47.935 -8.556 -11.537 -8.367 -28.371 27.462 -26.645 51.228 -27.077 -3.023 -22.737
INT011 -0.221 19.349 -13.011 -8.878 -29.347 27.147 -9.998 8.155 46.846 -48.020 -44.640 31.748 -12.862 10.795 22.024 26.271 -24.023 -49.876 2.315 -27.556 -8.139 -30.598 33.771 -24.648 39.085 -33.289 4.619 -23.243
INT012 -0.850 20.397 -3.370 4.816 -33.473 46.011 -9.594 12.020 54.245 -53.704 -39.441 8.815 -4.475 10.053 25.976 0.949 -24.289 -53.489 -2.737 -13.712 -6.912 -43.758 34.357 -17.327 46.259 -39.005 10.474 -3.513
INT013 -9.651 15.117 -19.956 21.587 -29.850 68.070 2.016 15.525 37.914 -35.536 -46.882 -2.616 -19.864 -12.129 31.445 -1.037 -36.219 -50.363 -11.962 5.901 16.820 -41.862 19.945 -1.154 40.523 -33.515 5.831 -24.711
INT014 -12.115 13.005 -9.494 20.722 -30.738 33.089 -13.688 16.458 39.668 -38.448 -31.053 -22.262 4.415 -21.161 19.789 3.831 -46.851 -34.983 -20.493 30.259 23.889 -28.563 18.669 10.907 29.510 -39.390 8.306 -13.310
INT015 -16.903 13.059 -8.590 10.487 -24.508 39.241 -6.146 21.190 19.523 -26.169 -28.849 -19.370 -25.215 -5.733 22.955 4.446 -59.291 -59.517 -13.035 24.759 14.172 -34.126 8.216 6.321 14.690 -26.550 6.942 -23.560
INT016 -14.759 14.198 -20.899 27.700 -18.029 35.297 -15.848 18.670 28.269 -26.423 -40.833 -33.824 -8.630 13.272 2.793 7.379 -51.560 -72.887 -14.941 10.459 20.075 -5.561 8.450 -10.792 5.537 -37.805 25.492 -22.071
INT017 -3.603 16.160 -10.833 27.177 -12.264 48.935 -7.777 18.726 23.808 -11.665 -29.227 -30.602 9.871 7.364 -49.396 10.434 -43.749 -54.774 -15.676 22.667 19.978 -11.239 -10.922 -18.543 23.233 -41.275 18.464 -14.135
INT018 12.356 22.503 -11.181 8.037 -28.970 36.013 -10.898 28.055 28.680 -32.582 -10.658 -39.984 -16.349 -5.358 -58.580 11.975 -52.403 -60.608 -32.460 42.033 29.488 -7.693 -34.243 -22.241 25.986 -40.024 26.024 -23.138
INT019 25.599 27.453 -24.228 0.066 -14.800 34.564 -2.668 22.790 32.455 -29.180 -25.578 -47.752 2.766 -7.521 -51.325 17.823 -53.721 -78.268 -22.043 4.253 14.324 2.179 -44.243 -21.463 6.703 -25.776 18.795 -24.702
INT020 52.600 13.906 -12.583 -3.889 3.807 36.983 11.213 21.582 42.694 -43.677 -6.056 -49.560 8.162 0.195 -51.720 9.574 -52.773 -91.974 -23.127 -16.581 3.453 10.406 -30.874 -32.543 24.146 -13.234 20.561 -19.528
INT021 46.275 24.261 -23.936 16.182 -0.407 51.984 12.750 4.154 43.470 -30.787 15.677 -33.989 16.930 8.327 -71.469 13.009 -59.867 -61.611 -7.759 -12.627 -13.818 29.156 16.160 -18.652 29.659 -8.637 17.842 -23.508
INT022 58.180 30.316 -32.571 11.144 6.456 64.610 2.733 0.590 51.898 -28.998 19.435 -30.060 16.649 0.766 -62.371 11.663 -82.181 -75.818 -14.582 -3.537 -26.259 22.099 16.898 -30.251 33.866 -4.049 25.280 -32.950
INT023 44.224 16.044 -17.732 13.011 7.621 69.383 20.401 -0.945 56.664 -42.277 11.175 -35.100 2.912 4.583 -61.940 25.745 -88.396 -93.807 -11.036 -20.938 -48.040 10.826 31.535 -21.028 20.756 -21.254 19.733 -44.106
INT024 31.765 14.194 -33.676 4.380 15.240 59.347 27.027 -15.644 60.690 -40.222 14.847 -15.612 0.989 -3.689 -53.438 16.294 -61.539 -88.122 -16.740 -52.972 -70.304 24.798 34.488 -11.114 38.054 -27.060 16.504 -36.847
INT025 25.286 29.189 -19.078 25.303 22.661 88.303 19.964 -2.582 59.075 -33.053 31.281 0.738 12.948 2.261 -46.280 43.280 -44.472 -39.924 10.170 -29.186 -61.496 17.917 40.497 -7.236 36.969 -25.927 -5.456 -34.224
INT026 10.097 -0.822 -33.048 20.384 12.497 64.207 22.387 -3.022 56.735 -47.342 44.114 0.010 28.920 -39.492 -53.189 30.416 -41.655 -48.354 -2.668 -54.036 -68.492 16.074 46.480 9.654 41.860 -25.058 -21.025 -41.889
INT027 -16.284 -9.146 -20.083 18.072 9.242 65.788 18.425 -2.255 34.570 -41.154 28.354 11.649 0.667 -50.022 -61.907 26.590 -42.214 -61.607 6.825 -63.960 -64.398 17.581 13.563 9.864 19.917 -20.090 -16.623 -39.215
INT028 -27.659 -7.657 -56.646 9.618 -2.019 58.062 12.948 6.033 19.042 -51.647 20.159 1.798 -0.491 -43.654 -39.346 6.738 -37.262 -74.572 -7.240 -66.705 -68.498 24.914 8.922 31.354 0.509 -27.648 -21.850 -37.944
INT029 -32.887 26.052 -16.962 29.494 14.215 69.841 16.140 21.905 30.483 -7.595 44.523 52.634 10.880 -38.623 -14.395 51.672 -30.594 -17.648 26.520 -30.990 -39.063 29.990 60.946 18.196 13.910 -4.797 3.584 -23.262
INT030 -34.568 14.952 -43.277 -5.884 -10.628 30.134 1.725 10.209 17.600 -21.366 25.565 71.800 5.298 -16.689 -6.764 46.160 -18.342 -45.720 5.645 -52.498 -67.577 30.032 58.271 48.395 10.662 -40.186 -18.585 -47.390
INT031 -30.898 18.973 -57.890 6.689 -10.656 13.284 -20.589 2.240 14.737 -17.146 -1.954 55.342 -4.670 -23.846 11.041 30.491 -35.936 -34.181 -0.788 -26.708 -79.930 13.364 35.261 41.713 12.094 -50.111 -3.153 -69.034
INT032 -33.746 7.671 -61.096 0.183 -20.923 20.400 -14.607 -8.185 -5.994 -28.554 -18.363 56.730 -21.515 -17.357 -9.349 -3.491 -40.428 -42.290 24.887 -16.915 -107.754 2.166 29.554 39.092 26.417 -48.244 17.922 -78.277
INT033 -10.220 41.636 -71.234 4.367 1.926 35.828 -12.722 13.419 8.921 -4.697 -9.896 17.541 -0.291 10.115 -6.572 -30.716 -47.575 -43.810 4.899 -9.522 -110.340 5.977 36.548 36.239 6.989 -52.175 13.998 -131.038
INT034 -0.818 4.826 -70.350 -16.361 -13.458 4.041 -8.708 -9.296 -29.162 -11.541 9.433 29.620 -0.216 31.490 -1.060 0.131 -31.586 -58.311 3.969 -4.603 -113.613 -10.353 38.820 26.910 14.930 -14.082 42.353 -141.994
INT035 -9.048 -10.701 -71.390 -23.479 -37.122 24.880 0.092 -13.545 -23.597 -5.925 6.250 19.420 -2.542 44.601 1.388 15.292 -28.309 -67.920 28.264 21.161 -107.524 -52.973 18.011 26.569 33.989 21.953 41.349 -197.781
INT036 5.698 -15.963 -58.126 -22.890 -36.968 4.837 -3.569 -9.290 -5.335 -19.862 15.974 71.891 0.482 79.606 -17.434 -0.168 -3.597 -85.166 51.041 53.964 -130.632 -61.172 18.701 35.123 71.863 44.313 66.957 -204.020
INT037 -14.627 -20.147 -54.738 17.669 -14.270 13.130 -11.665 -12.163 -21.947 18.093 -4.408 52.564 8.641 74.327 -13.380 0.167 -6.134 -52.622 2.352 16.926 -128.280 -99.491 33.531 -2.577 0.899 30.723 17.427 -238.271
INT038 -13.350 -49.461 -47.560 12.729 -10.883 19.287 -9.511 -20.745 -39.969 27.665 -9.621 53.463 -11.573 87.534 -14.667 0.133 -1.721 -69.492 11.349 22.201 -120.912 -75.962 35.590 -1.606 -5.995 59.319 27.541 -219.179
INT039 -15.293 -53.234 -42.124 47.365 9.066 22.111 -7.949 -29.943 -48.916 34.922 -6.238 83.757 -6.696 79.384 -22.486 31.410 -7.067 -44.986 14.603 31.530 -127.868 -67.620 24.868 -24.692 22.425 72.945 36.528 -244.965
INT040 -23.607 -48.319 -21.543 42.795 9.374 25.799 -15.767 -34.470 -67.571 36.155 -22.479 72.334 -4.035 87.948 -36.251 37.861 1.869 -24.649 38.130 84.737 -136.067 -59.196 33.163 -14.692 30.550 84.046 46.398 -251.636
INT041 -48.201 -51.000 -42.045 35.940 90.574 31.387 -33.504 -35.850 -62.276 47.928 -51.958 55.981 -11.413 40.511 -75.258 29.059 -38.782 -31.568 32.038 26.463 -139.565 -57.341 31.649 -22.440 -10.735 51.449 10.974 -298.785
INT042 -63.236 -41.599 -10.424 10.808 61.751 51.754 -42.201 -43.710 -58.665 34.769 -40.677 50.292 -2.763 45.383 -79.573 26.704 -79.466 -6.433 33.840 45.758 -130.579 -29.389 42.595 -24.364 24.994 44.124 27.324 -299.045
INT043 -49.898 -33.758 -5.507 19.967 72.433 51.165 -22.028 -45.947 -50.140 29.687 -10.389 46.075 -20.852 66.745 -97.709 43.375 -66.740 18.692 14.700 41.476 -109.946 -9.017 31.690 -58.593 49.882 60.804 44.926 -315.388
INT044 -33.901 -21.151 3.977 23.362 74.641 62.198 -26.565 -59.841 -46.117 33.606 -1.992 66.690 2.867 50.450 -104.931 23.717 -83.769 11.605 7.878 51.840 -97.452 -0.816 37.408 -56.471 55.638 59.613 52.122 -283.464
INT045 -18.769 18.240 -25.428 -27.911 50.502 -11.609 -25.910 -47.168 -3.386 62.382 13.428 40.398 0.608 76.501 -94.764 12.063 -59.078 7.804 -5.125 18.716 -37.109 -34.537 -4.577 -78.095 52.470 16.429 10.138 -242.054
INT046 6.989 17.089 -36.107 -8.937 44.954 -3.759 -17.489 -65.134 -11.117 63.463 23.505 41.354 14.668 71.940 -103.574 2.464 -76.822 3.680 9.280 9.511 -33.301 -11.406 1.611 -72.974 35.315 4.739 18.471 -197.124
INT047 8.275 17.346 0.087 8.808 42.945 -10.629 -5.842 -48.158 -27.016 63.492 37.730 50.913 14.285 93.133 -111.832 16.160 -87.877 17.636 23.589 -10.313 -34.305 -7.541 12.377 -75.595 18.890 8.554 6.272 -173.943
INT048 7.871 25.542 14.101 51.788 52.987 32.617 -17.765 -44.470 2.424 55.196 30.434 73.943 23.908 102.204 -108.460 13.287 -64.362 -5.788 27.482 18.927 -33.609 -15.309 10.781 -71.484 -3.590 35.141 14.880 -151.326
INT049 1.582 -2.819 -5.944 42.892 22.049 29.946 -21.832 -66.386 -29.492 21.350 -6.916 67.219 21.538 77.406 -103.030 6.926 -36.691 12.357 12.713 23.007 -17.424 -2.720 5.596 -56.284 -11.758 28.624 -3.881 -141.420
INT050 -18.580 14.721 -1.326 48.215 4.863 23.623 -19.019 -73.599 -23.718 11.377 -39.317 42.667 24.546 52.428 -94.243 42.086 -31.963 -6.790 6.148 40.560 -29.641 -7.702 6.517 -46.515 -48.275 40.311 5.650 -125.660
INT051 -32.821 -4.304 -1.967 24.439 11.212 17.695 -24.311 -87.489 -31.275 -0.372 -34.564 36.863 26.550 49.714 -101.387 29.572 -1.939 12.035 20.784 59.459 -39.121 -7.638 -1.148 -32.277 -45.395 49.873 -0.762 -111.898
INT052 -33.731 3.755 -4.025 41.972 19.911 34.525 -12.485 -51.637 -31.084 20.156 -19.204 19.801 6.534 33.233 -104.931 32.458 -3.501 3.916 34.022 78.277 -34.745 -2.030 -8.718 -20.536 -88.915 85.874 15.491 -112.973
INT053 -44.270 -9.472 -16.054 48.190 51.622 22.830 -40.199 -4.830 -64.610 11.983 -72.926 -13.389 5.809 7.219 -114.302 51.942 2.110 -28.384 24.267 82.724 -48.749 -9.560 -30.131 -26.774 -59.970 87.594 -6.303 -114.867
INT054 -45.366 -1.576 -2.295 36.016 30.549 14.545 -36.511 -24.506 -66.530 4.226 -66.022 -18.477 21.673 34.920 -136.122 45.294 10.362 -37.950 5.560 69.502 -49.661 4.038 -55.868 -39.271 -45.524 73.485 4.761 -96.554
INT055 -53.985 17.558 -2.614 29.085 30.768 -4.929 -31.221 -16.941 -65.377 -2.607 -37.349 -5.040 35.233 21.348 -143.979 57.997 -3.044 -8.781 10.165 63.312 -29.755 18.728 -41.950 1.832 -59.287 75.013 9.925 -94.008
INT056 -64.980 2.903 9.931 29.648 58.544 6.279 -32.571 -3.747 -37.694 9.860 4.950 -13.015 46.029 43.267 -124.697 59.213 0.826 -8.390 4.585 46.134 -25.310 -4.376 -35.853 13.627 -40.660 90.928 38.810 -74.695
INT057 -83.884 17.627 15.054 44.376 50.104 8.022 -3.993 -9.857 -55.363 19.505 54.697 -17.911 30.805 43.171 -146.675 67.023 -20.090 -10.552 6.864 59.784 -22.659 1.443 -4.505 -35.077 -41.677 96.512 44.468 -60.011
INT058 -80.586 -9.125 1.292 40.820 46.518 8.978 -14.400 23.079 -40.192 -1.107 95.831 8.380 24.280 26.619 -122.105 54.490 -7.383 -5.971 -24.533 54.342 -9.221 18.210 18.893 -19.422 -23.595 96.438 49.098 -18.229
INT059 -80.592 -0.049 2.601 58.526 40.057 13.300 -14.101 21.765 -50.413 -7.791 97.361 4.972 29.293 25.636 -67.520 41.636 -17.552 12.585 -14.648 42.430 -14.631 31.429 51.253 0.145 -18.478 77.927 49.022 -13.538
INT060 -72.564 11.402 -5.428 66.441 36.779 22.918 -7.691 3.935 -30.793 -5.190 143.209 -2.022 39.476 -8.936 -40.204 69.782 -12.879 26.399 -18.288 38.968 -22.734 36.234 68.619 49.819 2.749 71.996 47.673 -23.825
INT061 -41.172 -7.468 13.896 31.787 55.282 33.658 0.803 6.763 -33.485 -7.202 106.326 54.051 29.657 -11.900 -52.203 17.169 -24.949 16.764 3.689 24.437 -25.575 25.820 47.034 52.725 23.439 98.805 85.272 -37.515
INT062 -42.608 3.048 9.558 25.293 42.109 24.672 8.827 20.503 -32.092 -23.649 105.583 25.223 27.828 -30.419 -34.527 35.391 -18.742 23.729 -9.121 33.092 -22.382 27.523 59.379 105.248 7.185 110.834 120.625 -32.113
INT063 -52.292 -11.345 20.010 26.197 42.687 26.403 -4.208 14.597 -38.082 -27.322 98.365 25.703 24.470 -50.185 -51.983 47.689 -3.706 32.164 -24.262 23.322 -29.913 12.861 46.161 116.867 -8.301 109.983 75.671 -50.334
INT064 -70.554 -21.496 7.126 31.284 33.500 27.878 -15.717 28.148 -32.772 -50.612 91.720 40.653 3.050 -57.321 -71.843 6.287 -6.141 31.636 -17.307 12.931 -27.577 5.749 43.716 125.240 -10.627 105.876 61.098 -83.052
INT065 -55.416 4.565 4.487 28.448 39.958 33.729 -2.043 44.649 -1.038 -4.071 80.975 40.830 33.434 -22.054 -88.968 3.865 -8.100 50.507 24.140 37.574 -29.712 69.916 69.843 89.492 -4.215 40.321 71.357 -59.938
INT066 -55.877 -17.469 13.220 -11.467 35.892 17.221 1.787 40.109 -1.488 -10.257 60.153 43.962 15.161 -18.022 -84.198 4.744 1.442 34.567 20.246 19.217 -38.833 65.937 54.428 79.553 -24.363 17.687 39.096 -59.457
INT067 -8.025 -1.638 -11.582 -21.518 24.744 15.355 4.677 33.962 -12.403 -14.673 40.096 35.084 -3.019 -24.541 -64.948 8.612 1.916 13.108 23.757 28.261 -38.675 52.983 31.057 64.093 -17.801 -0.330 9.236 -65.070
INT068 -12.472 -11.456 -9.538 -26.715 2.971 4.816 -16.883 21.997 -13.858 -25.566 17.814 16.804 -21.303 21.041 -45.515 5.560 19.933 8.423 22.221 33.136 -21.239 21.595 -9.238 59.906 -3.291 -7.221 -22.571 -67.080
INT069 12.101 17.274 4.720 -5.438 15.376 11.035 -0.992 22.255 -19.637 -1.162 52.226 64.586 -12.756 76.508 -16.758 28.791 6.352 68.673 38.093 40.847 -17.536 42.690 27.812 58.032 1.285 26.102 -9.985 -15.751
INT070 16.098 26.410 2.513 -28.212 -6.066 31.993 -6.003 0.703 -31.203 -16.397 34.041 61.658 -29.910 54.432 -29.258 -2.046 11.837 48.790 34.567 21.480 -22.378 39.191 39.438 33.899 -3.386 15.007 -18.398 -22.613
INT071 3.272 12.376 -11.325 -41.554 -17.921 12.462 -11.826 -8.195 -30.442 -19.276 44.034 45.917 -23.689 70.341 -34.926 -12.753 -9.448 18.239 41.917 14.717 -21.475 30.387 18.801 12.126 -12.468 5.770 -48.738 -38.287
INT072 -41.113 21.334 3.120 -40.987 -6.534 16.508 -8.264 -6.992 -44.736 -32.112 32.549 36.124 -28.184 58.814 -25.240 -28.030 -12.467 13.477 34.769 10.650 -25.975 27.192 7.612 34.994 -13.301 -0.022 -65.276 -36.220
INT073 4.922 28.919 0.013 -14.081 -17.539 7.664 -3.731 -11.866 -66.061 -33.238 60.797 25.410 -18.486 78.146 -34.156 -31.070 -20.392 55.912 25.701 25.525 -9.538 25.219 26.312 40.597 7.218 27.199 -2.634 7.206
INT074 13.802 6.050 -9.627 6.748 15.822 -0.575 -1.838 -6.057 -77.132 -24.753 48.802 27.829 -12.527 57.364 -38.952 -30.861 -8.747 40.220 17.262 30.485 -27.326 12.821 0.793 35.283 -4.144 5.955 -22.260 4.113
INT075 24.920 -1.251 7.349 18.435 30.038 7.460 17.063 7.792 -73.215 -18.300 47.455 26.688 -9.695 50.817 -76.713 -41.696 -11.996 23.861 11.445 29.167 -29.342 0.614 8.711 24.208 -25.373 -1.898 -23.625 -37.328
INT076 -36.251 7.429 17.887 12.530 59.315 14.319 25.971 3.300 -52.887 2.203 49.960 3.283 -1.605 67.477 -126.329 -37.172 -6.809 26.260 26.727 47.083 -29.513 11.152 9.665 54.322 -33.081 -16.800 -26.003 -34.474
INT077 26.832 -3.663 3.045 22.014 57.504 -8.715 5.530 3.345 -38.480 45.223 22.339 8.708 1.469 74.227 -149.741 -25.633 -29.685 10.822 22.841 45.726 -34.797 2.778 33.510 61.703 -42.594 -1.560 13.141 -37.243
INT078 37.220 15.676 1.873 27.283 42.662 -5.975 7.922 12.718 -51.380 38.147 14.549 5.343 14.390 75.363 -126.100 -11.561 -22.821 -12.267 39.930 40.415 -24.341 -12.306 32.329 53.506 -34.378 2.785 2.635 -36.790
INT079 37.123 11.693 4.523 33.496 29.117 -0.433 -0.118 13.253 -27.548 31.955 11.090 20.764 -3.634 60.557 -119.496 -8.226 -10.757 -5.839 63.312 54.522 -23.287 -17.618 12.292 39.656 -33.215 -9.505 2.367 -47.884
INT080 12.982 36.437 20.508 37.265 33.887 -1.950 -2.549 15.558 -16.660 15.849 10.703 29.790 4.718 53.529 -167.371 2.786 2.599 -15.750 76.014 41.878 -42.006 -3.188 35.874 60.580 -19.614 -2.278 -0.747 -38.902
INT081 12.183 28.412 6.240 23.719 -23.708 -16.052 -13.319 23.740 -3.691 28.751 7.159 55.937 -34.671 21.031 -242.176 -11.799 -4.662 -37.829 51.464 40.617 -33.532 7.710 22.048 50.385 -19.321 11.073 11.894 -34.779
INT082 -9.663 18.831 -2.031 27.991 -17.354 -16.003 -9.735 12.447 -8.864 -5.028 -33.439 50.683 -23.147 28.145 -263.824 -10.301 -6.160 -39.812 36.675 39.786 -6.577 34.768 32.594 31.853 -19.130 23.599 3.532 -35.134
INT083 -30.398 29.620 31.101 15.753 3.067 -1.222 -2.236 40.373 -17.141 -1.834 -26.197 55.348 -3.204 36.244 -282.989 -27.631 5.177 -41.491 48.207 35.541 -4.861 34.859 54.810 19.308 -2.653 7.420 -5.049 -37.232
INT084 -27.979 -3.181 23.931 22.365 41.274 -1.881 6.539 52.691 -20.465 -9.071 -24.048 50.340 -9.848 63.969 -261.499 -27.508 -9.096 -31.299 45.156 23.691 6.335 13.990 27.688 38.281 10.568 5.051 -9.401 -25.707
INT085 -64.346 -17.402 31.625 22.926 28.492 -6.931 9.576 53.840 -24.763 -13.142 -38.749 31.008 1.913 14.387 -219.410 -30.222 -8.210 -28.002 26.317 16.438 5.916 21.471 29.036 8.729 -9.179 -21.432 -12.064 -17.021
INT086 -44.939 -0.513 30.995 39.696 46.505 -0.499 15.219 52.244 -41.132 -10.304 -16.614 24.859 4.416 28.001 -178.548 -22.631 -7.982 -21.618 20.393 1.381 -0.097 21.307 29.178 25.494 -14.068 -15.021 -17.232 -15.678
INT087 -23.330 -3.309 40.077 50.762 58.401 31.335 27.391 51.025 -26.806 -25.925 -9.125 28.923 5.090 43.713 -129.190 -24.813 -0.219 -0.605 31.988 15.561 7.038 11.893 31.974 32.129 -12.862 -29.321 -16.619 -13.376
INT088 -12.913 0.654 53.262 54.899 76.790 21.633 27.637 42.504 -15.907 -15.938 13.538 54.634 13.367 33.117 -79.025 14.749 -6.553 5.515 34.656 9.080 14.268 -1.780 41.241 33.162 -10.369 -32.937 -14.645 -4.844
INT089 -21.821 -16.122 42.142 15.300 63.879 -14.549 11.222 28.939 -36.407 -33.209 -24.255 45.662 -7.081 23.145 -36.242 -1.608 -41.853 -16.090 30.204 -8.939 -0.755 -3.138 3.838 7.169 -47.504 -65.308 -21.155 -24.380
INT090 -0.180 -7.126 36.410 28.503 49.529 -6.775 21.309 31.937 -17.695 -23.175 -12.879 46.535 -7.790 17.867 -13.450 0.883 -38.586 -4.833 30.985 -30.174 5.461 20.825 18.997 11.442 -33.447 -63.031 -18.268 -12.956
INT091 -8.549 3.350 29.521 18.100 54.819 8.605 7.279 27.944 -5.860 -20.225 15.743 37.551 5.140 27.505 15.436 3.029 -28.822 -2.872 39.507 -27.806 -8.584 11.163 4.586 24.963 -38.095 -61.975 -7.950 -8.494
INT092 25.836 16.417 29.985 31.398 57.457 9.378 29.479 29.776 -11.740 -9.102 17.225 45.025 -4.866 22.693 30.410 12.420 -29.753 14.454 42.698 -21.793 13.861 5.345 -14.729 43.540 -15.331 -49.879 2.618 -13.041
INT093 -1.439 -9.866 16.728 13.162 14.021 0.029 2.148 25.281 -19.856 -6.559 -14.459 31.724 -2.531 12.309 -4.824 0.682 -42.690 27.512 43.783 -6.704 -25.602 -2.276 -6.092 45.475 -20.628 -62.588 -14.153 -1.993
INT094 9.111 8.713 23.725 26.258 17.607 -5.102 9.358 29.275 -4.105 -5.255 2.897 28.342 15.368 -2.912 -53.866 -14.182 -31.902 14.944 49.976 -12.892 -25.707 -4.120 -4.183 32.578 -7.656 -59.916 1.084 -12.907
INT095 7.200 11.543 16.741 18.330 35.371 7.309 -0.068 31.856 -10.658 -2.293 1.836 43.323 6.521 1.685 -61.148 -14.123 -28.866 12.892 26.140 -20.019 -10.931 0.337 -6.014 38.404 3.688 -65.269 -12.415 -0.747
INT096 8.137 1.965 18.554 30.772 55.563 9.460 14.927 44.689 -3.840 10.613 17.051 43.044 32.061 12.575 -2.967 1.861 -26.454 24.982 26.713 -2.578 -11.112 1.307 -2.352 41.128 8.816 -35.719 2.160 -8.231
Situatie privind dezechilibrul SEN pentru fiecare interval de decontare din luna Octombrie 2024
1/1