PDF PAGE 1
Data: 22.05.2026
lei/MWh
Interval/Data 01.04.2026 02.04.2026 03.04.2026 04.04.2026 05.04.2026 06.04.2026 07.04.2026 08.04.2026 09.04.2026 10.04.2026 11.04.2026 12.04.2026 13.04.2026 14.04.2026 15.04.2026 16.04.2026 17.04.2026 18.04.2026 19.04.2026 20.04.2026 21.04.2026 22.04.2026 23.04.2026 24.04.2026 25.04.2026 26.04.2026 27.04.2026 28.04.2026 29.04.2026 30.04.2026
INT001 -1,002.42 3,409.85 899.89 -156.96 858.03 1,351.95 699.00 968.30 898.36 -1,054.49 -1,042.02 887.93 898.92 796.94 -89.12 863.21 924.69 1,077.67 1,314.30 -61.91 953.92 1,078.47 14.89
INT002 -964.13 1,335.89 924.34 -105.47 -619.60 814.91 1,097.90 787.75 1,953.86 808.17 -3,072.66 835.81 890.63 699.00 -161.10 838.89 896.05 1,249.77 1,133.64 166.07 919.19 1,065.02 -382.52 125.66 899.52
INT003 -153.15 899.14 899.47 44.30 -1,572.94 -310.03 899.64 1,089.42 827.04 876.61 713.70 894.57 -5,426.61 93.48 233.46 847.37 -109.07 894.99 804.66 989.13 1,084.55 281.13 264.85 -318.40 894.40 1,044.61
INT004 184.45 268.04 -373.63 -6,542.18 -3,719.63 848.40 1,110.67 -212.42 699.00 993.71 717.73 805.82 -3,771.85 881.72 926.05 -135.36 902.86 894.02 841.84 1,083.56 897.46 -3,636.36 -429.17
INT005 134.27 896.52 -1,667.33 -404.69 843.07 1,075.24 -106.39 1,112.30 1,456.01 899.00 -88.21 670.72 179.95 894.55 -118.96 -86.12 899.32 1,086.31 1,015.71 298.70 909.70 -1,314.90
INT006 269.29 -107.03 316.38 254.15 -236.41 803.30 1,181.66 900.55 1,161.96 886.67 891.80 323.77 -3,306.53 899.45 864.91 188.77 987.24 897.98 1,019.63 949.93 76.37 320.03
INT007 221.66 366.72 266.10 -2,172.37 -240.74 -183.79 1,122.09 1,120.47 865.02 890.80 268.16 -6,419.86 896.31 955.56 990.27 -130.23 -1,220.14 927.53 899.05 1,021.09 4.26 0.60 -6.49
INT008 -215.04 887.38 -46.42 165.55 -4,080.27 -123.92 -190.59 -400.61 1,139.70 1,109.02 699.00 850.01 -446.84 800.00 879.59 -6,276.55 917.61 1,020.25 897.52 -12.94 896.69
INT009 898.49 145.66 202.86 -16.07 -512.28 139.68 1,098.07 1,069.08 870.15 880.42 124.60 -823.84 893.63 899.84 -17.53 -4,321.27 925.72 294.90 1,198.13 -32.77 940.24
INT010 152.72 905.72 837.14 59.22 -289.15 -64.09 -345.83 699.00 1,101.47 1,074.66 882.51 818.00 136.46 -534.08 895.85 899.18 801.75 -23.92 -2,049.70 1,059.21 303.58 1,004.27 933.70 -77.16 322.46
INT011 226.69 845.21 15.64 -551.01 -53.59 -209.59 728.29 1,113.20 1,056.74 935.56 831.88 104.16 -450.45 899.15 58.67 22.71 -6,668.16 1,039.35 261.29 1,153.78 967.51 -1,683.92 -280.91 899.56
INT012 271.65 870.46 -158.60 -91.17 -1,915.79 -2,043.51 699.00 1,098.80 1,080.67 906.04 880.52 57.07 -1,589.81 -501.17 196.44 -91.94 -1,449.84 899.05 -205.41 972.22 -200.41 898.12 -63.45 252.96 269.87
INT013 307.98 898.82 0.00 -458.64 -693.91 896.66 1,002.00 1,226.68 894.73 891.81 186.56 -449.15 54.26 267.35 765.92 -123.44 -159.10 892.92 991.06 -3.84 891.72 -1,689.27 -866.77 843.60 891.71
INT014 212.39 984.76 617.35 -62.25 -1,224.27 -433.83 898.30 1,006.57 1,127.82 871.81 348.02 -151.91 263.07 899.38 992.07 -34.38 885.18 -1,971.87 -45.72 884.94 969.60
INT015 -713.77 993.76 899.64 601.70 -85.86 -1,248.19 -301.97 911.94 342.14 1,044.58 1,041.06 910.21 -115.45 -304.90 -29.91 236.30 -70.35 -270.63 899.66 988.97 -60.58 8.53 1,431.47 1,025.29
INT016 25.75 877.05 899.54 141.86 601.70 -29.48 -1,043.24 -361.56 897.76 1,052.94 1,055.12 699.00 857.75 -149.19 -797.17 13.15 122.93 881.78 -78.62 897.77 941.35 -121.84 13.11 1,095.23 899.07
INT017 78.29 6,150.95 674.87 -109.46 -411.28 -1,252.07 1,042.74 1,133.53 1,002.70 898.92 -590.41 -517.67 179.01 156.64 886.68 -76.03 899.47 160.01 872.81 3.79 247.45 873.19 867.35
INT018 -153.86 6,999.00 655.65 8.82 -444.13 288.05 -5.21 1,002.81 96.66 140.90 -168.39 699.03 -33.64 892.75 159.88 840.02 66.00 863.41 2.12 251.68 878.36 1,317.85
INT019 203.95 6,999.00 899.12 740.04 655.65 4.21 -419.96 -85.35 862.71 1,122.79 971.67 800.00 191.88 -666.52 53.08 506.81 -83.56 828.93 911.38 849.94 3.83 925.03 873.35 1,488.53
INT020 85.01 6,999.00 738.27 650.54 835.54 -223.50 -189.04 -82.05 1,057.62 980.54 699.00 801.94 27.51 865.54 -201.03 895.58 220.52 899.16 200.71 860.79 1.69 925.99 1,081.54
INT021 114.25 6,985.32 742.56 -51.90 -190.44 -105.73 -230.87 1,080.26 873.89 971.57 115.87 924.57 774.90 869.08 264.18 -980.21 252.77 73.42 884.65
INT022 -65.39 2,989.95 696.39 112.86 -38.46 807.50 -231.71 -193.01 1,085.37 983.93 884.55 127.86 -254.63 966.02 895.91 -137.27 896.07 254.54 219.83 241.35 988.99 897.78 1,022.07
INT023 76.08 1,034.40 260.68 19.75 866.37 -39.30 11.93 814.14 976.17 916.72 800.00 899.66 -489.27 5,223.21 1,044.40 0.10 940.44 897.63 189.10 66.37 919.26 1,174.28
INT024 -638.70 1,198.30 153.22 3,622.80 -515.18 174.44 194.09 954.95 977.18 765.74 915.42 235.99 811.65 6,827.92 965.21 899.27 995.76 -178.72 118.94 2,070.17 915.06 1,070.92 1,087.74
INT025 -288.17 1,547.66 269.45 1.57 1,098.02 1,226.50 221.82 956.77 997.10 870.69 215.56 -13.43 5,585.54 1,007.36 -201.70 1,058.95 -221.56 136.19 1,607.85 1,456.83 103.19 1,006.15
INT026 387.89 1,967.49 83.54 -5,313.76 2,281.43 961.18 19.76 969.90 856.54 1,013.30 699.00 800.00 26.81 1,280.24 840.72 -934.94 299.48 934.76 -68.85 -1,851.69 1,173.30 149.79 1,243.26
INT027 365.20 2,892.10 307.49 -1,273.69 938.40 -107.03 767.07 738.62 718.62 1,119.65 196.92 1,131.57 712.91 324.41 1,046.59 109.94 -2,012.00 939.40 143.20 1,619.01
INT028 274.01 1,108.83 249.11 -162.97 -34.19 -789.20 -300.25 -42.08 144.15 1,027.35 1,204.85 1,173.98 1,805.17 1,194.48 -184.98 -408.41 961.70 -206.23 3,050.07
INT029 35.71 1,233.09 267.24 88.53 699.00 -5,577.35 -1,542.04 -4,254.30 -3,669.11 1,092.13 -117.32 107.57 1,640.63 1,025.61 206.43 -141.37 2,736.22 -294.31 -70.87 6,023.55
INT030 347.35 1,503.41 288.13 -0.58 -7.62 -52.62 298.13 904.97 190.47 320.20 306.87 1,124.98 1,322.75 1,026.09 70.69 -189.88 896.00 -229.37 2,469.71 240.16 65.25 5,260.78
INT031 320.99 1,663.76 213.38 25.56 184.34 -146.27 -287.30 0.40 1,023.05 151.09 325.66 1,112.00 840.37 2,453.29 -14.19 -292.99 897.87 -6,126.33 3,338.52 -524.49 162.78 -78.45 -326.86 1,381.87
INT032 166.58 1,584.04 -52.98 -598.21 -205.43 -521.80 254.57 699.00 699.00 -2,552.80 306.77 357.06 -3,323.63 800.00 4,354.80 -37.52 -1,290.97 1.54 321.06 -422.14 1,193.93 169.34 -3,147.37 -436.13 -129.82 -1,332.29 1,276.53
INT033 268.71 -33.04 -137.38 -769.86 1,717.49 699.00 833.04 945.11 352.29 116.10 -1,188.57 1,122.31 702.60 251.99 245.66 -955.76 5,534.29 858.90 -1,544.75 -527.45 -1,647.60 -1,383.33 1,083.48
INT034 -155.57 220.95 -354.85 -279.65 -265.28 1,881.40 699.00 1,121.77 699.00 873.46 352.07 66.60 -729.55 53.98 1,056.16 702.50 890.45 -22.36 1,854.70 852.23 -494.60 -1,291.34 1,103.26
INT035 400.00 344.56 272.44 -807.12 -822.93 -2,967.44 151.30 1,144.28 699.00 699.00 -322.89 995.64 297.85 -1,651.70 21.81 61.16 995.56 896.11 -611.95 899.78 923.14 -11.45 -40.16 1,128.39
INT036 893.48 -28.93 -8.30 -5,680.71 -5,303.66 884.50 699.00 968.44 -6,290.86 1,023.82 301.02 119.16 1,059.91 -844.08 181.03 148.76 2,117.67 -359.98 -1,520.27 -1,610.58 1,101.34
INT037 339.63 878.08 -49.60 -3,620.66 -139.19 912.48 890.69 3,307.24 1.87 140.00 827.42 475.61 2,547.65 -225.92 -541.28 330.55 1,441.99 4,998.66 -313.67 980.99
INT038 260.18 -29.83 -1,720.28 -153.75 -14.42 -1,174.29 921.96 829.31 740.24 3,278.99 -1,180.29 -32.46 0.75 732.77 8,044.37 653.56 1.09 1,722.96 28.08 -27.05 -3,964.73 1,054.50 4,346.37 -84.89 -96.65 980.93
INT039 -53.71 -36.89 -2,484.39 -138.55 -58.17 -4,545.99 909.17 829.91 346.22 6,071.25 -426.97 0.97 0.42 -404.80 1,364.05 3.15 899.53 1.58 -18.82 -275.68 454.71 436.15 -8.41 -83.14 1,003.90
INT040 4.90 -917.81 -143.85 -104.18 -2,096.66 -3,218.29 873.38 -314.12 6,837.99 -3,613.19 0.20 12.84 -824.01 774.67 1,021.74 2.00 -1,395.96 1.71 540.22 448.00 -43.96 7.78 980.76
INT041 -1,998.61 0.00 -590.23 -851.02 5,202.59 -438.68 -1,408.02 -1,609.92 637.17 6,999.00 4,682.87 9.96 875.17 834.63 450.02 -124.54 43.40 0.60 -2,832.47 0.31 516.94 5.11 2.23 715.78
INT042 -1,634.50 0.00 -98.62 -121.95 -39.68 -94.31 -1,449.71 -72.18 -137.28 756.79 4,072.30 1,707.11 10.99 716.36 450.02 3.67 699.00 805.65 -4,131.26 0.00 -643.55 447.81 2.00 4.40 -4,696.02 2,721.32
INT043 0.00 -357.50 -290.08 -61.97 -42.53 -93.24 -7,480.56 6.94 66.18 558.70 -1,988.34 796.17 -1,017.86 0.30 -4.67 19.43 -6,662.91 450.02 -694.87 904.25 4.77 -4,581.46 0.00 -45.81 -17.29 -13,284.05 -3,451.26
INT044 0.00 -172.11 -1,362.64 -389.09 -108.96 -368.65 -414.35 -1.08 -280.87 -607.34 746.87 -1,012.20 -1,250.77 69.72 -7,326.44 450.02 -249.80 1,155.76 164.33 0.28 -13.16 -488.56 -86.18 -498.11
INT045 4,620.20 -58.83 483.55 -263.37 0.94 -139.24 -165.00 363.49 659.63 -44.55 520.06 -518.65 -28.13 -22.22 -12.30 -1,540.85 450.00 0.88 5,270.55 -2,707.82 1,579.59 -257.11 -202.98 -105.47 -363.33
INT046 -4,522.41 2,744.19 18.08 -549.31 -65.65 -113.89 -20.00 285.83 1,865.53 611.99 -448.80 548.48 -788.05 -117.75 3.09 -203.14 -1,024.99 -69.47 896.36 -6,738.00 466.50 -1,970.07 -105.21 -97.00 -984.42
INT047 1,508.22 16.46 -300.51 -596.28 -100.46 408.57 150.33 637.26 455.78 -314.34 478.80 -585.62 -572.27 -68.74 344.37 -532.06 -255.07 899.43 -96.72 -223.58 -63.25 -690.57 -105.72 -107.14 -1,410.94 -282.93
INT048 -2,551.36 1,968.27 20.29 -914.31 -77.30 -183.89 533.69 1,186.54 455.86 492.96 -1,855.27 -126.19 -223.82 -174.11 -731.32 897.28 -48.98 -681.33 -215.65 -125.81 -116.52 -985.76 12.22
INT049 2,339.69 0.48 525.84 -993.86 444.11 322.78 456.37 6,053.91 446.01 499.32 -795.29 -66.89 -5.20 713.60 12.74 -3,028.99 -341.34 -57.45 -290.09 -165.02 -3,457.02 3,914.98
INT050 1,841.13 4.03 -858.73 -4,213.19 5,048.17 4,514.88 456.37 5,874.98 499.32 -1,156.16 -396.51 499.00 -0.36 525.32 713.55 -53.35 -2,270.40 450.00 15.51 -288.53 -158.93 -5,372.22 5,812.25
INT051 1,326.30 699.00 -4,541.43 -5,745.91 513.38 444.91 -278.80 924.26 -344.31 472.38 -116.66 67.92 -125.87 175.67 713.60 3.57 -1,340.22 1,178.80 -1,165.62 -113.43 0.70 -163.46 -5,229.26 4,660.52
INT052 1,054.12 18.80 443.21 -4,124.02 1,031.30 -1,385.96 1,066.73 642.99 450.02 499.32 439.54 -829.09 -211.23 -127.24 229.22 713.60 0.60 -1,927.91 2,441.17 -919.93 1.20 -163.24 -4,995.15 507.77
INT053 -1.18 624.20 -3,484.09 707.29 -802.94 812.63 191.57 229.43 597.58 432.27 0.69 -819.49 1.69 -135.09 129.99 738.97 -485.26 529.60 -1,199.71 -1,715.11 -31.67 -159.87 -6,183.46 487.24
INT054 -820.02 267.77 -3,830.44 -321.58 -377.40 -246.62 -74.69 -9.39 400.00 510.69 453.95 0.05 -904.89 1.79 -457.49 162.00 764.20 -452.18 447.17 282.62 -5,692.88 -9.80 -159.71 -6,255.82 487.33
INT055 299.11 34.83 -51.00 -2,629.19 -1,873.10 -2,328.78 -760.04 -203.86 133.57 451.71 453.95 -1,133.49 4.67 0.68 -932.36 150.63 666.84 -609.86 447.01 350.67 -5,044.84 -160.71 -5,316.04 456.19
INT056 -11,284.64 325.39 7.40 -16.25 -3,041.61 -2,326.55 -372.13 -52.52 -568.90 439.32 451.71 -887.67 -22.13 -19.36 259.08 271.90 -559.54 4,681.60 342.54 -1,459.95 9.18 -159.55 -3,658.46 452.45
INT057 140.91 -136.60 7.02 -4,226.21 430.85 -230.04 -661.54 -302.48 526.83 -162.98 456.18 -572.18 0.10 0.37 -87.95 -19.64 399.00 6,290.17 671.81 -482.47 -2,061.56 -520.51 -2,700.01 4.06 -114.25 -905.84 735.99
INT058 62.12 -121.43 -52.81 -5,512.96 -209.70 -1,722.11 312.49 181.08 425.11 -2,491.86 456.18 -938.61 0.10 1.31 -342.85 -18.00 -343.36 1,185.87 -23.84 -1,357.61 -113.85 -3,579.84 -2,694.81 -76.81 -119.99 -911.66 704.74
INT059 -24.57 -158.94 -323.58 -5,375.64 100.00 -1,621.71 -36.79 -15.77 425.11 456.18 -541.19 0.10 5.69 -21.54 -144.19 266.60 -344.59 -3,858.21 -1,259.37 -2,977.25 -2,501.79 -128.05 -725.84 698.97
INT060 -120.54 -1,128.45 -71.93 -7,499.00 264.36 -382.81 -2,211.73 536.11 -6,797.39 -123.70 -735.16 0.10 0.38 -168.95 -18.58 -873.41 699.00 -6,527.42 -2,134.09 -7,009.30 -7,499.00 -1,628.67 -37.09 -122.36 1,520.74
INT061 49.53 -1,733.60 -126.14 -5,928.54 -49.46 -678.96 450.99 -5,470.47 567.67 -4,792.07 453.70 -489.38 0.10 0.59 -428.07 -127.73 359.03 -542.50 -38,183.34 -7,499.00 -1,689.21 770.98
INT062 946.54 -1,290.50 -32.64 -5,863.45 491.84 3.57 244.35 430.00 -2,665.15 -617.17 0.10 0.20 0.19 -145.14 -5.25 817.52 -897.66 -329.86 -7,499.00 -1,137.29 -106.81 669.81
INT063 899.70 -232.09 -26.70 -5,855.48 -6,219.22 729.59 -12,027.06 -266.83 -327.83 844.04 -537.15 453.70 -606.04 0.10 0.35 2.02 -330.08 -853.64 311.20 -1,350.85 -108.69 -1,271.32 -1,039.49 -141.83 718.87
INT064 -106.60 899.09 -307.19 -5,849.69 449.16 -14,001.66 -180.32 782.35 305.95 453.70 -520.65 -5,372.95 5.53 -1,437.09 819.15 -454.48 -64.83 -392.56 -953.23 -60,976.32 -112.53 500.64
INT065 -13,577.97 1,077.15 -7,242.84 -6,431.70 -59.02 764.56 450.21 251.96 6,668.96 1,211.69 -363.74 -4,096.39 -24.94 4.31 264.53 -520.22 -315.28 -287.98 -832.66 -123.89 -39.49
INT066 -586.11 1,258.68 -3,807.38 1,132.45 450.21 -256.69 3,439.39 5,700.00 -279.43 -464.48 261.26 -5.17 313.06 -818.47 -108.79 -284.81 -336.15 -117.49 -34.25
INT067 -27,695.50 1,078.40 2.06 -4,525.78 3,439.58 447.30 81.33 562.43 475.43 6,095.93 -413.93 -70.21 8.41 4,486.34 237.18 -108.00 -325.38 -1,177.08 0.92 3.36 -642.81
INT068 -241.65 1,359.63 600.00 7.31 -3,892.68 -351.53 1,565.63 -514.96 46.14 41.09 983.98 352.44 5,848.36 -503.38 12.60 0.98 771.04 426.40 824.86 0.00 -488.62 -298.57 -451.46 -11,424.36 -16.23 -3.64 692.49
INT069 -3,392.04 -5,139.85 -4,115.63 -8,825.05 472.81 -203.76 42.01 -674.07 4,338.86 -6,311.67 -3,542.71 -202.47 0.10 277.96 0.40 -10,980.87 -308.95 -232.32 891.01
INT070 -5,257.13 -4,141.73 -3,236.14 -1,662.29 468.45 -164.01 -42.51 844.65 0.00 -1,797.96 1,637.12 -1,023.91 -2,169.52 7.44 0.10 399.00 0.00 358.74 0.60 -133.91 -714.82 0.25 51.71
INT071 -1,879.89 -843.43 -3,486.36 -281.66 468.45 -197.19 -4.07 271.76 50.52 -1,018.85 1,674.18 -131.89 2.64 939.28 1,104.29 43.86 0.10 401.00 1,110.52 -1,404.55 -107.16 -996.53 24.09 -358.65
INT072 -5,755.87 388.34 -4,768.00 -3,181.17 468.00 -1,907.81 168.76 -78.75 37.84 1,660.91 18.32 925.63 809.49 420.95 0.60 353.61 5,253.38 -133.73 -108.69 -2,611.02 0.64 709.72 348.18
INT073 -6,315.53 153.21 -5,272.58 -1,443.25 -139.78 -3,061.95 95.72 -10.28 -18.37 276.48 500.00 -358.41 207.63 699.24 -1,230.71 -976.36 4,192.62 339.36 2,011.22 -8.93 -1,113.80 -4,171.76 -2,783.83 33.07 46.56
INT074 -6,131.41 896.52 -6,320.78 -892.15 -273.62 -362.98 239.25 -183.82 254.26 -36.63 -470.51 -16.72 932.55 -1,192.14 1,102.13 909.56 1,136.18 -165.00 -220.34 -1,455.89 -149.15 266.49 176.07
INT075 1,094.31 -542.45 -551.17 0.10 56.04 169.37 177.77 81.54 129.77 311.01 335.00 901.23 -507.23 699.06 938.52 -1.22 233.22 -76.58 971.42 1,189.52 -400.08 -1,168.51 0.30 883.85 -867.78
INT076 1,258.27 -106.48 -659.99 -454.09 28.07 699.00 7.71 364.94 -122.28 123.10 -867.05 1,085.23 1,127.21 127.82 -181.23 1,022.19 1,906.46 1,067.62 -1,629.44 1,220.51 1,244.21
INT077 1,209.20 -50.51 -401.00 -908.70 -1,300.80 -1,244.95 4,704.01 -4,859.10 141.96 0.00 -2,510.37 -1,229.00 86.97 294.26 281.17 -1,745.70 1,287.00 1,069.13 5.39 -514.27 -126.18 -274.12 1,045.91 -7,710.60
INT078 1,892.24 1,335.25 -76.43 3.33 6.64 -269.38 -938.20 6,178.93 -5,808.44 276.62 -1,280.27 -343.31 -297.08 -868.66 977.21 97.38 264.58 364.60 -397.26 1,766.64 2,008.78 14.25 8,384.68 -218.44 -4,348.97 929.44 -199.94
INT079 1,186.91 1,985.02 -0.23 5.94 -90.38 -117.80 4.17 6,999.00 6.63 248.87 -859.90 -653.80 -395.09 304.34 237.52 46.26 -370.99 2,274.86 2,327.35 14.21 5,045.39 -35.68 159.24 -2,509.19 348.08 895.16 -5,605.47
INT080 1,374.98 2,207.40 -15.95 0.81 -566.64 -254.90 -139.59 3,444.06 -15.67 -250.40 -1,072.76 -116.11 -531.47 243.80 1,033.70 -430.44 -520.19 5,767.80 5,454.55 2,164.49 3,815.38 103.08 -527.11 -53.90
INT081 1,452.25 -180.20 -26.83 -3,496.17 3.58 -581.96 1,549.21 -193.50 2,960.46 -1,102.34 -204.96 -1,773.14 -4,587.10 915.74 -186.95 -1,736.60 2,211.60 3,069.93 -1,812.06 -667.61 -5,157.89 -420.95 178.74 23.69
INT082 1,365.39 246.41 2.35 -1,870.88 1,596.61 -1,632.63 1,133.26 9,785.95 70.66 777.86 219.08 -1,415.75 1,040.58 38.75 1,099.40 170.15 -314.97 4,208.76 3,256.03 281.45 58.21 6.48 -4,565.30 257.05 30.83
INT083 1,418.21 310.61 -623.85 20.85 2,457.79 1,179.36 1,724.76 -789.74 11,222.46 389.52 842.34 -1,469.50 1,030.32 -35.45 925.08 2.32 2,009.32 5,547.35 281.93 162.25 -318.87 957.91 -1,886.69 1,174.06 -96.49
INT084 285.66 1.99 1,092.56 1,379.02 1,313.63 -56.66 1,458.73 3,481.94 -173.99 1,210.33 -135.70 385.46 1,033.13 6.94 1,490.45 3,430.60 5,124.14 336.53 2,408.55 2,298.11 -1,172.42 148.19 2,522.40
INT085 300.86 282.51 878.82 2.19 1,203.87 1,377.90 1,393.15 176.38 1,342.08 1,941.63 160.57 -567.08 1,126.75 -57.75 1,443.32 2.29 3,954.35 1,672.13 2,839.77 324.78 -64.44 1,418.96 1,240.08 1,382.19 260.26
INT086 315.79 381.46 168.24 1,064.62 2.92 3,476.49 1,435.05 1,509.84 174.65 976.48 2,019.45 143.71 -698.86 -558.33 1,220.99 4,205.06 2.82 3,118.47 1,399.08 1,708.48 -24.66 969.94 1,725.20 -1,765.29 898.90 142.42
INT087 52.00 400.00 -132.18 1,272.15 10.00 6,513.78 1,841.21 1,461.53 -362.64 1,257.70 359.40 -25.98 834.40 4,811.43 0.97 1,146.95 1,849.62 2,514.88 1,258.97 15.16 890.09 3,456.67 -3,310.35 -472.67 103.57 -1,479.14
INT088 -945.42 330.61 -368.06 939.29 -229.72 2,824.94 1,577.98 1,282.42 254.66 1,938.09 -33.99 276.69 -0.43 3,662.13 50.02 1,153.43 2,670.64 4,983.90 300.07 915.71 4,086.20 -477.59 -1,888.40 -598.26 -3,195.30
INT089 -109.27 4,619.18 -235.81 1,086.40 1,466.28 1,190.58 236.09 1,210.00 3,413.92 1,303.93 1,328.54 -35.52 1,610.55 4,617.92 1,439.98 6,814.12 890.41 6,571.52 100.77
INT090 6.72 891.47 976.29 -172.76 1,190.19 2,403.26 3,281.04 171.61 229.90 780.00 1,003.38 -724.19 674.33 4,758.78 1,603.39 6,999.00 283.66 5,213.07 -118.62 270.86 -194.88
INT091 -82.27 126.33 607.40 -112.00 1,032.86 -201.68 821.07 4,238.35 53.66 -201.68 -153.97 1,350.86 3,656.21 16.60 4,574.34 -81.17 -27.15 -1,963.04
INT092 -49.47 -124.23 960.43 -60.09 -6,013.72 886.15 -233.70 699.00 1,445.10 188.77 -94.98 1,920.23 1,441.76 3,222.11 -4,564.07 -485.35 -3,245.97
INT093 1,335.45 1,097.34 966.81 990.37 -21.39 -7,634.30 869.04 1,650.93 102.73 794.56 1,157.64 938.97 839.69 -58.02 -51.69 868.81 1,059.91 -19.45 -2,377.55 1,233.38 1,084.54 882.21 69.17 1,869.97 9,853.83 -64.28
INT094 1,416.71 894.82 1,056.01 738.63 -11.93 -1,257.98 877.25 2,195.50 28.62 863.00 1,149.74 699.00 -337.48 -225.05 959.74 934.46 5.17 -1,017.33 1,031.70 1,084.66 4,256.60 -297.65 248.96
INT095 2,971.85 0.00 -294.42 -201.30 835.85 1,569.01 10.90 699.00 1,386.57 699.00 699.00 -21.50 89.85 951.52 -14.32 -1,483.18 884.68 1,080.08 265.16 4,554.10 269.77
INT096 951.59 229.09 -142.96 813.29 1,212.88 2,976.09 607.64 699.00 -480.14 699.19 -174.28 -2,516.60 1,129.65 -172.06 2,333.48 -334.19 -17.59
Pret Final Unic din luna Aprilie 2026
1/1