PDF PAGE 1
Data: 15.04.2026
lei/MWh
Interval/Data 01.02.2026 02.02.2026 03.02.2026 04.02.2026 05.02.2026 06.02.2026 07.02.2026 08.02.2026 09.02.2026 10.02.2026 11.02.2026 12.02.2026 13.02.2026 14.02.2026 15.02.2026 16.02.2026 17.02.2026 18.02.2026 19.02.2026 20.02.2026 21.02.2026 22.02.2026 23.02.2026 24.02.2026 25.02.2026 26.02.2026 27.02.2026 28.02.2026
INT001 1,341.18 908.04 25.69 623.73 366.55 109.76 -149.36 1,861.29 1,702.70 47.43 56.20
INT002 1,208.53 166.04 162.97 550.00 129.88 649.08
INT003 315.84 151.02 772.19 984.73 110.89 749.60
INT004 104.45 749.28 851.04 41.37 115.17 180.52
INT005 914.85 1,011.27 927.74 748.34 111.69 686.80 39.77
INT006 640.57 310.78 74.78 112.60
INT007 700.94 302.51 308.14 80.98 77.40 599.00
INT008 759.71 634.28 126.73 75.77 934.80 22.87
INT009 788.82 560.97 941.68 755.45 692.41 91.88 892.25 452.90 570.00 705.96
INT010 526.65 608.51
INT011 951.34 247.71 479.85
INT012 173.45 700.00 128.94 157.21 599.00 265.27 136.64 663.97
INT013 445.83 769.28 641.77
INT014 940.35 291.43
INT015 259.89 427.45
INT016 -191.02 723.98 773.79
INT017 923.53 906.46
INT018 166.01 599.00 759.28
INT019 483.81 760.09 129.43 34.33 309.65 1,107.95
INT020 700.00 197.66 68.37 318.23 49.38
INT021 125.31 310.96 1,415.54 817.70
INT022 112.01 584.15 349.04 1,205.45 133.18 611.79 887.03
INT023 121.99 181.84 1,330.80 100.70 284.01
INT024 308.44 257.00 207.64 665.06
INT025 700.90 909.64 319.11 365.62 697.61 1,640.29
INT026 1,339.14 739.04 899.88
INT027 3,803.43 555.33 756.10 148.05 81.84 408.86
INT028 696.14 751.84 819.14 284.31 450.93
INT029 308.35 1,142.70 267.84 1,000.00 191.39 -94.42 328.91
INT030 1,110.08 193.58 376.55 465.35 393.51
INT031 898.71 3,371.63 353.96 829.80 -45.81 742.71 177.19
INT032 1,173.60 766.90 959.50 714.99 625.04 161.36 54.35 115.22 49.70
INT033 626.70 439.66 297.76 1,336.18 401.05
INT034 999.16 436.95 669.66 701.49 550.00 401.64 -31.85
INT035 999.41 554.13 410.17 508.08 341.03 397.38 149.64 60.18 361.16 271.92 347.72 172.82
INT036 897.70 802.10 709.00 868.85 493.98 -380.30 250.01 172.53 10.66 124.56 251.46
INT037 652.29 419.50 519.83
INT038 744.43 353.17 100.43 258.87 317.98 76.77 302.68
INT039 389.87 844.08 41.42 154.46 570.28
INT040 720.82 34.00 393.00 -22.22 2,382.15
INT041 108.92 271.13 138.94 130.20
INT042 269.50 663.40 105.69 303.24 186.48 137.54
INT043 717.56 295.57 453.13 710.64 153.33
INT044 714.33 225.73 428.32 215.52 647.24 28.04
INT045 695.58
INT046 682.69 852.19 323.65
INT047 443.30 728.44 700.00 514.00
INT048 314.63 -2,100.17 1,364.12 322.17 631.48
INT049 162.92 139.90 864.16 837.26 233.64 505.11
INT050 169.67
INT051 420.19 514.00
INT052 172.69 1,009.26 0.00 276.19
INT053 155.04 568.71 863.42 19.63 450.00 835.12
INT054 144.00 574.92 660.52 112.09 225.98
INT055 174.06 574.92 -42.89 554.19 625.88 73.34
INT056 409.24 653.27 572.92 280.95 429.48 467.52 31.70 127.01
INT057 212.57 147.31 317.65 -3.05 132.86
INT058 229.95 153.97 194.64 129.48 446.00
INT059 142.75 228.27 408.62 376.83 -782.38 59.21
INT060 479.70 291.95 739.65 877.11 97.25 186.87 420.69 101.16 59.55
INT061 456.81 322.04 374.65 247.02 1,233.34 -724.95 146.84 -589.37 135.64 38.93 1,370.60
INT062 526.97 949.24 770.56 139.98 38.86 272.35 69.94 2,114.99
INT063 373.00 286.15 979.26 528.14 313.07 127.16 341.21 29.57 -109.43 -1,764.84 197.02 1,238.25
INT064 205.44 945.46 1,009.50 208.37 -12.35 -1,533.08
INT065 381.74 351.51 1,539.41 1,047.90 687.03 97.00 -1,928.19 33.33 148.58
INT066 345.31 3,237.39 1,042.73 624.91 723.64 129.45 503.23 186.64 389.38 434.82 77.66
INT067 1,311.61 1,931.47 1,379.41 903.42 983.56 316.73 472.06 241.22 380.38
INT068 999.00 2,954.70 1,043.92 1,624.89 131.38 320.43 507.32 -845.63 350.00
INT069 1,552.23 380.98 2,543.52 1,942.22 1,086.92 1,289.69 328.69 54.83 827.14
INT070 2,317.77 377.16 5,939.69 1,147.59 645.19 1,062.83 447.98 392.52
INT071 6,142.53 8,445.91 1,238.29 1,094.78 327.49 2,429.26 581.33
INT072 433.37 2,084.46 1,250.94 851.14 335.92 124.47 945.80
INT073 725.87 391.56 1,229.82 1,384.45 235.83 989.56 587.90
INT074 413.02 544.04 1,607.92 1,447.08 1,530.93 885.30 980.66 418.99 307.99 746.52 116.37
INT075 15,254.54 993.39 369.72 830.13 -18.95 773.59
INT076 369.89 475.83 362.54 423.93 679.39 599.00 796.39 256.37 363.29
INT077 987.90 244.68 969.56 1,198.30 641.59 721.91 158.35 112.75 1,003.86 541.60
INT078 363.82 915.39 1,329.43 479.31 351.59 91.20 127.62
INT079 394.66 959.08 1,157.18 464.71 599.00 797.49 691.91 137.44
INT080 990.98 1,128.26 147.38 380.51 298.20 423.31 157.09 599.86 725.51 639.83
INT081 382.95 976.22 1,211.17 269.10 4,008.32 599.00
INT082 799.15 1,442.35 956.62 1,125.33 2,506.73 709.90 466.77
INT083 1,548.22 897.81 599.00 144.81 599.00 605.45 138.11
INT084 991.11 286.74 43.87
INT085 795.91 395.20 832.48 152.91 476.88
INT086 1,199.61 772.18 321.11 139.99 599.00
INT087 1,298.13 314.08 660.29 779.94 142.54
INT088 430.32 26.04 668.82 350.15 599.00
INT089 653.77 847.99 142.89 82.25 175.77 330.20
INT090 1,134.37 861.93 843.79 326.03 107.32
INT091 148.79 -277.84 147.39 155.24
INT092 298.94 599.00 95.92 254.13
Pret final de deficit din luna Februarie 2026
1/1