PDF PAGE 1
Data: 11.11.2025
lei/MWh
Interval/Data 01.09.2025 02.09.2025 03.09.2025 04.09.2025 05.09.2025 06.09.2025 07.09.2025 08.09.2025 09.09.2025 10.09.2025 11.09.2025 12.09.2025 13.09.2025 14.09.2025 15.09.2025 16.09.2025 17.09.2025 18.09.2025 19.09.2025 20.09.2025 21.09.2025 22.09.2025 23.09.2025 24.09.2025 25.09.2025 26.09.2025 27.09.2025 28.09.2025 29.09.2025 30.09.2025
INT001 390.00 258.93 346.25 672.38 -23.35 752.07 91.61 133.91
INT002 371.60 671.15 390.00 308.91 357.35 309.99 334.69 797.52
INT003 390.00 353.38 137.17 150.77 840.30 201.09 313.31
INT004 378.00 154.82 142.66 -42.47 52.44 53.09 161.03 174.89
INT005 638.84 465.56 1,382.08 612.19 305.10 56.40
INT006 726.08 390.18 698.38 659.04
INT007 198.01 705.37 797.40 775.29 804.72 222.23
INT008 706.57 390.00 743.70 137.39 95.05 61.89 94.70 38.59
INT009 758.26 337.06 260.09 256.19 159.20 310.41 819.75
INT010 313.47 732.94 339.88 747.48 156.28 269.86 566.16
INT011 780.11 690.00 349.32 223.83 153.35 127.14
INT012 701.66 70.17 46.26 797.81 127.07
INT013 578.45 365.57 342.99 129.09 206.43 44.84 57.17 317.97 307.71 158.04
INT014 689.62 326.86 -85.42 490.69 20.70 145.50
INT015 378.91 49.61 82.13 69.24 373.59 320.94 897.99
INT016 -21.20 101.91 118.98 630.27
INT017 248.81 151.81 111.11 493.87 110.55 225.28
INT018 725.07 4.49 103.10 68.39 358.20 58.06
INT019 81.42 712.45 289.99
INT020 199.87 687.77 146.55 51.95 47.54 213.52 76.58 227.46
INT021 483.48 136.88 545.70 73.00
INT022 304.62 733.21 347.31 301.92 709.16 92.37 664.05 92.03
INT023 175.88 390.00 314.87 741.37 708.16 717.26 516.69 325.02
INT024 231.24 370.98 386.15 225.56 652.13 265.05 400.00
INT025 674.44 644.97 112.60 -256.64 433.88 130.57 773.69 193.11 97.37
INT026 109.69 708.58 112.91 160.69 235.05
INT027 248.73 743.01 716.56 300.51
INT028 575.93 529.92 755.10 200.98 785.77 594.35
INT029 234.01 370.00 -123.38 670.07 0.00
INT030 725.55 389.04 390.00 323.59 232.88 730.39
INT031 378.10 392.50 358.78 439.58 392.50 533.16
INT032 640.44 803.23 389.09 398.48 390.00
INT033 384.19 353.78 313.63 736.35 781.87 952.88
INT034 371.35 314.33 243.60 118.85 195.44
INT035 209.62 350.05 152.37 119.79 80.88 170.96
INT036 -245.77 -7,039.48 -27.58 19.00 58.86 328.05
INT037 10.45 -243.69 -201.67
INT038 386.24 -27.03 -3,170.70 481.51 125.58
INT039 -1,084.57 -1,371.12 -6,842.96 206.79 -356.52 132.01
INT040 91.05 -1,205.27 -3,428.56 -18.33 -58.84
INT041 -1,141.86 -207.99 945.59
INT042 -100.99 391.61 -228.77 67.31 78.35
INT043 -843.91 185.16 -186.46 -683.60 108.11
INT044 -2,418.51 -1,456.29 -750.50 -1,193.11 -4,993.07 -1,193.13 -1,072.12 79.73 -34.76
INT045 -345.02 26.72 316.90 -1,372.54 -542.74 -69.61 102.40 219.88
INT046 -440.35 1.35 72.82 -38.29 -2,909.03 54.08
INT047 -327.71 16.31 -53.79 -119.58 -275.62 -4,532.76 22.56 -37.89
INT048 -212.82 28.48 -1,919.65 -2,688.36 -7.64 26.05
INT049 -230.35 -3,474.63 89.03 489.94 -104.12
INT050 -227.05 17.13 13.36 -3,613.41 4.24
INT051 -2,005.98 488.85
INT052 5.10 481.15 -4,979.76 -4,059.91
INT053
INT054 183.65
INT055 -429.45
INT056 -1,620.80
INT057 -161.27 104.59
INT058 -184.62 -161.27 4.92
INT059 -2,789.45 43.76 -1,931.54
INT060 -3,263.20 39.95 -978.47
INT061 -2,153.67 -171.67 -2,806.06 -10.82 -2,507.64 -6,983.70 54.47 -19.91
INT062 179.12 -164.43 -42.24 53.29 -54.33 203.07
INT063 4.12 101.88 132.47 123.47 6.52 870.31
INT064 2.65 -98.40 -3,477.89
INT065 -1,817.96 -2,125.35 -754.55 -6,547.24 -382.35 -456.10 -611.17 191.44
INT066 -286.37 -17.65 63.71 220.76 -4,100.20 45.25
INT067 -727.65 17.64 200.29 0.60 -8,321.60
INT068 -89.26 466.06 1.65 193.03 0.10 391.93
INT069 -58.59 23.09 -178.84 390.00 110.17 -99.99 -695.37 221.78 77.48
INT070 -169.80 -62.12 252.16 225.14 13.02
INT071 339.52 344.39 262.66 -626.88 400.00 960.52
INT072 0.46 298.14 389.84 130.27 356.21
INT073 -40.42 326.15 209.47 41.11 390.01 -232.42 12.07
INT074 307.23 392.00 329.03 1.13 390.00 393.34 202.08 214.45
INT075 355.17 328.31 391.37 592.68
INT076 -216.53 400.00
INT077 781.98 266.39 200.84 0.00 365.73 -74.49
INT078 345.44 251.24 1,335.69 782.60
INT079 374.91 899.38 251.00 251.00 400.00 827.59 1,662.03
INT080 251.00 0.00 390.00
INT081 334.73 702.33 390.00 396.67
INT082 300.69 157.63 1,055.09 390.00 213.73
INT083 392.03 1,340.22 390.00 1,433.25 400.00 342.34
INT084 390.00 485.14 752.97 727.97 687.62
INT085 0.00 824.28 174.28
INT086 390.00 333.35 168.34 177.41 173.55 331.76 323.03 134.70 838.69
INT087 703.41 148.98 678.91 316.33 311.17 786.47 195.15 166.69 857.33 965.16
INT088 632.61 28.15 131.02 143.38 165.29 675.43 186.13 194.54 127.27
INT089 19.17 733.54
INT090 142.38 390.00 726.14 346.89 390.02 759.89 726.25
INT091 674.64 368.02 116.17 208.24 667.19 292.11 757.74 817.98
INT092 761.08 748.47 94.75 172.24 315.73
INT093 115.15 123.42 80.55 125.45 325.84 109.39
INT094 308.71 870.55 341.14
INT095 90.29 290.14 811.38 400.00
INT096 713.04 149.23 225.56 -341.89 254.83
Pret final de excedent din luna Septembrie 2025