PDF PAGE 1
Data: 12.09.2025
lei/MWh
Interval/Data 01.07.2025 02.07.2025 03.07.2025 04.07.2025 05.07.2025 06.07.2025 07.07.2025 08.07.2025 09.07.2025 10.07.2025 11.07.2025 12.07.2025 13.07.2025 14.07.2025 15.07.2025 16.07.2025 17.07.2025 18.07.2025 19.07.2025 20.07.2025 21.07.2025 22.07.2025 23.07.2025 24.07.2025 25.07.2025 26.07.2025 27.07.2025 28.07.2025 29.07.2025 30.07.2025 31.07.2025
INT001 1,694.80 236.86 699.00 5,702.82 11.87 213.37 269.49 341.09 810.45 805.55 3,157.20 6,336.79 85.69 4,819.56 1,232.50 290.90 81.04 6,334.57 298.32 892.28 5,894.94 699.98 -693.26 192.29
INT002 732.25 148.92 699.00 950.22 210.98 699.00 699.70 183.67 -4,519.76 214.46 725.13 699.21 4,951.35 2,561.07 -2,875.61 3,226.14 293.10 220.74 198.86 4,538.01 400.73 1,145.36 6,499.00 699.35 255.98 208.78
INT003 692.31 18.21 320.25 699.00 593.03 53.35 239.58 5,536.72 180.03 213.63 -2,064.10 -1,014.12 699.36 1,399.84 2,960.83 -1,364.07 3,196.29 870.59 273.66 202.54 -2,686.22 401.69 255.69 698.13 1,855.43 698.80 299.91 229.36
INT004 652.84 -80.61 -497.54 420.48 1,026.22 -10.91 699.00 1,121.04 -3,523.85 -988.90 687.22 1,011.85 659.57 1,181.64 960.53 -1,755.90 -574.54 -3,212.60 699.77 202.28 265.15 191.99 699.00 699.93 222.41
INT005 969.88 699.00 3,767.98 2,099.53 201.39 292.63 5,257.54 152.70 -5,912.45 -911.52 253.44 4,947.11 5,479.34 1,411.99 6,457.35 5,401.34 699.29 112.23 -1,171.45 -137.33 700.00 207.72 288.07 692.36 941.36
INT006 751.79 697.35 754.30 937.61 686.25 125.93 699.00 699.81 193.32 215.48 0.00 699.00 5,513.82 1,022.94 4,280.99 857.29 752.79 343.91 242.07 27.57 2,522.29 420.00 228.20 699.90
INT007 699.00 379.02 699.82 946.58 667.60 68.91 770.16 4,541.12 193.36 222.37 -2,682.44 218.65 -2,815.63 699.79 694.17 867.88 944.87 699.16 242.17 81.46 48.84 921.51 233.94 -1,649.88 699.82 292.85
INT008 699.00 667.93 699.00 988.77 -540.96 2,199.54 742.26 -3.71 -977.90 -1,845.31 78.03 692.15 819.13 935.64 699.00 698.73 222.21 -26.00 74.04 882.99 231.47 -5,874.97 288.01
INT009 58.14 1,107.26 696.19 699.89 1,746.70 1,168.09 -146.86 6,442.33 214.60 161.51 275.66 117.42 -1,135.49 218.66 699.82 2,828.59 949.51 934.10 2,457.79 288.46 218.98 956.69 785.63 230.70 -3,955.09 311.87 334.83
INT010 215.15 699.88 685.84 718.32 4,903.50 631.22 5,584.92 134.67 193.98 698.36 236.12 224.71 228.13 698.69 2,202.75 699.64 77.31 197.89 774.02 699.92 760.04 -245.25 284.50 368.99
INT011 243.88 646.00 706.36 638.20 546.00 -539.80 1,967.42 199.68 164.10 723.89 281.59 207.69 266.32 687.06 851.00 -4,042.92 699.73 698.86 181.19 238.67 774.31 699.92 317.94 277.02 699.00 25.25 317.26 191.62
INT012 -173.42 241.32 60.22 582.73 546.00 -80.16 1,006.13 156.96 699.00 137.46 -215.10 218.07 204.55 214.85 677.99 886.93 -4,943.12 699.65 698.76 205.07 117.09 796.74 699.73 234.82 699.00 179.11 228.03 162.52
INT013 207.70 270.07 546.00 686.21 4.04 2,831.98 1,043.68 699.00 152.76 141.46 240.90 147.56 231.49 2,258.86 3,030.33 -663.69 2,116.56 224.86 192.54 106.99 1,773.88 308.20 6.79 698.99 699.88 693.97 198.54
INT014 193.45 222.23 699.00 7.79 906.12 3,504.63 699.00 157.24 273.51 279.44 190.35 698.94 913.67 -124.45 699.89 40.63 193.67 277.83 1,061.42 698.78 799.92
INT015 133.01 186.18 642.04 699.00 281.63 4,204.87 4,866.14 146.29 249.61 206.94 92.45 784.03 950.09 -202.10 1,330.27 31.96 299.55 1,080.56 318.51 699.37 829.82 207.06
INT016 201.96 196.68 665.32 699.00 279.58 3,738.11 5,796.85 146.86 251.56 204.81 92.99 908.37 -129.31 1,638.35 111.44 624.09 214.20 699.21 185.38 3,214.68 692.66
INT017 203.88 242.89 640.16 270.97 126.86 -47.00 823.07 5,001.16 76.68 287.56 0.00 299.15 216.02 1,196.17 1,194.91 -108.60 3,258.55 140.27 1,084.73 141.87 321.54 122.13 5,181.37 185.41
INT018 202.74 230.52 664.88 699.00 580.33 -84.60 1,076.09 699.70 699.82 137.63 228.35 196.13 761.25 698.84 -142.18 699.71 302.92 95.10 695.13 671.40 318.98 136.35 758.86 190.00 675.67
INT019 204.69 683.04 314.97 839.60 2,833.63 699.51 225.72 207.04 1,477.08 698.21 -162.10 4,369.95 699.48 74.51 622.98 699.46 797.30 189.68 680.97
INT020 205.88 695.62 329.39 212.25 190.14 825.47 1,539.04 699.85 330.14 244.38 192.75 893.62 696.41 -585.66 1,639.87 90.50 621.49 547.28 699.00 393.12 799.30 108.87 698.10
INT021 209.38 269.12 627.45 205.82 192.92 2,976.24 699.00 699.77 181.61 699.79 208.18 699.30 699.94 113.61 699.81 715.39 699.00 312.44 269.66 138.71 699.70 24.17
INT022 208.72 155.95 646.00 228.50 190.48 141.97 4,073.05 699.00 699.82 200.72 201.43 340.25 699.95 875.62 89.47 699.35 699.88 699.12 699.84 285.08 155.97 712.87 39.61 319.85
INT023 159.19 102.97 686.11 255.67 228.75 136.55 277.86 1,301.95 3,333.79 699.94 166.89 192.40 293.58 195.96 697.97 223.62 717.99 106.00 1,001.83 699.14 739.37 737.97 301.94 154.34 865.83 158.30 312.75
INT024 148.65 -4,583.78 635.46 189.18 -4,723.60 699.00 748.57 734.56 203.75 150.05 259.44 201.69 26.32 701.26 131.48 1,115.27 699.88 708.48 2,421.15 119.67 840.75 270.21 238.98
INT025 93.93 -5,979.70 695.76 -122.91 733.59 -6,452.39 699.00 699.00 699.00 83.66 215.08 15.33 145.25 699.16 699.65 -2,868.15 1,027.77 165.13 708.70 231.04 1,284.47 323.78 328.06 933.52 -3,646.53 213.25 196.49
INT026 159.90 -6,328.42 699.26 225.65 -5,945.12 311.33 4,055.44 91.45 346.61 176.19 155.22 705.92 -4,376.57 160.18 159.24 2,289.38 215.82 1,044.32 782.17 -4,229.30 1,030.37 128.32 246.22
INT027 918.66 -5,116.69 658.05 -571.53 -4,416.05 699.00 699.65 982.21 127.90 208.98 214.61 699.90 4,848.99 -625.39 157.74 275.11 3,556.93 307.22 1,118.40 740.61 216.88 -4,809.27 698.89 278.03 231.31
INT028 712.30 -2,646.26 697.91 49.38 -812.56 -1,974.84 793.36 -256.66 979.47 176.79 208.63 4,812.52 224.54 344.69 199.90 144.60 6,616.84 214.36 1,251.83 235.36 698.74 32.89 197.96 677.57 235.61
INT029 699.32 153.73 950.36 699.70 593.04 699.30 903.68 1,010.40 117.94 306.28 233.47 261.55 930.41 160.01 -5,356.04 6,437.11 699.42 -572.62 4,284.10 699.97 798.39 693.41 -54.54 224.67 123.04
INT030 697.46 70.40 929.32 699.10 559.21 699.00 816.03 990.23 81.56 778.49 200.41 202.05 699.89 868.73 209.43 -549.57 5,932.24 699.51 342.48 7,001.00 700.00 1,033.71 686.98 -532.76 700.00 699.62
INT031 686.51 285.87 973.45 391.29 -370.23 699.00 701.07 1,017.57 -119.19 388.30 745.10 203.33 233.10 320.12 1,393.72 155.99 3,172.39 -10.07 5,387.87 390.72 720.54 797.90 699.98 714.94 699.81
INT032 684.87 304.00 974.84 325.13 683.31 39.98 1,100.73 699.11 1,001.08 -2,954.57 700.00 81.06 194.20 1,448.86 98.94 699.00 -1,875.58 160.81 5,312.17 699.33 214.51 722.17 865.69 779.02 839.35
INT033 568.83 699.00 986.09 331.40 694.25 5,520.39 1,094.54 1,780.01 1,019.80 -5,487.56 6,388.33 699.74 -58.09 218.63 813.45 71.72 5,482.87 -12.77 4,263.55 346.39 697.67 1,017.45 769.65 697.94 828.33 5,341.59 749.81
INT034 211.04 316.20 992.64 699.07 707.20 1,455.15 816.27 991.13 207.48 1,184.14 -192.87 699.90 699.98 40.96 0.44 699.08 26.92 2,956.54 357.69 698.65 887.09 699.95 697.23 1,000.03 5,785.64 743.15 699.79
INT035 992.64 699.75 573.48 1,130.93 756.96 1,013.10 883.20 219.34 698.44 698.99 -5.33 375.10 699.00 200.90 385.87 1,240.89 698.94 798.55 696.76 1,035.47 903.34 816.69 699.97
INT036 -2,395.60 991.64 229.39 605.44 1,100.89 699.00 214.30 -2,678.57 235.27 882.46 210.54 246.73 355.43 -188.36 290.68 432.26 502.17 995.87 716.86 168.50 698.90 688.52 1,459.14 991.88 363.00 281.38
INT037 -495.18 -1,705.67 943.13 868.95 546.00 546.00 1,100.59 6,228.79 991.28 -523.94 223.10 4,593.95 720.93 -100.00 174.45 -470.31 255.70 228.68 698.84 382.93 327.31 236.44 917.56 701.17 4,267.67 687.46 788.29 927.85 296.45
INT038 302.64 699.00 699.82 546.00 2,790.04 3,059.38 3,929.48 206.30 1,689.62 699.15 6,135.24 211.38 196.19 341.00 698.83 309.27 390.86 371.09 700.00 5,173.72 699.84 686.51 1,905.68 929.42 308.57 216.53
INT039 167.54 -355.62 198.80 699.43 546.00 -2,003.09 1,370.52 354.01 6,499.95 57.55 194.36 698.84 5,430.60 218.88 694.69 699.57 432.28 698.81 220.60 357.22 337.23 708.46 5,180.66 698.90 697.74 836.43 965.13 698.38 283.79
INT040 -3,499.13 231.01 873.10 559.23 390.00 -2,393.90 6,500.00 -146.80 165.87 208.79 699.24 202.93 -2,851.52 -1,220.43 -803.00 -2,067.92 698.77 15.34 209.52 182.56 287.88 844.10 696.37 799.15 1,080.24 197.09 256.04
INT041 -3,080.91 -250.64 557.21 578.97 546.00 546.00 699.17 1,340.40 3,423.41 -164.37 210.68 228.69 761.85 6,808.03 -949.28 230.37 -795.24 698.57 -9.76 251.56 163.76 5,255.39 6,253.79 698.89 841.67 2,843.92 314.10 365.29
INT042 -2,230.07 324.52 2,018.53 591.22 546.00 546.00 699.67 1,944.99 2,482.23 -3,040.89 433.50 267.80 600.00 6,009.49 203.76 300.72 352.54 279.48 775.64 190.00 143.71 210.55 -2.76 915.16 5,382.59 5,111.37 841.50 5,037.35 406.37 229.37 386.85
INT043 -4,499.00 -3,478.28 -2,215.26 549.95 546.00 1,243.06 213.19 924.72 -623.51 699.87 -754.97 147.39 880.54 201.69 1,096.03 127.42 -2,904.35 -2,879.85 144.93 218.09 -162.15 933.78 699.88 1,627.43 843.40 699.00 700.00 277.11
INT044 -2,094.51 547.86 558.90 546.00 699.79 146.30 925.56 -520.08 193.82 -998.11 880.54 696.22 -2,611.20 299.58 -1,435.96 151.88 699.00 -930.25 936.65 699.68 894.01 1,061.79 3,753.51 810.67 365.50
INT045 578.31 554.69 549.98 109.76 546.00 388.20 264.80 880.85 32.22 699.10 843.22 155.66 785.44 -2,729.70 211.80 699.60 -2,851.20 221.38 799.14 1,142.26 843.50 699.72 663.51 -1,271.78 713.66
INT046 638.85 575.82 553.05 63.43 546.00 699.00 391.77 830.51 -3,032.69 699.00 189.01 843.22 193.10 1,307.16 -4,999.00 270.10 692.05 231.73 191.51 934.95 1,272.69 968.18 689.94 -2,593.75 1,333.44
INT047 549.84 566.55 565.41 -100.10 546.00 699.00 203.95 1,061.65 -58.97 699.00 168.41 188.38 -217.00 198.00 -4,988.94 -4,513.24 207.42 699.00 390.00 262.40 706.26 927.71 691.67 966.22 799.81 -747.64 405.08
INT048 550.00 549.97 588.24 -276.96 624.63 699.63 191.45 391.86 -2,590.80 699.00 -1,037.85 164.62 842.22 194.57 -1,319.24 -6,070.23 -58.43 699.00 -2,138.98 227.33 788.51 854.74 694.96 962.11 805.11 -25,264.96 695.23
INT049 -139.43 181.81 563.38 550.00 40.14 4,215.79 1,372.75 92.53 667.44 -2,313.27 369.30 599.92 -456.99 218.69 191.29 21.72 806.42 -611.20 322.07 288.41 841.90 664.43 931.13 969.13 -472.19 723.86
INT050 -444.10 183.57 644.94 549.84 -452.62 6,499.88 699.00 78.11 670.27 -590.03 649.00 599.92 173.44 399.80 159.18 197.79 699.73 -5,319.35 163.08 806.53 190.20 203.75 374.96 820.96 663.95 931.13 572.43 620.00
INT051 3.56 -3,550.77 607.55 235.70 130.34 1,757.14 699.55 153.12 665.00 88.91 203.99 599.90 -27.26 386.93 -253.46 695.76 1,595.37 -6,420.06 -538.16 186.74 666.39 180.54 195.24 384.98 1,049.68 664.20 430.55 539.00 -292.91 661.68
INT052 -81.96 -2,872.95 561.99 569.16 8.31 524.28 1,406.94 699.00 674.52 93.31 194.02 599.75 -40.53 700.00 87.65 677.98 1,149.01 -6,383.98 -3.52 661.00 -369.21 702.14 403.20 1,004.27 662.25 698.93 580.79 -495.49 2,764.82
INT053 -154.55 -2,850.21 549.88 549.66 -1,575.53 524.57 699.00 -51.03 662.05 92.18 599.92 -361.39 381.24 689.42 1,129.48 -3,906.93 509.00 -38.16 89.39 -4,569.67 175.89 202.01 797.44 600.00 698.95 512.00 698.69
INT054 13.52 -1,274.12 550.00 548.09 -1,364.14 540.19 699.18 659.00 2,238.43 162.70 -198.48 599.96 600.00 250.25 73.85 699.70 739.75 687.41 509.00 198.00 274.15 -3,271.99 172.91 217.23 921.69 600.00 698.89 1,619.65 -93.39 4,178.72
INT055 2.79 -403.47 572.10 548.94 -1,521.98 520.22 235.56 659.00 659.51 165.20 167.26 599.78 256.33 324.89 384.19 3,366.60 1.26 692.04 509.00 347.55 214.28 -826.35 696.20 2,215.07 1,021.90 667.76 4,226.67 6,628.15
INT056 -73.55 -463.68 207.70 549.98 -490.72 514.35 231.78 659.00 608.00 187.52 -3,002.87 605.13 -563.51 263.12 612.00 699.20 694.75 760.58 445.01 291.32 600.00 -1,070.49 676.02 808.40 895.19 170.95 691.73 1,162.59 5,750.43
INT057 -4,370.71 -124.19 550.00 549.04 -1.35 -46.72 240.52 699.00 1,338.29 600.00 -93.83 -278.91 -438.77 -101.77 197.94 205.56 4,716.77 129.39 690.92 375.56 600.00 -806.01 699.89 203.69 713.50 697.08 835.87 758.30 4,226.66 676.77
INT058 -5,696.79 -697.88 550.00 569.29 187.29 368.54 696.79 1,886.81 600.00 16.66 179.04 196.18 195.61 211.37 697.41 645.72 134.25 672.45 245.43 163.70 197.74 700.31 699.00 797.54 744.61 713.02 2,026.11 6,499.96 683.15
INT059 -5,557.58 -1,367.17 168.09 555.66 196.74 359.98 781.66 600.00 668.32 12.94 187.05 -2,320.48 600.00 205.57 620.00 163.54 776.10 243.05 -717.60 151.73 681.77 666.22 825.87 599.90 831.27 1,496.03 0.00 747.88
INT060 -3,021.91 42.86 550.00 569.59 546.00 54.23 699.00 780.84 600.00 8.37 23.16 -542.31 600.00 39.72 209.74 15.84 620.00 -3,749.58 783.62 -5,245.04 87.38 -376.85 73.78 662.00 664.00 681.48 570.00 3,720.18 773.85 -4,520.83 1,783.02
INT061 66.13 196.49 338.12 -230.10 -375.77 3,652.61 685.00 600.00 36.01 16.47 -124.54 190.00 -47.30 209.08 233.17 676.46 1,715.17 -3,759.64 863.19 -1,581.83 -1,945.91 731.16 2,240.07 776.29 580.09 773.11 798.16 -1,546.43 303.31
INT062 -3,344.06 549.41 550.00 556.51 -1,690.83 4,474.06 697.63 600.00 600.00 1.66 -1,788.56 190.00 79.82 293.03 663.25 -5,531.12 623.30 -4,296.39 691.86 -4,742.93 166.95 403.00 716.84 780.47 643.75 696.79 798.16 364.16 4,431.57
INT063 182.00 550.00 559.98 644.48 15.82 1,936.01 820.75 154.02 600.00 163.52 190.00 -856.91 664.12 694.36 -4,187.02 1,967.93 -1,800.10 379.04 -2,361.99 -4,320.46 733.60 1,037.97 782.01 641.39 699.74 796.16 304.00 3,584.61
INT064 18.29 549.62 550.00 589.82 546.00 -357.20 699.34 838.84 600.00 -2,468.71 600.00 -59.60 312.42 -4,477.02 681.98 204.04 387.64 -6.78 -3,732.77 700.78 778.03 885.96 665.26 699.99 795.16 304.00 829.22
INT065 26.17 -4,172.63 -66.92 265.79 -1,453.40 699.00 2,188.16 -1,782.99 16.51 -559.67 599.94 600.00 -1,049.78 699.59 -3,740.81 632.09 266.27 397.30 205.87 1,886.78 390.23 394.00 665.09
INT066 -1,593.17 550.00 394.91 246.45 -4,669.84 699.00 1,221.00 600.00 600.00 161.17 599.89 600.00 642.81 196.15 -278.87 871.31 -1,047.38 -162.55 636.99 33.72 -2,402.22 872.49 297.35 1,049.45 660.82 943.05 -490.23 394.00 662.84
INT067 16.23 53.55 268.17 199.58 647.45 -4,584.57 769.71 893.38 600.00 126.57 599.93 625.33 192.02 2,008.28 -2,041.26 5,809.62 -859.22 492.72 154.75 -1,359.66 696.36 840.47 696.21 6,550.64 -199.10 590.41 1,631.00
INT068 -1,872.01 638.00 548.30 5,996.63 -3,313.76 903.88 859.48 677.45 127.01 116.17 643.49 600.00 692.36 2,896.66 6,834.80 698.99 660.81 197.04 697.94 828.98 3,863.26 2,246.33 -908.95 198.56 871.15
INT069 37.10 -2,426.52 573.02 -1,319.13 -6,166.71 1,030.03 1,024.83 235.38 673.98 176.32 199.61 699.56 699.57 8.88 6,236.88 249.24 -419.96 320.47 -550.69 1,046.46 246.50 -6,468.18 230.55 116.82
INT070 57.99 121.44 395.86 540.00 -6,950.07 1,030.90 939.09 681.31 148.77 387.46 677.32 2,317.42 356.56 252.65 516.62 0.67 319.49 0.55 5,257.26 354.50 -2,132.01 293.59 385.95
INT071 18.29 41.45 693.99 252.94 -6,957.50 1,030.82 965.16 308.51 3,922.61 699.92 699.44 390.00 198.22 -44.38 54.31 604.68 0.50 379.91 0.70 6,881.73 847.83 201.63 44.82 698.87
INT072 249.77 325.75 2,422.15 588.20 -4,821.08 1,030.90 1,577.44 -1,378.13 2,544.03 700.00 -84.98 6,603.67 692.52 125.58 3,915.07 0.60 384.12 0.70 2,102.72 7,001.00 1,155.83 -29.08 0.00 650.09
INT073 213.79 -1,254.15 690.20 -5,748.38 -339.56 699.00 994.33 104.36 -1,286.40 -884.78 -4,938.64 -108.46 -1,832.16 -4,979.88 217.02 790.07 0.00 94.47 -98.74 1,236.33 699.92 -3,661.94 -3,635.52
INT074 680.65 23.21 698.36 -3,793.16 -2,286.83 850.71 999.66 -65.04 -2,826.29 200.63 172.42 -878.05 116.76 346.36 321.94 -4,541.29 475.00 673.02 5,287.94 306.60 -44.21 1,120.93 949.40 699.95 -946.37 -395.95 98.68
INT075 216.07 324.38 1,751.63 752.54 326.66 -741.73 4,872.72 999.42 -993.81 -699.66 -6,323.40 21.24 230.76 -4,628.06 67.25 105.51 -1,232.06 240.84 5.77 4,791.60 388.13 6,349.55 856.83 4,227.56 3,805.99 797.58 3.77 239.14
INT076 913.81 268.09 3,881.02 5,874.54 333.06 8,434.82 2,224.40 989.65 -2,593.01 26.80 -1,076.76 1.05 159.59 91.37 326.72 291.09 4,214.04 79.32 4,971.41 6,795.08 6,089.01 6,500.00 4,606.12 1,006.96 -15.15 2,953.13 -213.85
INT077 700.00 1,176.16 -618.66 5,260.49 -5,000.00 -323.26 -0.21 44.21 -438.02 -2,389.42 -1,227.59 -2,972.28 -4,591.12 -2,424.90 140.23 156.30 5,061.10 -4,877.14 3,357.61 1,246.93 5,328.63 2,482.44 -140.35 1,406.61 -3,939.80
INT078 200.67 903.57 1,118.25 -53.46 6,499.91 1,028.03 -2,415.39 172.69 -44.47 26.00 -761.93 293.63 -112.07 -4,367.39 351.49 292.37 6,499.48 -1,129.12 4,872.38 2,782.82 6,328.99 3,397.94 1,913.51 1,341.57 -275.24 1,767.24 -3,127.72
INT079 2,119.30 1,073.95 4,732.70 1,139.88 167.37 2,407.87 -30.32 2,331.09 -811.56 -41.62 -246.84 -303.34 -2,518.29 159.70 699.84 43.12 -1,609.43 282.93 309.03 1,614.34 1.96 6,499.00 4,420.21 6,527.05 1,113.77 1,190.54 2,622.64 -24.56 803.08 272.12
INT080 3,377.34 1,224.55 6,125.20 1,222.00 156.10 2,628.94 258.76 6,499.89 101.22 142.18 -286.26 151.18 32.40 101.32 2,494.65 1,525.81 254.76 1,100.99 1.52 4,096.92 4,117.78 6,909.66 2,804.69 2,069.37 2,598.47 -76.15 1,086.61 329.31
INT081 724.94 238.42 1,193.65 1,280.22 169.82 1,593.06 -53.45 1,747.60 102.51 -239.28 140.91 199.87 -449.59 -477.10 -700.04 51.54 134.14 309.41 194.90 1,469.30 153.78 1,970.32 2,486.21 2,142.09 1,186.93 -90.65 702.87 260.43
INT082 1,628.09 1,118.99 1,252.05 155.95 1,491.16 196.63 6,184.23 104.29 160.37 151.01 203.82 -23.20 118.09 333.91 -184.29 33.22 227.91 290.99 -3,242.38 1,743.57 138.51 1,919.29 -2,346.65 1,194.74 1,185.12 291.81
INT083 1,710.17 1,347.57 1,456.77 201.79 2,361.21 140.38 6,076.74 102.48 144.59 -35.03 -172.38 241.65 196.93 306.30 22.16 3.94 212.29 390.00 288.70 1,492.81 -5.34 1,944.13 1,882.64 411.38 -3,835.87 -1,413.87 1,164.07 3,392.70
INT084 1,629.07 677.58 1,184.66 1,665.41 280.21 2,040.17 171.06 5,977.09 -95.71 167.17 160.85 23.11 329.67 8.10 52.02 -781.57 355.02 281.29 -531.77 2,341.45 3,016.68 1,291.18 252.74 -1,119.44 1,289.49 713.37 6,499.00
INT085 1,992.62 -37.14 1,781.95 150.99 1,361.36 1,049.68 -105.40 102.97 -31.61 191.01 699.95 693.83 63.32 4,074.64 -4,999.72 304.60 278.21 370.57 2,074.20 877.81 1,908.32 383.49 -870.45 1,538.38 734.73 2,687.82 699.22
INT086 2,680.93 -190.49 1,434.31 211.87 -50.27 1,163.32 39.19 5.86 126.49 700.00 698.19 3.25 259.97 -2,793.57 284.88 314.89 294.38 2,046.90 4,616.70 6,352.47 262.19 283.42 1,266.26 1,227.91 2,314.08 770.82
INT087 1,312.36 -254.73 328.33 1,300.75 196.94 186.57 1,189.59 44.43 -272.27 157.82 699.95 74.23 223.80 -425.54 281.90 -4,002.66 414.09 370.21 2,258.18 2,505.37 7,001.00 322.34 267.39 208.77 890.80 1,800.83 317.36
INT088 1,425.01 27.77 1,289.80 11.05 193.04 848.01 50.35 284.94 201.33 319.45 162.16 699.68 258.79 103.66 303.64 35.71 -409.34 -4,085.70 369.72 208.80 2,648.17 2,806.66 7,001.00 289.20 200.04 280.26 1,012.50 5,094.04 314.15
INT089 3,091.29 1,109.39 6,451.97 114.69 263.55 3,670.75 -93.88 165.56 251.33 112.24 1,366.57 687.44 173.95 -118.70 -22.85 1,035.61 918.33 249.64 1,595.02 6,726.34 7,001.00 377.85 -200.29 1,674.45 1,135.39 6,398.52 1,294.13
INT090 1,436.04 1,349.91 4,635.56 171.85 116.44 -72.31 213.11 25.57 114.93 1,344.38 -2,123.94 -29.30 -748.96 192.32 311.47 98.79 1,638.39 6,582.62 2,355.83 372.54 -209.09 1,003.90 4,225.15
INT091 16.63 700.00 699.98 82.74 102.51 215.07 123.39 -2,763.92 -331.75 132.68 1,283.10 390.00 -4,780.45 -121.65 -3,008.98 118.45 374.96 200.10 4,939.46 1,480.53 1,772.88 264.06 360.73 350.14 259.60
INT092 -635.77 47.26 699.78 -2,210.67 305.56 1.48 -0.11 -239.75 -5,799.91 -3.78 251.19 -95.17 1,385.97 143.76 -594.24 -72.31 189.28 -4,999.00 142.23 -1,782.17 -168.17 2,266.42 240.52 158.76 23.89 -2,356.79 65.73 302.71
INT093 3,311.62 1,215.05 5,466.05 97.64 143.67 155.35 -1,546.46 102.82 1,149.14 151.79 1,679.30 2,214.93 133.28 -1,070.20 1,052.78 106.61 2,287.07 4,763.14 2,852.61 53.89 4,098.64 -1,153.22 940.81
INT094 1,497.47 1,081.78 700.00 796.20 215.32 170.71 733.61 116.72 170.78 1,536.31 699.88 328.36 -76.79 1,864.17 285.07 268.02 1,198.36 2,428.90 3,007.72 699.97 699.98 225.38 330.71 890.07
INT095 700.00 699.97 196.66 22.31 220.96 212.69 317.02 698.65 822.59 698.77 360.19 195.06 1,034.98 645.44 240.28 238.80 3,377.28 200.66 699.85 699.13 306.14 243.06 922.86
INT096 465.77 699.93 -542.67 39.96 146.55 -1,210.54 198.26 306.19 699.56 61.61 697.51 179.43 -690.44 163.40 -588.26 -262.44 -23.50 245.38 244.64 65.17 998.67 -2,599.55 -196.88 699.99
Pret Final Unic din luna Iulie 2025
1/1