PDF PAGE 1
Data: 04.11.2025
lei/MWh
Interval/Data 01.09.2025 02.09.2025 03.09.2025 04.09.2025 05.09.2025 06.09.2025 07.09.2025 08.09.2025 09.09.2025 10.09.2025 11.09.2025 12.09.2025 13.09.2025 14.09.2025 15.09.2025 16.09.2025 17.09.2025 18.09.2025 19.09.2025 20.09.2025 21.09.2025 22.09.2025 23.09.2025 24.09.2025 25.09.2025 26.09.2025 27.09.2025 28.09.2025 29.09.2025 30.09.2025
INT001 716.25 290.11 345.36 625.15 117.29 793.98 107.79 156.06
INT002 371.19 699.77 391.36 312.32 376.78 332.29 355.55 866.08
INT003 384.23 369.05 125.82 162.79 749.25 250.64 335.09
INT004 296.18 115.58 124.58 49.14 45.73 55.63 143.42 126.27
INT005 690.35 859.71 1,667.86 692.00 364.57 100.02
INT006 674.10 398.46 699.05 699.53
INT007 1,128.41 699.91 827.97 679.41 718.62 201.41
INT008 698.75 418.61 699.04 112.46 106.16 74.36 128.91 150.90
INT009 699.45 333.94 250.20 309.48 145.66 269.97 799.68
INT010 332.89 699.21 353.87 699.55 152.61 554.03
INT011 699.92 699.61 394.41 199.53 153.72 76.17
INT012 696.70 94.76 142.59 785.95 140.56
INT013 630.00 364.56 337.60 96.40 228.29 155.56 71.83 295.63 320.30 206.39
INT014 698.74 349.54 51.21 450.00 120.49 291.41
INT015 387.03 82.27 113.71 119.40 367.27 335.79 713.53
INT016 40.55 88.24 110.00 695.36
INT017 271.57 129.03 521.00 511.54 106.57 349.86
INT018 699.79 107.37 87.36 117.05 408.31 134.21
INT019 118.88 699.25 297.17
INT020 227.60 664.09 127.68 53.42 97.32 222.88 112.57 114.76
INT021 485.00 129.33 612.40 116.02
INT022 318.39 698.99 362.29 330.39 699.39 99.98 582.00 112.34
INT023 183.78 399.80 327.81 698.64 698.54 699.85 539.00 325.33
INT024 220.48 313.48 431.07 366.97 692.91 266.66 424.61
INT025 699.30 664.00 109.56 -101.08 475.00 178.12 794.43 409.09 56.36
INT026 127.17 699.80 125.53 140.20 233.09
INT027 265.52 698.72 699.44 295.22
INT028 686.31 695.01 796.98 283.63 721.00 776.20
INT029 222.46 452.57 -85.75 598.00 29.64
INT030 698.91 437.17 398.80 329.28 250.15 775.51
INT031 373.60 473.71 316.65 849.86 417.82 528.00
INT032 608.78 774.37 438.70 431.36 646.77
INT033 453.42 387.58 263.79 691.89 799.00 799.00
INT034 466.96 357.87 278.46 233.48 380.99
INT035 299.74 492.40 196.89 65.05 235.51 147.37
INT036 145.49 892.73 149.92 139.08 128.47 234.19
INT037 258.37 213.93 140.66
INT038 469.48 205.03 -1,290.25 474.75 115.52
INT039 531.93 -78.53 -1,438.15 195.01 38.91 125.61
INT040 118.61 159.84 170.83 199.93 173.32
INT041 429.75 0.00 715.00
INT042 300.57 395.21 -181.84 59.00 387.97
INT043 -35.62 174.11 194.16 -624.88 87.75
INT044 190.48 -86.40 1,663.23 234.89 1,523.02 -231.46 -783.46 87.96 169.21
INT045 251.73 83.84 153.36 -258.05 -463.75 95.71 116.14 186.18
INT046 251.32 136.28 166.43 105.78 -764.95 113.30
INT047 254.51 192.27 128.96 114.25 23.03 447.82 100.88 167.15
INT048 228.43 178.43 -449.21 86.46 -1.16 131.27
INT049 243.22 -1,052.73 63.78 450.47 106.69
INT050 141.91 191.89 177.01 450.74
INT051 -56.31 450.00
INT052 205.84 462.03 559.06 -1,075.90
INT053
INT054 339.88
INT055 0.00
INT056 -354.16
INT057 -39.96 171.70
INT058 -165.60 -49.92 141.93
INT059 -302.80 38.90 -1,551.08
INT060 18.30 27.24 486.51
INT061 389.39 175.86 -1,165.96 -18.84 450.08 -1,862.15 54.87 128.54
INT062 262.88 42.96 94.29 140.92 306.97 248.69
INT063 43.99 94.38 121.40 197.96 34.64 999.00
INT064 107.43 39.65 2.20
INT065 559.52 -74.99 327.52 -2,000.88 8.09 -331.78 -760.39 285.58
INT066 321.28 100.11 261.31 184.30 -786.48 151.61
INT067 225.71 173.56 198.46 155.76 1,564.41
INT068 145.56 530.59 168.37 318.39 263.81 350.52
INT069 615.90 186.13 72.14 395.08 129.82 0.00 -121.20 978.40 129.31
INT070 187.21 114.22 258.86 366.34 925.57
INT071 433.47 385.75 277.93 541.65 451.07 963.16
INT072 605.78 1,092.97 468.97 166.52 399.93
INT073 129.97 346.32 187.23 197.17 455.35 73.75 94.84
INT074 357.17 343.89 491.31 534.52 403.70 418.99 356.38 278.26
INT075 375.34 436.73 400.60 621.37
INT076 5,005.42 431.45
INT077 839.20 364.68 147.83 59.15 368.71 2,439.87
INT078 398.49 543.88 1,322.98 758.59
INT079 372.09 966.55 369.10 494.18 369.70 914.05 1,693.73
INT080 402.23 25.31 321.13
INT081 332.88 799.91 326.45 485.21
INT082 445.41 149.11 1,040.56 420.27 173.78
INT083 433.45 1,367.58 401.01 1,629.63 409.37 1,657.74
INT084 485.98 1,842.90 807.15 724.26 763.44
INT085 -31.74 759.97 135.90
INT086 431.03 350.61 199.53 214.73 201.20 334.83 324.00 188.85 797.90
INT087 699.83 154.35 700.00 345.05 440.92 800.00 195.21 146.37 798.09 928.20
INT088 699.25 1,484.71 149.03 160.63 180.13 703.43 150.50 138.20 131.49
INT089 90.79 797.43
INT090 163.11 423.34 700.00 407.90 396.24 798.31 852.02
INT091 699.97 381.00 107.71 180.34 700.00 316.58 825.10 797.00
INT092 700.00 700.00 85.11 156.85 301.46
INT093 162.44 141.24 120.07 162.79 412.10 151.91
INT094 320.52 760.24 354.02
INT095 146.18 313.89 800.00 506.59
INT096 700.00 151.69 223.10 -216.13 224.31
Pret final de deficit din luna Septembrie 2025
1/1