PDF PAGE 1
Data: 12.02.2026
lei/MWh
Interval/Data 01.02.2025 02.02.2025 03.02.2025 04.02.2025 05.02.2025 06.02.2025 07.02.2025 08.02.2025 09.02.2025 10.02.2025 11.02.2025 12.02.2025 13.02.2025 14.02.2025 15.02.2025 16.02.2025 17.02.2025 18.02.2025 19.02.2025 20.02.2025 21.02.2025 22.02.2025 23.02.2025 24.02.2025 25.02.2025 26.02.2025 27.02.2025 28.02.2025
INT001 -410.08 370.97 995.49
INT002 394.60 355.39 910.84
INT003 700.00 406.33 318.23 872.58 876.69
INT004 121.32 1,270.05 188.01 371.69 874.49 901.76 194.29
INT005 992.94 535.22 416.92 486.91
INT006 894.80 374.62 362.74
INT007 999.64 383.65 978.56 198.62 997.42 444.63
INT008 897.40 169.28 141.15
INT009 840.00 378.93 414.64 1,000.00
INT010 750.00 379.28 174.42 182.06
INT011 945.18 154.65 876.51 840.00 380.82
INT012 872.70 523.20
INT013 1,078.91 322.83
INT014 163.29 183.99
INT015 225.74 279.84
INT016 168.60 170.06 450.83 174.04 660.00
INT017 700.00 112.62 888.18 997.34 552.16 390.68
INT018 982.36 192.78 682.50 795.00
INT019 396.58 272.31 201.87 997.32
INT020 243.14 338.82
INT021 799.00 478.84 715.47 390.41 975.42
INT022 263.48 956.46 173.30 1,093.99 1,119.22
INT023 360.37 283.17 900.48 999.50 999.42 1,149.10
INT024 360.63 119.38 301.15 315.59
INT025 1,158.22 1,962.02
INT026 112.81 456.97 383.92
INT027 331.84 886.48 1,069.08 991.05 504.11 3,794.35 899.43
INT028 365.41 172.71 340.04 -507.46
INT029 936.27 993.85 1,065.14 899.72
INT030 15.98 990.50 971.06 445.92 58.55 893.15
INT031 1,029.88 1,230.63
INT032 985.43 305.60 1,022.46
INT033 1,001.31 927.04 421.07 989.48 1,298.70 1,896.95 919.07 249.67
INT034 993.59
INT035 571.17
INT036 657.00 479.44 2,445.37 516.12 425.14 697.40 185.59
INT037 955.77 66.39 385.44 993.78
INT038 1,522.45 921.06 307.78 195.43 1,001.60 384.40 862.50 445.97
INT039 6,492.41 144.51 414.36
INT040 1,994.99 1,130.70 1,336.15 3,129.71 394.54
INT041 394.93 1,306.17 146.96 5,287.22 1,413.53 1,165.05
INT042 896.61 1,508.43
INT043 166.99 68.64 1,177.89
INT044 2,776.80 673.63 850.83 1,044.50 796.71 1,937.35 325.09 381.47 192.61
INT045 1,626.24 496.37 316.48 723.28 32.52
INT046 932.75 312.98 -421.03 96.07
INT047 963.36 694.65 1,192.26 153.43 193.42 532.39 79.04 1,124.91
INT048 840.64 181.06 26.19 160.62 312.19 848.79 1,256.45
INT049 681.70 935.66 266.31 184.06 624.50 287.69
INT050 284.15 297.18 401.32
INT051 352.51
INT052 1,285.99 327.19 840.00 728.51 377.27
INT053 1,265.17 870.19 440.70 245.97 497.34
INT054 1,410.00 210.50 431.05 216.26
INT055 5.57 174.58 704.01
INT056 4,125.66 71.15 167.89
INT057 4,308.51 163.68 163.37 151.42 819.08
INT058 3,558.59 175.90 183.03 5,928.51 386.47 3,988.37 163.06 367.16
INT059 133.68 272.02 169.79 826.01 240.33 455.85
INT060 112.40 455.18 1,055.95 91.09 1,163.98 241.54
INT061 363.47 1,068.16 242.29
INT062 154.08 888.60 840.00 459.83
INT063 180.03 331.14 3,809.96 1,091.03 3,401.30 3,946.14 494.00
INT064 130.38 97.64 1,695.03 5,714.34 259.60 1,681.38 5,774.42 5,588.28 5,505.87
INT065 966.64 472.00 444.86
INT066 276.49 6,626.95 3,384.07 121.28 448.70 6,199.22
INT067 995.02 1,768.29 3,640.55 2,928.52 415.66 899.70 1,296.91 4,592.95 569.45 4,039.58
INT068 5,398.74 4,157.71 6,359.64 408.72 373.67 903.05 485.65 3,650.76 1,078.54
INT069 990.19 1,666.75 1,296.10 1,209.87
INT070 1,572.83 486.39
INT071 567.25 600.28 443.44 409.58 515.17 528.58
INT072 996.68 1,021.50
INT073 998.05 421.34 894.89 1,447.08 996.88
INT074 983.99 395.37 737.52 3,246.61 986.13
INT075 387.03 998.98 899.13 2,200.49
INT076 888.48 1,079.83 488.70 755.69
INT077 469.30 356.67 366.25 838.15 533.76 5,741.30 1,567.31
INT078 998.74 381.09 328.34 391.04 897.10 517.92 1,462.81
INT079 997.27 935.12 453.62 895.76 384.67 1,159.23
INT080 203.04 334.73 917.95 887.28 423.50 1,069.60
INT081 340.74 18.86
INT082 255.06 367.41 1,335.34 898.07 898.64 360.65
INT083 441.54 195.50 384.13
INT084 462.00 886.67 883.68 912.52 877.75
INT085 898.69 898.74 281.13
INT086 418.41 995.88 389.54 399.90 375.27
INT087 988.77 336.14 411.64 840.00
INT088 982.42 972.91 896.23 840.00 1,236.29
INT089 1,329.07 -196.75
INT090 999.28 422.00 1,181.91 1,097.59 997.17
INT091 239.94 995.19 866.78 897.38 856.00 112.02 349.49
INT092 998.29 893.01 899.00 297.01 325.50 890.58 895.56 226.75
Pret final de deficit din luna Februarie 2025
1/1