PDF PAGE 1
Data: 26.01.2026
lei/MWh
Interval/Data 01.12.2025 02.12.2025 03.12.2025 04.12.2025 05.12.2025 06.12.2025 07.12.2025 08.12.2025 09.12.2025 10.12.2025 11.12.2025 12.12.2025 13.12.2025 14.12.2025 15.12.2025 16.12.2025 17.12.2025 18.12.2025 19.12.2025 20.12.2025 21.12.2025 22.12.2025 23.12.2025 24.12.2025 25.12.2025 26.12.2025 27.12.2025 28.12.2025 29.12.2025 30.12.2025 31.12.2025
INT001 -3,654.50 20.73 4,938.02 278.52 740.47 137.39
INT002 662.52 700.96 769.56 723.78 644.22 781.18 -111.09
INT003 11.63 316.00 280.95 347.80 162.29 353.96 -21.47
INT004 127.78 -1,112.37 731.12 285.02 323.73
INT005 152.91 339.58 297.00 597.16 503.43 895.44 554.73 129.52 195.41 649.72
INT006 710.61 688.86 762.62 753.14 117.47 118.54 -28.25 141.31
INT007 143.02 710.99 706.92 809.79 776.61 354.72 647.19
INT008 715.63 772.24 810.49 822.71
INT009 1.76 821.82 878.77 295.29 814.06 141.16
INT010 334.52 2.05 744.21 720.20 104.60
INT011 671.66 632.22 325.58 694.58
INT012 712.07 123.47 0.00 831.46 69.35 727.79 400.00 575.95
INT013 380.66 128.00 298.52 633.97 708.06 126.61 634.19 641.59 59.00
INT014 -4,195.16 139.79 0.00 401.00 255.38 646.50 790.65 136.08 678.77 664.41
INT015 257.13 400.11 159.71 148.44 803.96 648.41
INT016 615.67 0.74 686.49
INT017 -3,583.94 772.41 347.32 149.27 338.54 372.69 893.45 129.08 400.00 602.80
INT018 125.25 544.28 125.41 294.97 719.91 136.54 346.45 400.00 400.00 771.37
INT019 154.56 585.57 144.41 89.32 115.62 703.53 709.10 752.56
INT020 643.60 9.03 546.06 156.78 124.96 756.05 744.78 844.73
INT021 327.25 847.32 185.00
INT022 257.13 329.52 295.60 291.48 798.12 359.91
INT023 764.77 793.88 149.53 396.13 662.79 -5.85
INT024 282.96 348.58 334.74 764.74 815.92
INT025 -8.53 797.56 708.19 697.51
INT026 465.84 -39.83 62.14 166.15 729.38 391.97
INT027 570.22 127.27 271.96 699.03 360.00 320.77 685.21
INT028 2,850.56 623.41 315.14 755.99 44.72
INT029 2,361.07 379.73 400.00 261.03 774.24
INT030 255.06 0.70 834.27 1,667.23 251.01 187.57 320.53 623.93 119.68
INT031 137.44 777.83 139.06 251.06 364.40
INT032 829.17 835.21 773.01
INT033 810.42 937.40 293.09 297.20 819.89 152.96 436.66
INT034 400.00 304.93 360.00 785.99 758.27 134.66 745.16 304.85
INT035 330.43 326.63 332.30 832.16 400.00 707.10
INT036 382.70 934.70 669.56 709.46
INT037 263.49 348.51 189.00 720.05
INT038 1.10 395.52 833.08 259.76 315.10 773.63 101.47
INT039 343.35 695.16 264.62 400.00
INT040 212.40 843.86 385.20 74.87
INT041 2.16 86.06 -58.05 986.71
INT042 8.68 400.00
INT043 400.00 798.45 -32.94
INT044 -13.56 -83.87 400.00 44.08 -427.38 -4.38
INT045 15.09 17.61 0.75 -88.42 108.10 -492.23
INT046 277.35 0.70 -588.52 -164.24
INT047 892.16 -89.63 -1,175.12
INT048 257.51 140.40 -1,576.07 -499.12 329.68 0.10
INT049 0.70 5.83 -94.53 -2,673.80 938.57 291.40 146.00
INT050 -138.76 1,001.41 -6,085.73 1.14
INT051 -2,125.94 251.13 400.00 145.45 -314.15
INT052 -194.84 368.75 -211.75 175.27 -325.04
INT053 6.80 -157.00 306.82 45.90
INT054 4.08 -761.50 327.76 363.55 47.50 -123.85
INT055 327.57 345.58 139.49 0.39
INT056 15.94 401.00 627.17 110.10 7.60
INT057 2.32 400.00 -2,365.78
INT058 400.00 0.60 0.00 200.00 -486.00 -46.54
INT059 386.31 322.50 1.47 786.99 200.00 -163.77
INT060 88.10 713.73 108.42 181.28 0.70 200.00
INT061 -1,374.80 327.89 368.20 13.97 922.45 200.00
INT062 326.00 161.85 384.74 0.70 1,232.32
INT063 357.06 326.00 0.70 361.65 784.94 373.66 20.00 3,988.99
INT064 350.45 781.60 605.35 0.70 385.00 401.00 318.47
INT065 405.00 115.86 0.70 400.00 340.47 254.29 -156.59
INT066 880.78 326.00 827.60 0.00 0.70 747.19 771.74 789.28 369.00 400.00 401.00 773.80 200.00
INT067 293.24 400.00 1,280.11 357.83 810.62 767.62 397.53 215.44 -121.36
INT068 711.79 791.61 0.00 832.49 370.99
INT069 333.00 326.00 491.06 0.00
INT070 350.00 326.00 -304.84 338.56 771.11 330.96
INT071 400.00 861.07 -228.20 343.62 401.00 807.09 372.57 343.94
INT072 367.82 739.54 -45.59 379.68 837.96 776.25 691.84 822.01 210.00
INT073 828.98 584.53 342.48 377.27 352.03 211.64 197.12 0.00 -77.45
INT074 360.00 551.42 357.66 763.49 400.00 1,366.31 469.27 -268.29 400.00
INT075 334.37 797.00 133.18 395.46 360.22 353.98 161.20 391.52 400.00
INT076 151.12 398.38 54.08 166.65 654.30 312.75
INT077 764.46 759.03 364.92 1,009.80 286.64 368.73 632.01
INT078 113.88 154.64 385.34 213.88 741.58 175.60 631.42
INT079 303.06 0.00 400.00 205.59 443.97 171.92 249.63
INT080 789.86 350.00 400.00 -356.40 366.80
INT081 329.11 172.02 782.45 387.94 782.36 397.04 400.00
INT082 2.50 761.20 846.81 324.47 367.76 383.95 401.00 765.59 750.93 167.10 798.74
INT083 782.90 746.81 389.33 186.50 825.95 793.09 328.43
INT084 281.27 310.92 799.15 706.85 319.44 771.55 776.32 151.15 267.31 373.89
INT085 146.10 328.82 1.21 133.58 160.29 766.11 1.10 811.83
INT086 320.25 806.62 1.10 858.19 791.06 750.93 -250.55
INT087 312.25 393.53 348.55 349.65
INT088 765.86 353.69 844.35 829.54 993.68
INT089 135.44 118.70 1,106.84 832.80 -47.06 280.94
INT090 267.34 934.67 205.09 228.84
INT091 308.89 159.26 160.39 785.27
INT092 164.54 181.17 837.89 357.04 853.64
INT093 -62.82 753.92 752.98 594.78 916.27 688.74 622.84
INT094 759.63 751.30 800.71
INT095 0.43 755.19 200.65 340.90 742.45 168.45
INT096 -3,049.46 12.93 252.73 149.36 760.26 301.14 1,057.86 740.64 133.12 -121.52
Pret final de excedent din luna DECEMBRIE 2025
1/1