PDF PAGE 1
Data: 15.01.2026
lei/MWh
Interval/Data 01.01.2025 02.01.2025 03.01.2025 04.01.2025 05.01.2025 06.01.2025 07.01.2025 08.01.2025 09.01.2025 10.01.2025 11.01.2025 12.01.2025 13.01.2025 14.01.2025 15.01.2025 16.01.2025 17.01.2025 18.01.2025 19.01.2025 20.01.2025 21.01.2025 22.01.2025 23.01.2025 24.01.2025 25.01.2025 26.01.2025 27.01.2025 28.01.2025 29.01.2025 30.01.2025 31.01.2025
INT001 59.79 107.93 674.05 300.00 694.65
INT002 680.00 300.00 688.86 686.44
INT003 133.82 74.73 251.12 680.00 755.62 228.06
INT004 729.35 815.54 680.00 118.49 1,072.81 74.62
INT005 680.00 4,983.02 658.49 680.00 96.72 1,053.48 22.82
INT006 468.13 357.30 5,169.62 636.26 680.00 156.37 991.57 204.76
INT007 394.46 680.00 680.00 40.47 330.96 112.70 127.38
INT008 77.63 97.65 292.17 61.18 4,330.55 133.48 186.06 120.55 883.68
INT009 679.13 680.00 35.78 176.89 98.64 680.00 214.77
INT010 -64.16 672.52 271.51
INT011 -178.48 680.00 695.27 370.63 843.91 90.41
INT012 132.78 680.00 87.52 566.67
INT013 13.27 680.00 116.75 -32.02 23.30
INT014 207.73 129.15 103.33 150.70 73.53 118.51
INT015 60.76 116.05 668.98 653.33 635.00
INT016 52.34 67.80 464.78 183.68 501.40 31.12 680.13
INT017 61.96 518.63 672.53 680.00 840.00 65.23 778.57
INT018 206.74 88.95 736.55 85.44 198.62
INT019 74.16 579.19 680.00 125.58 412.61 106.53 435.85 668.69 104.61
INT020 680.00 88.26 599.00 100.42 82.50 680.00
INT021 93.21 80.07
INT022 93.91 739.92 345.97 923.82
INT023 84.47 712.24 680.00 805.72 700.00
INT024 140.12 37.22 1,124.85 87.82 994.28 541.35 -690.91
INT025 680.00 68.83
INT026 680.00 680.00 63.52 236.64 46.71 129.05
INT027 673.52 100.76 1,058.61 139.02 952.57 -105.86
INT028 675.68 108.78
INT029 242.08 773.18 1,269.48
INT030 147.06 111.56 4,984.06 718.65 194.85 336.39
INT031 667.07 6,602.42 114.66 93.25 859.75 700.00 901.20
INT032 -13.82 84.48 719.92 99.89 874.74 357.60
INT033 1,207.93 741.70 223.37 984.79 1,000.00 123.63
INT034 194.45 673.22 271.00 754.85 755.42 703.35
INT035 693.08 295.01 680.00 56.76 698.68
INT036 272.76 295.00 198.70 310.36 1,169.92 110.07
INT037 0.00 279.07 117.59 133.86 141.44 86.74 155.38 144.06
INT038 385.66 349.32
INT039 241.21 284.29 218.98 2,647.02 173.87
INT040 1,123.10 176.87 155.46 331.21 205.22 1,638.04
INT041 1,116.29 90.67 286.42 1,243.97
INT042 59.73 1,345.85 225.27 876.46 173.75 176.79 880.36 215.99
INT043 1,295.25 108.53 145.57 1,637.97 1,204.00 302.54 1,083.40 2.76 262.32 121.69
INT044 2,424.37 1,331.48 141.80 270.35
INT045 90.62 3,099.01 83.39 244.77
INT046 57.13 270.30 101.37 878.46 108.31 181.63 124.77
INT047 170.99 133.76 104.53 89.01 100.03 384.77 1,093.36
INT048 216.81 193.22 353.62 78.38 1,093.36
INT049 353.09 69.78 175.39 136.90 760.02 222.59 -320.28
INT050 95.15 195.03 204.72
INT051 260.76 276.73 130.89
INT052 -10.41 680.00 156.48
INT053 331.45 163.10 309.55 295.87
INT054 46.18 290.52 461.34 312.60 585.35 103.42
INT055 591.79 398.83 800.00 271.38 235.86 516.60
INT056 201.01 604.00 394.34 203.23
INT057 64.97 227.21 196.18 458.33
INT058 668.96 742.91 439.09 241.61
INT059 1,282.82 71.85 554.20 300.88 356.62
INT060 5,061.29 153.45 444.84 186.77 1,044.10
INT061 988.87 100.98 699.08 73.47 437.51
INT062 210.98 469.49 313.80 471.83 406.55 315.24 974.96 145.32
INT063 464.96 164.35 542.34 954.48 1,020.17 323.94 140.62 294.56
INT064 1,285.15 684.98 198.95 2,267.95 342.49
INT065 248.34
INT066 101.52 48.09 162.04 231.61 318.54 3,655.96
INT067 44.26
INT068 890.51 159.60
INT069 680.00 763.52 688.28 2,130.74 828.79
INT070 117.24 552.06 680.00 -149.19
INT071 307.03 1,207.11 355.38 341.81 908.76 867.26 4,342.49 718.93
INT072 906.27 329.88 159.98 668.41 3,444.89 350.41 873.02
INT073 980.07 680.00 126.59 124.98 1,354.81 317.35 672.54 1,028.91 1,176.15 290.84 840.71
INT074 170.85 89.94 309.63 142.56 387.78 706.09 1,271.04 269.98 229.89
INT075 403.47 50.31 86.28 212.56 62.04 675.82 396.55 325.57 322.47
INT076 276.42 680.00 680.00 351.36 680.00 574.63
INT077 211.90 72.93 91.58 59.04 680.00 270.36 680.00 292.63
INT078 437.89 371.25 576.36 679.61 305.49 878.53 892.09 1,421.25 315.74 362.82
INT079 64.13 300.00 155.68 253.88 700.00 600.00
INT080 444.09 680.00 483.87 172.23 284.20 300.29 600.00 358.14 335.18
INT081 918.67 105.65 85.52 111.56 372.98 357.65 298.54 268.00 885.54 700.00
INT082 545.28 584.19 679.93 53.10 680.00 164.97 325.47 349.36 188.73 407.81 714.67
INT083 776.44 300.00 772.18 208.19 680.00 321.56 104.89 700.00 341.41
INT084 109.44 166.64 112.07 315.56 184.04 244.10
INT085 285.06 22.48 216.67 100.02 680.00 680.00 187.21 107.58 700.00 218.50
INT086 431.19 144.33 52.94 929.26 791.06 203.65
INT087 66.24 6.53
INT088 324.74 759.33 680.00 1,506.44 1,050.00
INT089 258.13 707.01 680.00 1,371.05 1,163.36 53.74 700.00 700.00
INT090 724.16 677.94 114.83 680.00 962.18 693.25 301.26
INT091 233.19 47.40 -11.97 230.94 722.81 206.22
INT092 91.16 791.78 680.00 -6.46 178.55 700.00 525.00
INT093 373.23 59.19 388.97 -521.18 29.52 678.05 0.00
INT094 49.03 364.90 680.00 439.62 689.86 874.29 717.23
INT095 97.73 295.99 126.90 1,423.67 639.15 680.00 275.33 349.97 948.37 184.98
INT096 690.90 115.58 680.00
Pret final de deficit din luna Ianuarie 2025
1/1