PDF PAGE 1
Data: 16.04.2025
lei/MWh
Interval/Data 01.02.2025 02.02.2025 03.02.2025 04.02.2025 05.02.2025 06.02.2025 07.02.2025 08.02.2025 09.02.2025 10.02.2025 11.02.2025 12.02.2025 13.02.2025 14.02.2025 15.02.2025 16.02.2025 17.02.2025 18.02.2025 19.02.2025 20.02.2025 21.02.2025 22.02.2025 23.02.2025 24.02.2025 25.02.2025 26.02.2025 27.02.2025 28.02.2025
INT001 5,642.83 1,036.04 1,107.37 690.73 851.67 951.89 690.52 5,363.09 1,080.04 1,112.54 3,836.21 3,757.12 -1,036.93 1,033.72 899.96 898.96 1,146.44 1,216.04 1,154.62 6,887.98 8,064.48 339.44 5,577.01 999.76 1,106.36
INT002 2,011.07 960.12 1,044.07 700.00 799.00 655.12 2,825.88 287.92 1,266.16 901.56 1,034.78 998.65 349.42 894.64 899.34 838.20 1,160.30 1,190.46 1,168.11 7,000.00 4,221.19 261.91 1,168.33 998.62 234.77
INT003 965.72 960.70 700.00 1,010.40 127.55 764.13 3,472.94 205.07 1,851.40 1,003.10 3,633.30 311.37 964.02 896.11 1,123.15 1,255.36 1,174.66 3,221.48 2,394.18 -1,027.76 1,230.09 999.55 -582.36
INT004 1,429.53 101.10 901.17 775.18 151.78 742.86 997.95 68.64 1,941.01 983.73 987.30 216.31 1,020.91 1,121.63 1,281.03 1,174.80 1,120.43 898.44 -608.37 4,844.99 218.06
INT005 1,096.81 121.68 2,650.05 247.87 1,023.50 170.85 886.98 1,189.79 1,034.52 1,139.62 3,057.75 1,239.80 1,043.25 1,061.76 341.72 919.72 1,216.49 976.39 2,853.44 1,129.93 2,433.75 4,320.31 998.89 300.35
INT006 999.99 -1,230.17 821.71 190.78 1,025.10 -157.83 977.40 948.71 1,041.13 1,124.49 1,183.38 1,034.75 1,096.72 1,020.44 286.56 932.94 1,106.72 994.31 1,890.71 1,291.22 3,804.43 208.87 923.30 965.54 -1,866.83
INT007 -335.07 700.00 78.47 1,081.19 87.58 904.80 943.64 701.36 1,082.82 899.98 235.38 873.63 1,108.82 1,083.53 1,125.36 1,155.61 898.49 211.80 1,147.03 998.85 362.26 -3,530.65
INT008 952.98 -1,893.62 700.00 -98.76 1,062.44 4.49 839.68 266.63 530.02 999.87 864.89 217.57 996.92 284.64 853.81 1,133.50 1,366.35 1,126.22 1,138.56 1,049.03 207.92 1,205.10 1,016.58 282.64 -413.03
INT009 970.84 -307.13 904.77 199.38 1,001.04 4,007.51 973.49 994.29 1,326.93 999.03 5,503.49 1,159.94 1,058.30 360.34 1,101.62 2,167.82 1,718.38 3,149.09 3,395.88 301.74 3,222.48 1,135.46 270.21 279.85
INT010 1,036.63 -2,011.54 840.71 104.09 999.98 981.28 884.66 994.90 1,006.01 2,909.98 1,000.00 286.17 981.61 267.69 894.66 1,105.42 1,267.29 1,404.45 1,535.73 1,607.21 260.00 2,134.82 999.94 241.53
INT011 -154.06 987.18 -16.96 999.69 943.85 884.66 999.14 1,016.42 2,996.32 1,119.52 314.57 1,091.24 302.26 889.81 1,073.52 1,372.96 1,109.22 2,949.54 -91.72 1,123.78 999.76 842.77 -3,087.36
INT012 907.98 26.29 898.91 -432.99 1,564.81 135.28 799.00 1,017.28 292.06 871.55 1,371.63 1,106.12 257.25 1,074.85 288.18 251.86 1,056.01 840.00 1,198.63 1,107.92 2,764.39 151.50 1,160.76 997.46 843.84 -426.42
INT013 1,038.06 183.52 936.37 996.51 357.80 954.64 1,033.14 999.83 1,004.06 998.90 1,311.85 1,073.59 201.17 1,062.35 353.79 141.59 2,725.67 871.08 1,041.14 1,079.36 1,035.97 286.61 1,082.72 999.93 840.35 325.13
INT014 996.84 141.43 1,262.03 991.09 315.42 967.65 979.18 981.67 1,000.53 999.88 956.93 1,221.32 1,079.34 207.37 1,047.97 349.43 1,104.31 899.08 1,034.49 1,086.50 915.64 367.91 1,083.51 994.88 844.13 -292.76
INT015 202.52 756.98 999.71 314.00 799.00 1,067.73 1,009.61 1,004.32 990.79 999.15 1,144.45 1,087.83 204.96 1,043.61 331.49 298.24 1,079.52 897.90 1,038.36 1,088.59 3,634.88 370.95 1,079.34 1,264.14 860.14 -215.16
INT016 1,037.21 211.76 799.00 999.03 799.00 2,293.74 997.40 1,000.24 1,009.14 1,147.91 1,025.65 115.09 1,039.59 1,073.70 844.88 1,041.59 1,090.48 919.62 195.83 1,097.86 999.24 872.48 -132.35
INT017 1,039.56 203.07 4,675.31 883.13 971.27 1,019.95 982.08 1,019.59 998.34 1,128.07 1,064.14 293.95 1,129.77 948.36 2,277.86 1,058.12 2,575.62 272.02 1,132.18 1,815.36 856.60 261.49
INT018 1,037.21 242.42 713.15 999.27 346.98 960.30 999.94 982.59 998.99 908.82 1,139.64 995.09 -140.24 1,019.82 1,096.87 860.28 1,060.54 1,058.96 1,082.84 361.69 1,096.04 999.89 858.77 359.53
INT019 1,014.01 219.08 2,823.48 -900.10 901.08 995.10 984.43 956.14 1,130.56 1,011.11 -186.66 1,060.40 897.74 729.31 1,106.02 1,020.11 1,045.13 1,058.92 897.66 334.10 1,098.41 1,000.00 981.06 366.47
INT020 1,003.48 211.46 4,886.78 -2,596.90 811.30 903.12 958.27 983.01 994.38 1,093.77 1,127.11 1,020.77 43.22 1,038.18 897.47 897.37 1,066.74 1,020.59 1,036.74 1,050.83 896.28 -2,914.12 1,100.47 1,155.34 984.59 353.33
INT021 1,262.38 163.11 2.04 1,018.24 -778.91 186.28 926.36 1,008.88 983.77 1,088.35 1,040.27 1,145.28 1,281.59 896.00 1,210.33 1,065.40 1,105.73 151.05 -797.89 2,029.81 1,000.00 933.53 317.87
INT022 1,921.83 -1,474.85 1,022.72 78.81 257.61 894.99 1,019.84 982.43 2,226.20 999.63 1,194.82 95.21 1,449.80 369.02 899.57 1,272.36 1,069.01 2,371.19 -51.36 -2,291.66 994.01 882.60 354.46
INT023 1,862.07 1.88 1,021.34 101.08 919.92 999.62 985.85 1,985.12 1,692.32 207.46 899.94 374.23 1,009.54 1,187.13 2,001.59 1,062.15 1,068.09 3,753.47 -104.40 1,976.51 1,374.27 78.75
INT024 1,026.47 1,022.45 88.41 997.97 929.92 995.96 2,349.22 1,303.18 2,360.39 1,234.22 997.66 202.22 931.72 1,092.19 1,095.82 983.75 1,368.00 2,213.54 5,999.00 -496.46 4,427.64 1,384.27 1,196.91 -544.88
INT025 1,045.30 234.73 -188.85 -493.31 1,050.35 -1,669.68 -1,513.25 902.87 987.60 1,412.13 -2,598.93 321.22 196.92 895.46 257.83 -141.98 -61.67 298.96 4,624.99 1,123.87 5,487.75 -86.49 -273.52 91.10 -3,445.69 -3,636.26
INT026 1,137.06 340.92 254.54 -246.47 1,050.11 76.59 900.65 999.97 1,079.56 1,602.70 991.89 1,264.68 316.87 196.39 864.62 360.18 890.57 360.27 1,392.13 1,254.80 2,249.79 -3,030.81 997.03 -2,409.47 361.86
INT027 1,024.91 1,052.96 3.57 900.50 922.22 2,348.85 2,734.10 5,517.26 5,134.05 201.18 891.04 299.81 1,130.36 899.22 1,281.37 1,094.04 3,017.08 5,494.72 3,047.10 -3,102.11 360.35
INT028 207.35 2,872.82 1,017.65 1,050.65 997.08 900.24 1,010.52 3,083.11 3,194.25 5,999.00 6,207.89 1,057.23 186.73 899.62 1,197.48 4,985.37 5,856.26 2,818.03 1,664.24 1,251.56 1,055.55 5,967.50 5,962.42 -2,545.50
INT029 202.66 -2,690.47 -1,074.62 6,436.91 -3,854.79 59.62 924.54 1,749.80 -45.01 -314.46 -2,043.04 183.47 894.77 -2,985.64 -1,685.83 87.46 2,135.86 1,222.88 1,121.95 200.36 1,509.81 1,319.05 -3,555.19 -4,110.93
INT030 267.88 -86.87 986.38 1,668.60 222.86 1,148.35 5,180.36 1,362.31 1,269.43 1,792.53 1,130.83 360.46 899.26 1,110.98 1,184.00 1,515.60 1,195.35 1,140.75 3,067.07 3,203.90 4.85 360.30
INT031 350.00 1,149.55 1,275.71 81.62 1,029.45 2,205.91 993.93 3,070.52 2,061.48 1,317.69 1,571.12 1,110.21 349.53 1,013.09 2,878.80 1,541.87 5,432.96 900.00 1,306.69 1,231.17 1,116.39 1,308.84 2,669.43 1,206.27 334.95 127.34
INT032 1,075.60 348.05 346.05 1,038.62 1,040.03 5,063.87 996.79 1,222.50 1,728.40 2,497.78 6,712.60 1,052.33 899.77 1,045.09 4,062.82 1,940.63 3,343.18 1,455.36 1,507.70 1,217.99 1,128.39 1,729.60 1,709.16 1,385.61 -47.19
INT033 323.09 -2,287.63 215.50 -3,717.69 2,092.08 1,020.67 1,317.04 1,620.81 3,353.95 2,495.89 1,140.71 884.23 2,376.91 58.51 1,269.02 1,176.36 1,111.97 2,662.87 1,357.10 70.41
INT034 1,051.50 249.72 1,045.29 1,190.74 319.28 358.82 1,078.13 1,005.65 980.02 1,301.44 1,639.41 1,945.93 983.83 1,134.82 1,114.04 1,543.04 2,133.06 1,928.35 -19.07 1,230.26 1,158.50 1,267.84 398.15 3,583.84 1,282.58 363.91 1,108.77
INT035 1,063.01 325.75 1,484.56 1,327.90 26.90 -106.54 1,151.06 999.11 844.83 1,316.77 1,914.64 1,575.84 996.28 1,107.73 910.64 3,662.50 2,082.35 1,521.10 78.42 1,307.17 1,437.88 1,106.81 123.57 -43.46 392.61 -2,152.09 965.21
INT036 1,122.38 350.00 1,501.73 1,322.29 360.00 999.10 236.44 1,708.61 1,127.07 1,063.89 1,486.13 2,139.97 2,013.17 -2,303.66 1,335.69 2,026.90 146.41 11.36 335.99 -46.10 1,510.41
INT037 1,596.07 350.00 4,876.86 1,481.45 1,346.30 997.06 897.36 1,009.20 1,630.04 1,310.76 5,458.54 210.73 1,682.31 1,237.67 974.36 1,440.28 1,415.75 3,396.85 2,400.78 1,151.98 1,009.71 899.84 207.17 1,250.17
INT038 2,023.20 1,601.06 1,423.37 1,346.26 1,005.61 1,009.06 182.41 -260.79 999.77 2,246.05 1,720.38 1,189.67 1,147.03 1,513.68 1,378.25 1,204.42 1,181.95 883.60 919.87 1,248.70
INT039 1,228.14 1,625.17 1,496.18 1,392.26 990.53 -4,312.24 1,009.09 134.07 172.13 1,706.57 357.22 1,534.96 1,136.22 1,137.38 898.86 1,401.97 1,336.01 2,244.33 -1,796.78 270.28 -4,845.79 214.34 -1,483.31 360.00 1,249.93
INT040 2,593.06 1,070.02 2,984.56 -1,582.84 -5,144.95 1,009.82 144.69 -5,088.93 -8,360.52 361.00 100.30 993.82 1,275.54 1,129.54 893.53 1,412.66 -1,917.39 -2,619.04 200.59 -6,571.84 -398.99 970.93 1,252.08
INT041 4,896.45 3,952.35 1,310.74 1,226.94 5,959.18 310.86 948.01 925.87 1,064.61 5,354.41 4,772.77 1,080.93 1,162.96 912.84 2,193.42 1,174.86 817.71 904.36 1,092.83 306.46 3,765.55 1,195.92
INT042 1,158.78 3,687.03 1,312.37 -70.91 2,447.94 252.98 358.35 943.90 249.70 -12,790.10 272.56 2,391.70 -3,141.95 1,029.26 1,099.99 1,074.79 992.03 1,266.58 1,033.31 -3,057.64 796.71 899.61 23.19 860.49 -2,468.05 1,024.29
INT043 3,635.81 1,129.66 1,332.85 4,828.11 285.85 -3,276.78 943.69 193.95 -20,434.93 -110.44 1,317.38 -4,308.79 996.93 1,095.11 1,069.93 1,301.54 1,277.09 38.78 1,044.35 -9,362.23 796.71 37.66 843.75 -2,692.31 1,203.23
INT044 994.30 2,068.95 1,333.05 -1,019.39 234.46 943.67 19.06 -5,264.58 1,317.48 -1,027.99 -1,624.96 1,167.64 1,121.71 860.36 1,242.23 -7,947.74 -9,862.83 142.56 1,203.49
INT045 1,026.41 1,367.26 1,172.88 305.43 247.81 912.14 209.34 1,013.46 5,348.08 -454.21 102.02 1,054.84 2,682.87 1,171.48 -1,995.84 1,512.05 734.71 855.17 10.09 899.21 372.10 1,124.59 878.38
INT046 981.77 2,047.22 1,273.59 211.36 840.00 -3,280.65 183.90 912.97 46.56 -3,043.51 998.05 -4.43 1,028.94 1,092.89 360.27 1,167.51 900.80 362.23 798.74 2.61 853.69 -2,909.77 1,124.91 933.77
INT047 999.47 -1,419.80 -1,602.00 911.84 48.94 187.13 238.51 2,664.59 -46.08 -879.96 1,059.76 1,046.09 360.42 1,179.91 891.73 732.71 2.12 840.00 -232.56 998.28
INT048 37.54 -8,940.22 827.45 -1,967.79 -6,862.41 960.52 -83.10 -20.30 988.11 -260.34 -195.32 1,063.46 1,099.43 1,183.49 165.08 364.91 732.71 22.49 156.52 336.19 1,028.60
INT049 977.32 560.00 3,163.18 -1,574.95 -1,723.82 873.82 79.14 23.82 176.89 2.37 1,008.41 1,079.41 899.78 1,146.78 -2,113.57 361.96 2,858.59 920.70 5,937.88 232.78 390.00 997.82
INT050 994.83 1,346.98 55.97 1,086.30 1.16 -1,136.56 873.79 -3,170.45 3.49 95.02 360.00 -88.91 1,011.68 1,089.68 889.37 1,146.47 241.81 365.25 721.11 893.61 2,997.97 185.73 129.85 897.00 1,012.75
INT051 54.55 532.60 143.46 121.61 1,049.94 -1,994.59 -196.85 872.74 -2,708.23 3.01 92.36 358.63 162.07 2.74 1,025.54 999.30 361.00 1,090.32 363.89 298.22 719.89 898.24 1,125.22 147.35 -113.37 919.00 945.92
INT052 -43.46 499.11 478.95 152.95 991.44 -306.35 872.82 -404.58 15.96 77.71 360.00 165.76 1,032.11 1,077.25 361.00 1,143.55 719.89 883.70 1,137.08 -38.42 6.64 345.36 920.83
INT053 188.46 2,525.09 509.72 938.99 1,621.49 -310.02 -1,837.63 -1,056.43 81.48 359.72 -18.74 990.39 1,084.52 1,018.82 1,146.69 840.00 209.13 -79.43 834.63 -416.80 6.50 177.70 991.58
INT054 -86.49 1,037.36 1,021.78 894.13 1,005.38 -393.31 868.17 -1,568.10 92.79 338.28 -603.23 1,004.89 1,084.63 1,593.29 877.46 849.02 287.49 167.16 865.71 117.08 46.23 -172.64 10.49 996.86
INT055 -1,238.52 1,037.98 1,009.35 924.00 2,756.92 0.10 -601.27 858.56 -1,506.15 58.97 -230.41 -90.75 1,066.91 1,006.07 1,084.77 1,059.04 1,058.01 840.00 -6,427.47 337.02 136.86 822.20 157.33 -34.78 997.48
INT056 -3,353.87 1,055.36 1,028.39 916.32 2,486.50 -598.23 840.69 -749.70 -426.87 -128.67 998.93 1,024.95 1,079.40 5,413.75 1,100.33 840.00 -3,455.46 291.73 85.30 822.20 282.78 0.50 -2,837.19 130.14 997.71
INT057 -2,140.80 1,003.56 1,021.12 888.71 2,282.02 -4,705.56 -1,905.64 -165.69 0.60 1,132.38 1,259.78 1,073.92 1,030.17 1,208.69 899.40 -14,085.36 175.64 54.50 -112.92 28.38 -4,219.14 217.95 3,690.27
INT058 -1,584.78 1,003.61 700.00 948.81 2,527.83 -12,632.24 360.00 -1,395.10 -1,151.47 1,075.45 1,036.20 1,076.80 1,054.20 1,181.14 334.76 18.82 -404.32 0.53 330.75 4,788.72
INT059 -1,330.95 1,015.05 700.00 1,246.76 2,523.91 0.00 -19,685.93 -208.57 -2,496.86 1,566.21 1,180.24 992.29 1,070.67 1,055.83 1,199.47 254.76 360.15 10.07 819.08 -1,380.54 22.31 994.88
INT060 -1,479.70 1,002.79 700.00 809.21 1,722.19 992.86 -18,217.29 -279.84 2.19 47.80 999.93 999.00 992.70 1,056.24 1,190.60 365.22 -85.93 819.08 -1,452.01 28.04 65.94 994.26
INT061 -4,580.58 999.90 880.58 1,092.04 360.00 -4,936.11 79.02 -144.56 -2,572.97 -2,043.90 -161.60 975.18 361.00 1,296.86 1,494.26 1,251.99 -9,976.77 -4,344.89 -5,329.51 -488.28 194.23 -527.59 39.42 -5,260.05 1,007.40
INT062 -3,749.59 1,004.49 890.92 1,104.15 0.00 -4,205.51 93.89 -386.03 -2,402.56 -492.32 -990.92 1,845.71 991.06 1,140.97 1,041.74 1,254.17 224.46 293.15 -1,127.47 -73.04 -760.18 157.38 -7,116.09 1,427.73
INT063 -221.16 999.03 991.03 1,138.39 1,056.63 -119.68 903.64 -4,790.98 -815.66 1,157.68 979.49 1,026.45 2,669.40 1,234.28 215.20 -3,774.72 -36.20 888.31 193.86 5,161.23 1,007.24
INT064 996.69 2,395.66 1,320.69 3,654.11 956.52 999.28 1,201.72 1,041.06 1,014.89 1,997.96 1,235.36 357.50 28.35 4.28 1,098.86 890.62 1.32 5,824.43 1,007.92
INT065 -2,199.49 -2,585.10 -2,140.55 -3,170.18 -1,701.35 -450.12 -19.70 10.54 -2,378.98 37.50 -164.09 214.59 -1,833.54 1,352.26 849.89 1,930.07 -8,151.60 -900.16 -1,686.37 -2,215.46 -1,743.22 -1,073.14 65.41 -4,509.33 1,078.27
INT066 -1,605.84 1,691.19 1,111.22 35.43 1,172.63 -281.40 1,019.00 -1,347.44 -82.76 360.00 1,091.12 916.72 908.69 1,772.87 323.19 -117.23 114.02 1,085.32 -70.77 -3,767.00 995.49 1,097.70
INT067 1,086.04 1,104.71 1,116.13 -32.56 1,118.48 4,560.37 5,999.00 5,999.00 996.19 1,087.45 2,928.00 879.10 1,628.54 2.58 4,741.22 2,879.71 937.79 1,634.54
INT068 1,053.15 1,021.54 2,990.49 2,565.10 3,778.31 5,999.00 5,193.66 2,697.92 5,865.45 1,092.76 1,907.33 3,560.88 1,278.48 980.95 1,410.55 5,999.00 4,074.05 4,005.97 1,072.97
INT069 39.41 1,194.61 -192.05 55.84 171.01 13.44 2,477.61 283.15 -4,288.66 -588.17 282.52 360.68 -2,075.12 1,505.38 8,542.25 -3,146.25 246.53 32.99 -1,126.31 1,394.03 -3,091.81 116.32 13.32 1,108.90
INT070 968.06 1,200.24 4,299.67 1,174.28 100.96 178.82 -538.31 2,544.60 1,385.87 243.63 -2,836.74 2,026.06 360.00 361.00 1,297.93 322.67 5,089.99 5,460.97 360.21 360.32 349.00 1,384.38 1,644.38 143.76 16.37 3,484.65
INT071 2,806.84 2,479.13 5,999.00 3,178.36 106.14 4,197.65 5,768.60 -53.61 4,776.12 360.00 -4,105.58 1,276.68 4,005.00 3,158.82 1,450.54 4,233.81 1,348.16 1,870.92 133.75 14.41 4,275.15 1,156.82
INT072 3,806.90 3,354.50 5,867.58 5,832.23 109.91 5,819.17 3,529.08 1,122.34 983.32 5,999.00 360.00 -864.50 3,768.32 1,231.26 5,995.52 2,160.49 2,070.20 5,580.63 5,838.44 5,978.14 1,961.82 3,377.91 -305.99 -30.34 1,633.68 1,084.48
INT073 939.18 2,324.67 1,409.81 1,048.41 135.46 199.83 304.16 1,896.64 1,270.18 4,280.34 -3,262.69 -2,027.50 2,370.24 150.89 1,235.07 76.09 124.94 1,513.91 2,082.52 4,303.83 -640.85 24.11 2,094.74
INT074 1,218.38 1,309.62 1,468.44 1,765.87 134.56 -1,901.37 360.00 999.97 1,236.80 968.81 5,999.00 313.82 -612.53 1,324.30 1,283.15 900.00 917.09 899.14 2,291.14 2,243.96 1,756.71 2,174.73 1,320.83
INT075 1,181.82 1,444.32 1,378.64 1,411.38 0.76 241.79 1,211.41 994.21 310.24 6,000.00 2.07 1.28 1,336.54 1,156.99 1,527.06 1,773.69 1,893.98 2,778.95 5,999.00 1,750.01 2,322.21 1,259.64 1,324.71 1,547.90
INT076 1,173.87 2,985.90 1,555.11 1,344.41 4.32 325.54 999.04 196.65 1,293.54 962.51 360.00 6,000.00 1.74 1.11 1,468.54 1,500.78 1,585.30 2,180.80 1,819.99 1,854.74 1,721.55 2,373.83 1,331.00 1,502.20
INT077 1,415.08 1,157.27 997.02 1,240.32 3.36 360.00 1,000.00 1,804.78 5,001.00 50.27 -42.95 1,331.65 900.00 1,891.40 1,258.37 1,998.99 1,631.14 2,184.55 3,120.34 328.82 1,858.28
INT078 1,234.10 1,225.21 1,389.31 1,233.69 8.48 360.00 373.46 1,512.63 5,995.74 51.62 -129.74 1,335.13 1,412.81 2,162.78 2,300.42 1,512.31 1,677.71 1,989.28 3,317.82 253.98 1,580.58
INT079 1,000.00 1,221.64 1,157.93 1,184.67 1.05 161.94 1,071.31 1,944.53 935.90 5,006.31 -569.78 -159.33 1,462.58 1,644.56 5,144.11 2,300.42 1,601.40 1,664.63 1,959.18 2,275.86 206.32 1,894.13
INT080 1,608.46 1,204.61 1,065.07 1,231.53 1.10 1,045.67 2,181.49 1,806.87 5,995.29 -80.52 -101.69 1,404.15 1,790.07 4,387.53 2,155.75 1,398.51 1,503.40 1,542.35 2,307.72 359.25 252.80 1,373.05
INT081 1,191.91 1,343.40 1,276.52 1,249.15 -203.20 300.44 1,000.75 999.85 1,957.89 997.84 1,219.95 5,999.00 -41.13 -298.66 1,337.54 906.64 1,515.27 4,055.98 1,330.80 898.18 1,430.47 1,859.50 1,612.86 2,179.10 2,245.91 1,288.16
INT082 700.00 1,203.07 804.97 1,283.78 2.94 996.99 1,198.98 1,000.00 5,999.00 11.40 -434.25 1,280.15 1,522.85 3,143.58 900.00 1,659.57 1,555.46 1,689.42 2,170.29 366.47 1,398.79 918.20
INT083 1,311.68 1,167.61 700.00 1,313.25 47.55 525.74 1,231.81 973.15 999.34 939.17 1,133.00 5,214.02 47.53 13.55 1,318.74 924.21 1,425.97 1,844.59 269.13 1,540.85 1,590.33 2,186.78 288.22 1,312.92 941.91
INT084 1,876.71 1,126.56 700.00 1,271.01 65.62 1,188.03 845.16 1,473.05 78.65 78.47 1,349.27 -155.83 1,426.60 1,783.10 118.72 -1,047.54 184.49 1,614.95 1,680.03 2,175.72 177.68 223.76 1,252.23
INT085 1,355.02 3,155.93 1,171.81 1,230.84 57.62 964.02 1,061.35 1,138.14 3,676.07 4,541.80 1,469.41 5,999.79 16.65 117.91 1,313.31 1,155.31 5,246.99 2,677.69 164.23 3,719.95 1,343.79 2,894.66 899.40 5,667.12 2,752.90
INT086 2,004.85 2,593.44 718.35 1,231.82 56.56 762.60 1,060.73 1,302.81 1,357.31 1,472.62 19.75 3.11 1,297.65 1,130.26 3,113.17 1,351.81 325.33 3,259.85 1,348.10 883.76 -668.63 5,999.00 979.45
INT087 1,167.70 1,239.18 1,264.95 1,395.01 66.33 959.91 360.00 1,059.43 996.97 1,399.88 10.77 77.88 1,309.10 1,268.71 1,091.03 1,624.15 319.44 252.14 4,672.23 1,367.20 858.86 295.76 -99.04 5,641.61
INT088 702.50 1,119.28 2,026.58 2,804.85 62.52 217.64 189.09 240.99 360.18 212.32 11.91 -33.46 1,382.16 246.79 1,385.01 190.34 111.82 108.78 2,128.71 1,350.77 215.09 -3,862.52 155.79
INT089 1,142.66 1,194.22 1,206.56 1,108.97 131.30 999.97 1,120.01 293.28 5,811.24 1,321.41 1,335.25 4,644.30 -105.32 2,937.83 4,233.27 3,553.05 1,574.38 1,188.51 5,855.07 3,296.30 5,970.99 3,580.63 2,875.22 4,593.73 5,297.90 4,516.59
INT090 1,160.90 1,052.06 1,387.04 1,244.22 129.87 258.25 4,637.75 1,310.90 999.49 4,272.42 -11.90 1,194.10 1,284.20 1,273.39 1,689.85 948.89 1,828.93 900.00 5,646.28 2,628.27 1,046.81 303.01 1,477.43
INT091 999.99 999.15 1,859.35 998.69 130.91 246.88 309.49 265.28 1,570.25 1,284.73 -3,711.35 993.98 1,308.78 1,172.12 896.21 1,421.69 900.00 5,196.66 1,307.90 21.70 335.73
INT092 -2,167.78 -2,711.31 111.91 -2,882.46 934.52 996.16 163.61 320.50 -3,555.05 2,009.83 902.84 180.86 1,465.50 886.33 1,089.66 1,307.44 -2,888.77 -1,145.18 287.17 -1,061.82
INT093 1,124.14 1,991.34 896.87 3,668.93 -275.99 1,030.11 -636.31 5,800.55 1,274.52 1,176.02 4,822.37 -1,127.40 1,067.23 2,138.42 3,262.12 1,845.44 1,330.54 2,402.98 5,942.69 7,026.62 6,902.52 3,220.99 840.00 272.88 1,099.67
INT094 944.73 1,172.72 427.78 1,624.72 94.95 358.05 1,013.68 211.66 2,438.05 1,282.64 995.32 1,411.68 223.05 998.23 1,154.47 1,130.78 1,855.23 1,128.37 5,416.14 5,703.06 6,003.66 1,307.85 877.19 899.45 228.25 1,224.89
INT095 999.64 998.87 357.14 1,284.23 -244.74 271.99 1,095.12 239.21 1,130.77 992.85 264.43 1,159.33 1,179.18 1,676.29 900.00 4,951.50 5,974.67 5,374.16 1,212.51 377.48 360.63 341.96 307.76
INT096 1,015.45 997.47 300.00 -164.13 96.42 -4,472.39 1,136.62 946.27 211.51 875.64 -2,303.33 1,966.17 1,020.64 1,344.01 1,014.87 903.11 2,298.24 898.83 895.80 -721.46 269.01 301.53 -3,671.73 230.78
Pret Final Unic din luna Februarie 2025