PDF PAGE 1
Data: 16.06.2026
lei/MWh
Interval/Data 01.04.2026 02.04.2026 03.04.2026 04.04.2026 05.04.2026 06.04.2026 07.04.2026 08.04.2026 09.04.2026 10.04.2026 11.04.2026 12.04.2026 13.04.2026 14.04.2026 15.04.2026 16.04.2026 17.04.2026 18.04.2026 19.04.2026 20.04.2026 21.04.2026 22.04.2026 23.04.2026 24.04.2026 25.04.2026 26.04.2026 27.04.2026 28.04.2026 29.04.2026 30.04.2026
INT001 192.76 903.82 2.54 556.49 714.17 -104.84 11.47
INT002 698.76 4.12 706.72 725.95 267.15
INT003 124.49 279.86 190.90 -3,291.85
INT004 785.04 2.08 -21.63 -35.60 672.73 -34.65 900.69
INT005 345.74 36.85 95.42 710.17 -9,238.79 3.57 37.61 314.69
INT006 382.26 400.00 908.78 892.45 3.71 680.29 2.45 338.37
INT007 378.77 785.44 356.37 258.25 104.16 912.65 382.90
INT008 -59.48 698.12 -3,778.79 400.00 -55.03 190.24 83.94 17.20 18.17
INT009 9.68 149.98 62.10 270.79 138.96 754.90 819.79 6.71 773.23
INT010 -97.89 90.80 890.13 1.10 808.15
INT011 114.47 0.93 185.13 -57.11 883.74 27.60
INT012 147.55 142.69 263.31 -26.98 -57.21
INT013 300.34 712.67 113.59 51.31 2.20
INT014 958.89 272.37 132.17 907.09 -72.23 143.33 0.21 1.00 0.20
INT015 355.69 152.51 909.72 0.20 400.00 207.76
INT016 730.87 -184.37 1.10 255.66 10.74
INT017 893.02 732.53 11.39 878.66 -199.21 13.77 293.71
INT018 114.07 733.88 -89.89 757.46 367.45 819.02 31.07 -323.50
INT019 -91.00 120.11 120.69 -153.85 242.78 968.21
INT020 895.75 7.89 12.52 743.97 710.57 -685.73 99.65
INT021 276.27 607.55 254.06 54.92 -20.23 146.59 4.42 -66.59 115.16 0.00 978.91
INT022 121.95 774.24 334.12 323.60 -256.97 265.19 -1.21
INT023 974.94 129.79 18.24 786.62 7.27 -29.79 1,092.48 254.80
INT024 0.00 158.17 2.04 -59.81 0.20 0.10 29.58
INT025 354.77 134.17 920.47 -40.93 -65.10 1.91 1,043.18 296.12
INT026 347.36 140.67 267.94 333.78 400.00 372.39 18.14
INT027 396.71 41.88 80.71 884.58 921.05 103.59 1.98 -60.39 400.00 -126.08
INT028 827.88 271.01 56.32 264.34 55.85 280.02 121.61 -112.44 555.22 2.70 -113.88
INT029 283.24 118.01 337.20 159.81 17.16 -221.24 -64.94 823.68 62.36 90.55
INT030 710.31 0.83 960.10 260.14 4.90 391.31 59.38 334.08
INT031 334.29 8.05 289.03 -297.72 15.46 137.17
INT032 278.31 290.53 125.32
INT033 298.52 254.32 205.03 0.47 22.49 -21.22 -7,022.34
INT034 332.91 347.53 273.29 -64.92 -7,537.12 -168.07 -444.61 -93.39
INT035 1.61 -7,677.90 -309.39 -20.12 -1,285.58
INT036 359.72 394.83 3.45 -2,862.62 -167.47 -1,186.80 21.55 -5,031.17
INT037 431.86 737.96 -199.28 -219.27 337.84 6.85 -2,377.69 -36.54 -48.93
INT038 -545.72 299.94 -216.43 0.30
INT039 22.18 57.20 -642.22 -53.18 0.30
INT040 -5,968.17 572.76 -1,950.35 802.24 -473.62 -1,178.80 1.20
INT041 1,073.20 48.18 2,390.89 -2,604.08 281.10 0.35
INT042 498.15 0.10 -557.42 -3,516.69
INT043 -344.54 -879.75 -606.69
INT044 -357.47 203.16 -1,389.50 -1,251.87 -5,201.12
INT045 -230.57 452.18 -519.71 -107.97 -2,960.27
INT046 -152.97 405.84 -2,880.85 -108.00 -4,609.73
INT047 -586.12 -338.18 -4,118.87
INT048 -34.78 -1,662.32 -5,216.44 -699.70 -399.25 -3,465.59 2.94
INT049 -6,060.52 -709.71 -410.09 -635.99 467.70 -404.27 1.15
INT050 -5,737.76 468.97 87.34 -215.21 -537.76 4.51
INT051 -2,216.61 38.88 520.13 -348.48 -161.43 -1,636.44
INT052 -600.82 466.37 -5,482.77 -196.97 -130.01 -6,464.42 -53.48
INT053 -660.57 -1,190.40 -602.55 -309.51 -202.23 -6,995.63
INT054 -410.01 317.49 -104.37 -179.23 -1,072.85
INT055 -697.47 231.88 4.36 5.17 -776.91 -9.75
INT056 -1,037.25 -6,699.29 113.48 6.72 4.43 15.84 -512.87
INT057 -924.43 -284.40 -2,373.80
INT058 -740.47 -290.00 -6,387.72
INT059 -306.64 -263.87 -97.19 -154.29 -7,610.52 -551.56
INT060 -710.20 -281.62 4.25 -918.28 -159.64
INT061 -1,341.79 -20.00 -515.60 -311.46 -587.67 -154.96 -335.31 -118.99
INT062 -99.61 -20.00 -2,870.13 341.45 -486.46 -2,959.06 -664.12 3.55
INT063 -100.98 -498.63 -7,411.53 -640.89 -12.14
INT064 -186.13 -12.31 -101.57 0.90 0.00 -1,464.44 -168.65 -128.08
INT065 -266.69 -3,641.59 341.36 -339.30 -71.19 -1,448.35 -819.79 -1,183.48 -537.26
INT066 8.27 -664.49 -2,016.85 -2,121.89 500.42 2,144.59 1.63 -357.98 -102.74 -313.80 106.24
INT067 2.38 -1,526.81 -1,191.44 7.52 359.17 -824.28 -1,131.76 -39.09 -423.17
INT068 -199.85 -197.46 -3,933.57
INT069 -3,044.34 -3,526.66 -21.24 -1,375.24 1,005.79 -694.10 -138.81 -3,702.17 -4,283.84 -1,750.23 -1,194.85
INT070 68.77 119.20 886.58 -11.73 -386.98 -5,284.30 -2,946.53 -156.39
INT071 -887.61 3.12 -145.85 -5,771.64 -483.95 -19.94
INT072 -242.87 -145.69 274.72 -1.35 3.39 -271.69 -338.08
INT073 -393.73 -4,023.07 -285.50 -158.55 2.79
INT074 -219.38 -285.02 262.56 -366.26 -390.44 -26.76 8.03
INT075 1.22 -286.12 -165.00 602.34 -165.00 -58.52
INT076 0.58 -290.00 0.40 -38.20 -2,011.79 0.34 977.39 3.46 0.30
INT077 11.47 -1,263.74 0.40 -66.41 0.50 0.60
INT078 0.00 0.50 0.87
INT079 0.00 -230.06 127.04
INT080 0.00 274.06 58.44 967.96 211.68 280.76
INT081 261.55 282.12 763.34 270.77 -124.40 -36.11
INT082 949.01 1.57 -50.76 270.97 -232.84
INT083 400.00 887.76 400.00 0.20 272.60
INT084 302.59 359.10 0.40 796.42 322.23 363.17 1.23
INT085 370.30 706.93 400.00 11.82 268.95
INT086 400.00 470.75 400.00 -111.00
INT087 834.51 91.56 -2.28 919.84
INT088 883.92 101.74 382.29 933.28 -771.48
INT089 400.00 4.31 118.47 810.09 176.04 3.23 745.92 400.00 10.81 27.61 -800.05
INT090 327.78 -22.18 263.80 786.83 115.65 10.32 -404.83 918.63 -1,864.09
INT091 128.65 -1,091.33 -378.88 708.80 -26.06 70.85 611.28 -97.75 -2,562.57 33.42 277.61 -1,437.69
INT092 164.57 21.20 92.30 48.47 -143.16 -164.43 648.28 15.34 -7,237.88 137.39 264.09 958.77 8.79
INT093 -1,140.45 164.99 -260.33 -965.77
INT094 867.13 -60.44 428.16 853.38 918.45 -55.12 -3.68
INT095 970.99 647.20 17.59 263.95 438.58 859.81 17.26 77.09 -812.61
INT096 770.41 -2,026.22 -229.93 103.86 266.01 -1,013.15 224.37 774.50 952.17 500.00 125.63 -147.65 59.29
Pret final de excedent din luna Aprilie 2026
1/1