PDF PAGE 1
Data: 08.01.2026
MWh
Interval/Data 01.10.2025 02.10.2025 03.10.2025 04.10.2025 05.10.2025 06.10.2025 07.10.2025 08.10.2025 09.10.2025 10.10.2025 11.10.2025 12.10.2025 13.10.2025 14.10.2025 15.10.2025 16.10.2025 17.10.2025 18.10.2025 19.10.2025 20.10.2025 21.10.2025 22.10.2025 23.10.2025 24.10.2025 25.10.2025 26.10.2025 27.10.2025 28.10.2025 29.10.2025 30.10.2025 31.10.2025
INT001 -12.148 -8.898 29.040 -109.135 46.185 15.399 -54.184 15.553 -44.619 25.518 -25.183 -22.431 -16.743 -3.962 1.829 -3.590 -0.724 0.040 1.381 -0.920 7.541 18.325 17.747 2.560 55.777 2.947 -7.888 13.457 -11.895 -3.318 -0.693
INT002 -2.780 8.109 24.509 -132.223 46.401 -4.041 -62.334 -3.989 -40.742 10.281 -9.794 -13.321 -12.289 9.500 19.322 -13.919 4.616 2.217 -5.441 -15.371 11.893 20.803 22.114 -1.203 57.730 -20.581 -11.561 20.724 -7.559 -2.477 -17.494
INT003 -7.771 5.229 0.587 -127.752 25.305 0.637 -52.588 -51.314 -18.101 -4.681 -23.120 -20.917 -8.627 8.093 24.380 -20.378 2.116 -5.912 6.781 -15.257 1.832 10.041 9.140 -8.943 58.576 -10.243 -3.222 22.960 -2.477 4.510 -31.685
INT004 -6.830 9.106 10.498 -128.818 -14.566 6.229 -31.724 -73.486 -13.211 -19.157 -25.594 -1.790 -11.357 10.061 14.318 -14.494 -3.137 -5.836 34.214 4.951 6.382 24.896 -8.863 -2.860 72.234 -4.574 1.520 12.964 1.007 10.258 -31.404
INT005 -2.020 9.925 7.460 -79.376 -43.156 20.112 -27.082 -103.555 -5.069 1.406 -48.011 -15.356 -15.620 0.398 23.995 -30.090 12.405 -6.191 -1.050 11.388 -9.252 -0.203 -40.409 5.157 39.253 -18.246 -15.605 18.794 -16.229 12.613 -24.312
INT006 -7.676 -5.041 4.720 -89.301 -41.422 10.667 -31.200 -104.360 -1.817 -23.291 -63.038 10.372 -25.613 -11.452 21.139 -20.656 16.734 -7.476 13.095 2.276 -0.830 18.961 -29.868 -1.704 34.423 -32.095 -1.240 12.530 -17.114 8.166 -28.261
INT007 7.982 -3.579 11.124 -81.652 -54.561 7.580 -39.240 -97.332 -2.191 -36.555 -65.140 19.184 -29.774 5.218 26.831 -39.599 3.925 -21.953 12.906 4.984 -5.023 11.062 -33.673 0.694 46.879 -36.762 1.480 7.318 -18.113 22.239 -24.039
INT008 -1.279 -11.947 20.936 -72.078 -64.926 11.453 -35.899 -89.142 24.486 -17.696 -36.932 20.116 -28.049 -1.236 36.589 -28.511 7.724 -18.970 24.313 4.762 3.635 15.994 -28.431 -10.165 33.384 -25.204 0.113 -19.258 -18.426 9.175 -17.476
INT009 13.059 -19.905 14.477 -29.220 -50.793 8.244 -55.269 -90.553 15.625 -14.208 -43.154 12.566 -18.230 -4.927 22.735 -37.626 17.688 -14.562 13.713 28.497 -0.821 24.103 -15.536 -23.263 20.100 -36.278 12.644 -19.368 -27.835 10.217 -1.015
INT010 18.797 -15.264 7.412 -37.349 -45.459 21.817 -27.723 -99.951 21.524 -8.389 -13.101 28.237 -17.968 -8.683 15.739 -20.206 5.491 -13.213 12.707 3.418 17.025 12.669 -2.941 -27.899 10.806 -31.991 11.146 -20.581 -40.530 0.286 2.398
INT011 17.161 -0.384 26.168 -8.536 -35.348 29.095 -22.582 -116.270 16.499 -3.284 -10.644 51.490 -18.563 -6.279 6.296 -17.715 10.976 -20.649 9.933 9.845 14.062 13.084 -11.380 -36.332 11.536 -31.512 2.717 -13.914 -26.921 8.470 29.094
INT012 32.815 -0.761 29.024 2.503 -42.218 20.019 -36.908 -147.387 9.696 -12.290 10.729 46.741 -20.372 2.040 19.576 -13.450 5.263 -9.652 -4.760 2.882 7.956 4.605 -7.333 -23.654 28.178 -31.780 -2.998 0.552 -16.329 -0.842 14.474
INT013 31.643 -8.455 24.719 -17.973 -13.891 17.763 -32.979 -141.177 0.432 10.965 -2.022 33.590 -13.899 -3.849 26.402 -6.563 5.202 -10.708 -10.259 9.269 13.895 15.191 2.469 -39.637 47.667 -23.256 1.932 18.247 -15.798 4.864 -0.029
INT014 21.317 -6.813 20.697 -28.040 -5.165 9.661 -36.461 -125.121 6.814 -5.486 1.444 17.929 -26.532 12.181 19.912 -10.068 -4.292 -7.499 -8.367 21.582 5.008 2.970 -12.035 -52.453 50.331 -25.221 2.417 26.214 -18.581 -5.159 -6.447
INT015 29.137 3.271 40.536 -26.017 -9.046 8.332 -43.100 -108.597 7.229 0.052 -13.939 33.128 -11.315 0.718 35.254 -21.090 -1.349 -14.332 -3.101 13.014 15.806 7.732 -16.049 -47.945 18.341 14.232 1.430 33.770 -0.737 2.227 6.454
INT016 24.998 -7.417 29.203 -36.610 -1.360 9.972 -30.431 -106.259 29.185 1.022 -8.096 33.320 -17.600 -8.568 28.614 -30.788 -0.335 2.008 6.098 33.860 3.161 -3.497 -11.307 -51.533 10.658 6.378 2.557 23.027 0.629 -13.552 2.459
INT017 24.678 -9.744 25.122 -26.136 20.831 26.317 -43.996 -77.820 -3.988 26.648 -12.538 12.092 -21.840 -2.804 21.847 -17.186 -4.910 -0.458 5.734 22.563 -1.445 11.869 -12.118 -50.858 35.496 9.993 13.972 10.596 -7.844 -10.160 23.611
INT018 18.578 -8.274 16.472 -25.647 12.127 19.760 -46.683 -48.850 -1.518 18.628 -14.211 17.703 -11.343 13.363 9.894 -27.730 -7.795 1.576 9.985 27.099 -4.651 5.343 -21.122 -29.413 35.107 12.053 10.045 15.499 -24.814 -18.754 45.272
INT019 21.146 -4.948 17.341 -33.555 12.987 -13.563 -69.342 -46.207 -30.019 18.740 -1.152 29.413 -3.551 11.204 -2.404 -19.806 -3.285 -1.477 -0.474 17.037 3.965 -3.864 -31.578 -28.237 41.704 16.687 18.907 8.802 -14.746 -6.389 38.143
INT020 18.082 -21.672 15.008 -32.328 15.301 -6.744 -63.988 -52.111 -33.083 22.287 29.722 25.890 -12.816 12.495 -2.039 -27.499 -3.964 3.724 6.107 18.541 5.310 -8.857 -27.633 -9.011 31.345 9.063 53.347 15.870 -5.821 -13.049 43.207
INT021 -8.072 -33.701 22.640 -40.364 13.988 -12.566 -57.228 -52.177 -15.668 34.932 21.816 21.855 -3.860 11.387 -2.868 -12.918 9.497 -3.265 2.572 10.628 5.460 -1.145 -34.278 -13.528 37.949 -11.489 75.186 23.540 -19.681 -15.922 27.806
INT022 -8.546 -40.710 13.540 -33.742 14.322 -4.022 -61.730 -35.292 -36.051 42.685 22.317 17.456 -9.952 -1.526 3.097 -25.466 -9.544 -9.353 4.112 -1.566 -5.862 8.779 -35.496 -13.303 40.191 -8.299 57.371 54.727 -17.420 -16.410 38.114
INT023 -8.451 -20.392 29.991 -25.134 3.226 -5.872 -58.028 -27.164 -43.285 49.119 4.857 20.806 -39.375 1.915 0.305 -24.442 -0.254 -9.707 20.703 3.768 -0.962 -9.620 -41.795 -2.398 25.077 -8.266 43.972 60.224 -20.273 0.282 33.676
INT024 -0.820 -10.657 16.378 -24.374 -15.405 -14.303 -72.386 -1.716 -43.475 69.768 16.994 29.729 -32.944 10.268 -14.288 -31.402 -6.641 -13.781 24.649 -20.583 -4.581 -12.125 -37.681 -0.429 7.880 -6.132 16.561 62.461 -11.198 -15.611 34.472
INT025 25.734 -14.981 16.297 -25.854 1.271 -36.380 -50.287 36.380 -32.879 60.523 -5.193 24.846 -37.097 27.903 -5.210 1.261 71.103 -3.687 24.850 0.153 25.504 -2.363 -30.580 -12.861 13.433 -24.746 12.675 54.561 -19.681 -15.529 38.078
INT026 35.478 18.758 7.004 -11.122 28.150 -38.749 -67.921 14.323 -34.473 34.909 -30.445 27.004 -46.355 7.274 -24.434 -15.103 64.576 -16.097 19.221 -16.642 11.247 -3.270 -21.176 -29.161 4.663 -15.226 37.396 83.193 -9.648 -15.083 26.001
INT027 15.547 12.129 2.141 5.634 19.962 -57.646 -61.497 -5.146 -37.724 8.114 -34.703 15.028 -42.953 -0.702 -30.860 -27.928 58.549 -18.616 10.296 -22.851 11.705 -9.285 -20.036 -35.315 -3.279 1.196 35.776 86.138 -3.113 -1.557 6.359
INT028 6.579 -10.394 -4.053 -12.426 14.580 -51.017 -79.347 -58.937 -39.328 17.828 -40.644 2.873 -54.719 -33.487 -31.586 -49.047 51.857 -22.184 23.838 -30.298 -2.690 -17.627 -55.049 -22.594 -22.576 12.577 26.213 84.077 3.052 -5.408 -2.362
INT029 18.596 -37.023 9.801 -20.267 13.281 -48.659 -65.995 -19.528 -18.115 42.844 -46.891 0.922 -14.922 -16.047 -20.381 -26.471 -9.343 -9.628 7.877 -10.447 -9.502 11.689 -46.696 1.954 -1.561 18.447 59.663 77.275 24.806 -17.453 18.233
INT030 9.992 -47.138 -7.406 -10.401 -5.547 -73.494 -70.718 -33.757 -3.039 33.008 -67.501 -4.704 -28.507 -38.593 -42.871 -49.632 -17.660 -33.261 7.190 -37.502 -32.874 -7.925 -72.297 12.106 -33.371 31.725 79.454 60.099 17.913 -19.955 6.714
INT031 5.653 -41.571 -3.022 12.295 2.889 -70.674 -82.717 -36.108 2.538 -1.958 -54.721 -9.271 -22.612 -40.880 -48.480 -72.829 -34.467 -25.279 -3.188 -49.020 -34.383 3.972 -73.904 5.584 -28.680 28.413 73.053 18.008 33.295 -3.566 -1.018
INT032 3.536 -42.621 -19.123 28.733 1.310 -82.955 -92.188 -61.300 0.246 5.930 -68.162 -6.201 -26.188 -62.851 -58.700 -76.568 -35.227 -25.430 19.046 -41.924 -34.907 -10.587 -82.274 0.447 -29.445 8.803 66.995 8.421 49.823 9.646 -2.708
INT033 -0.858 -52.103 -6.811 0.862 9.018 -88.827 -78.561 -28.039 -19.092 7.341 -50.829 9.093 -13.287 -30.206 -33.752 -84.283 -30.556 -26.710 17.313 -68.203 -23.918 19.554 -77.691 -2.297 -37.411 -15.132 83.834 10.695 48.297 11.429 -1.818
INT034 2.826 -56.424 -33.452 17.856 0.010 -112.484 -81.587 -79.643 -13.380 11.015 -63.034 24.808 -17.863 -19.419 -46.456 -90.894 -27.710 -30.017 33.781 -39.928 -12.564 33.660 -80.654 -3.426 -18.420 -18.668 92.260 47.010 50.617 22.250 -3.535
INT035 5.911 -66.124 -35.034 9.810 -2.421 -151.618 -89.567 -109.865 8.975 19.583 -22.675 33.246 -30.031 -10.940 -52.593 -106.450 -25.806 -29.199 61.409 -42.901 -20.740 31.655 -72.185 10.999 -6.420 -14.555 122.886 63.849 29.554 41.981 6.511
INT036 15.704 -61.012 -45.479 19.135 15.796 -156.745 -59.037 -114.333 -0.758 27.195 -18.424 45.724 -36.886 4.877 -42.822 -85.163 17.486 -20.403 73.844 -4.129 14.928 62.434 -54.705 17.350 47.583 -26.630 116.682 55.727 51.599 77.545 45.508
INT037 -0.998 -61.594 -65.598 -11.068 -29.209 -190.148 -78.880 -106.354 -36.094 9.069 -51.669 8.662 -42.433 -4.491 -42.839 -134.733 -95.026 -70.586 62.023 27.768 -21.491 38.916 -93.209 -13.630 -10.309 -58.123 67.857 17.239 14.095 32.159 35.846
INT038 17.909 -45.158 -94.409 -37.197 -24.875 -199.544 -80.192 -123.009 -46.962 15.880 -41.632 -8.101 -49.628 9.605 -22.052 -92.968 -77.059 -63.775 75.022 50.910 -4.292 54.838 -101.301 -34.174 22.317 -63.789 49.075 46.132 22.578 28.097 32.194
INT039 7.186 -58.006 -89.887 -50.560 -5.708 -188.186 -78.865 -146.632 -52.013 10.649 -22.082 -15.119 -62.831 27.832 -13.459 -97.373 -76.055 -72.389 74.731 72.178 10.484 34.926 -99.577 -67.957 47.058 -65.275 42.930 62.917 12.290 24.091 26.089
INT040 12.272 -65.488 -72.536 -51.716 38.628 -199.084 -54.636 -182.925 -62.552 32.025 -3.154 -24.052 -26.081 29.059 -12.589 -76.497 -56.333 -59.798 85.554 86.903 25.238 38.781 -98.968 -89.070 67.806 -82.101 31.266 73.867 31.587 12.143 49.700
INT041 5.373 -34.771 -74.829 -30.254 63.056 -192.961 -84.123 -198.318 -59.423 20.977 8.031 -10.253 -58.940 9.902 -21.716 -99.042 -34.987 -97.506 33.871 26.532 1.900 8.331 -133.350 -113.362 60.760 -101.288 -16.043 80.571 17.865 -28.249 51.221
INT042 17.983 -6.440 -93.503 -42.030 65.867 -201.540 -75.530 -229.696 -58.088 41.683 22.077 -18.285 -43.861 14.664 -17.304 -93.902 -12.767 -94.983 56.168 36.042 -10.559 13.510 -127.719 -133.464 52.090 -106.626 -2.218 83.246 27.082 -34.396 51.432
INT043 7.650 -24.126 -77.842 -33.714 70.631 -211.170 -72.111 -277.433 -33.821 32.716 45.320 0.947 -17.473 25.413 -12.164 -72.737 -30.564 -101.390 40.447 25.947 14.935 33.179 -108.380 -145.463 41.857 -98.355 -1.657 83.751 47.048 -4.967 37.770
INT044 33.849 -10.299 -46.122 -33.573 69.689 -185.779 -43.564 -279.130 11.759 26.996 71.765 21.962 -7.452 16.849 -2.441 -99.733 -14.473 -89.786 44.441 36.534 38.801 45.530 -111.307 -142.925 54.031 -76.920 2.895 91.671 52.275 -3.533 41.501
INT045 39.592 -58.719 -49.509 -13.652 80.338 -197.969 -43.684 -191.294 -11.615 20.529 58.207 17.545 3.400 28.077 3.650 -146.988 -22.034 -47.256 41.608 10.106 17.327 38.822 -121.002 -114.415 -21.198 -85.452 -50.816 67.024 86.074 23.182 42.557
INT046 45.202 -43.835 -53.463 -19.404 73.370 -189.528 -31.996 -183.994 -11.612 39.615 42.729 7.588 8.379 37.575 2.033 -137.778 5.343 -39.822 55.785 0.380 8.377 47.799 -131.145 -93.864 -31.814 -77.451 -67.695 51.454 65.036 16.560 50.387
INT047 30.312 -72.180 -62.638 -22.453 73.501 -167.421 5.083 -148.081 -18.590 40.450 47.824 11.152 30.954 36.118 10.332 -112.370 13.430 -46.175 42.256 26.573 39.150 48.791 -110.836 -97.070 -30.116 -77.173 -87.925 18.596 52.576 26.537 33.983
INT048 49.734 -60.184 -62.823 -26.515 85.818 -132.836 1.996 -99.706 0.232 32.536 -1.320 12.255 36.531 45.526 24.222 -69.255 25.556 -48.929 53.722 40.594 25.265 48.375 -90.715 -77.089 -22.510 -73.630 -88.958 29.301 62.565 13.488 21.540
INT049 68.788 -59.699 -68.816 2.127 57.754 -130.614 19.493 -106.978 19.118 47.052 -21.288 5.473 45.285 42.798 16.080 -63.913 1.889 -65.477 47.899 47.403 27.425 32.471 -65.545 -65.383 -9.560 -72.251 -61.888 72.671 30.371 28.319 26.273
INT050 61.169 -29.656 -43.280 -6.843 21.690 -115.630 32.110 -94.672 29.118 36.441 -36.915 19.026 72.385 65.356 18.039 -63.447 5.109 -63.802 45.270 13.206 43.807 51.114 -57.371 -42.596 -39.748 -59.045 -47.223 84.225 47.779 14.741 22.917
INT051 47.624 -31.245 -49.690 -18.224 -16.856 -108.429 6.138 -83.325 -0.167 20.845 6.083 11.949 33.191 84.265 19.969 -40.326 -2.630 -47.367 51.613 9.619 25.822 30.231 -52.185 -31.190 -43.407 -50.773 -8.314 52.557 41.330 10.225 8.390
INT052 51.228 3.937 -57.146 -20.753 -1.801 -92.330 -22.298 -75.044 21.656 16.300 24.318 2.784 49.457 66.308 23.731 -47.163 8.204 -39.406 53.824 13.201 40.159 43.360 -39.160 -9.379 -32.542 -40.342 15.925 24.768 36.533 12.562 -16.202
INT053 86.753 -18.712 -66.223 -27.665 2.475 -85.833 -15.849 -25.705 50.137 16.383 26.756 -4.275 18.131 93.498 20.139 -64.913 15.518 -21.685 58.086 48.319 37.962 29.293 17.206 -22.603 -3.815 -42.484 27.458 -2.714 46.290 15.605 -15.974
INT054 86.252 -15.550 -60.410 -16.293 16.899 -83.287 -8.460 -10.336 54.691 17.076 14.761 -28.258 11.715 63.409 -3.437 -78.498 29.577 -23.080 56.385 34.165 25.582 34.410 13.937 0.960 1.783 -58.908 -2.361 -37.709 33.595 20.216 -36.005
INT055 73.835 -18.942 -34.496 -33.888 -1.800 -49.717 -25.454 12.474 49.398 17.908 49.741 -31.826 28.348 41.158 5.148 -79.182 26.916 -14.707 37.199 38.546 30.039 39.281 19.523 31.092 4.861 -64.405 -16.209 -60.621 42.681 28.337 -9.091
INT056 56.627 -57.570 -29.809 -30.567 -0.511 -66.735 -12.423 -1.513 65.534 -3.433 38.012 -48.320 23.937 43.525 -5.032 -85.784 48.977 0.377 44.204 46.370 0.027 43.395 27.366 27.082 -2.055 -65.015 -2.220 -72.086 29.507 21.934 -7.368
INT057 61.212 -60.707 -38.608 -29.202 11.600 -112.721 -24.038 -27.385 62.401 -23.056 0.132 -52.509 7.147 42.685 -2.560 -72.175 62.507 4.007 44.223 39.025 -24.775 53.635 34.338 -18.693 -2.720 -79.507 31.608 -43.787 47.271 22.386 7.504
INT058 18.756 -63.253 -35.925 -37.678 5.248 -108.966 6.555 -35.310 16.816 -23.642 2.124 -92.983 29.412 29.813 -13.139 -48.028 86.745 -2.268 32.181 54.372 -38.751 53.591 55.732 -13.828 -7.743 -90.980 27.630 -47.001 24.105 0.146 17.794
INT059 21.788 -57.409 -34.782 -38.910 -15.969 -93.741 7.634 -35.085 36.726 -13.131 14.517 -104.530 55.422 8.390 -21.570 -32.977 52.415 -6.305 29.124 59.467 -45.932 52.612 52.464 -35.892 11.512 -106.906 29.549 -57.221 31.762 7.505 19.200
INT060 22.660 -52.911 -41.332 -42.500 -4.620 -93.605 -6.206 -38.582 24.824 -50.918 7.718 -91.015 71.415 -3.023 -3.572 -3.092 43.077 -12.588 38.319 36.484 -29.354 17.879 43.730 -20.828 -0.407 -101.630 43.971 -78.614 30.378 11.723 11.529
INT061 9.220 -18.047 -49.897 -62.050 31.291 -85.417 -0.711 -28.061 44.672 -51.599 33.071 -58.471 71.786 12.574 -7.835 108.586 49.631 -32.842 63.216 82.497 -12.377 34.070 12.652 -53.141 -18.422 -77.402 69.478 -7.739 62.447 19.622 51.144
INT062 -5.696 -5.030 -47.145 -68.533 42.658 -58.850 -25.820 -62.955 7.157 -69.048 28.886 -62.623 46.249 4.766 -6.715 118.864 43.548 -39.136 54.066 77.596 -24.177 11.431 -0.271 -12.482 -20.661 -70.113 31.227 -26.583 38.571 -20.861 40.503
INT063 -1.838 -8.441 -29.029 -83.102 43.502 -68.260 -13.182 -64.964 4.872 -40.941 -4.428 -47.243 45.589 27.115 -16.375 112.178 33.110 -47.434 43.374 75.568 -7.222 -0.240 6.874 23.675 -7.358 -79.973 16.362 -9.919 29.846 -34.120 23.743
INT064 18.786 -17.858 -13.795 -94.268 53.614 -23.508 -10.267 -74.474 5.521 -39.845 11.292 -34.658 32.542 25.480 -0.312 115.336 36.601 -44.587 58.157 70.966 2.321 -9.487 2.806 26.601 -12.425 -86.344 -7.124 -24.678 11.367 -43.508 -12.858
INT065 -2.325 -17.489 -35.092 -81.238 106.471 -33.832 -19.060 -53.508 25.189 27.603 10.796 -9.256 31.595 43.257 11.542 60.972 26.911 -36.479 65.307 105.617 12.527 11.139 13.980 46.809 24.196 -80.512 -18.557 -5.050 45.812 -26.406 14.555
INT066 -20.222 -23.591 -48.513 -48.841 96.794 -36.557 -9.208 -60.733 22.210 54.491 4.629 2.416 2.319 52.455 6.216 47.987 -2.896 -42.940 29.977 73.990 15.449 1.837 0.443 66.111 35.968 -105.045 -60.366 -28.465 8.071 -42.824 -18.315
INT067 -10.368 -14.273 -39.622 -26.196 87.908 -42.422 -7.932 -44.732 9.158 70.131 -6.034 -10.572 -10.977 52.401 22.398 64.721 3.930 -46.427 41.387 44.138 0.920 -28.882 4.611 57.176 35.436 -133.464 -90.038 -39.359 -13.715 -41.543 -24.993
INT068 -0.875 -20.895 -38.244 -32.190 74.880 -52.223 -4.410 -52.978 -2.547 51.869 -23.278 -17.425 2.381 47.471 -8.200 59.743 -12.864 -51.838 29.376 18.993 -5.812 -33.313 -1.418 14.599 9.187 -147.626 -82.827 -57.932 -3.993 -45.299 -33.274
INT069 25.300 -23.609 -26.521 8.556 56.592 -63.183 -4.925 -15.798 11.329 70.144 -7.815 -0.261 -70.569 43.809 -3.614 0.742 59.575 -30.413 68.401 50.653 45.758 -3.637 47.530 13.084 39.985 -117.035 -53.752 -54.820 21.694 -2.815 -76.861
INT070 40.669 -13.343 -21.594 24.281 20.290 -62.351 15.513 -41.238 1.127 23.978 -10.214 1.162 -41.201 41.900 -16.879 -23.035 43.349 -28.131 85.082 16.238 39.415 -2.453 2.962 -1.715 27.657 -126.835 -65.484 -62.490 3.137 -20.851 -114.244
INT071 72.634 -11.102 18.089 33.272 15.459 -83.871 3.661 -41.622 -14.452 10.512 -46.405 -14.913 -78.938 25.746 -32.054 -35.941 40.092 -25.227 46.511 -11.648 34.942 -14.673 3.276 6.903 -1.022 -117.625 -95.388 -75.229 -13.879 2.094 -139.054
INT072 92.827 -4.802 -1.590 39.614 -9.031 -92.181 27.912 -56.734 -7.001 6.117 -72.499 -11.986 -74.873 -3.530 -41.149 -32.922 28.998 -22.880 9.774 -31.645 31.308 -19.852 -9.126 -5.403 -4.957 -102.177 -87.255 -85.006 -6.114 3.537 -119.132
INT073 102.076 1.439 -19.095 49.578 6.978 -34.762 17.427 -62.775 -3.692 13.378 -63.854 -12.655 14.270 1.684 -29.242 56.200 40.825 22.278 24.152 -11.835 44.527 -24.056 -5.194 -3.525 22.028 -37.769 -78.714 -59.563 -5.988 31.266 -87.311
INT074 82.174 10.844 -5.306 51.162 33.260 -21.178 13.075 -95.917 -26.007 12.089 -66.584 -1.873 -13.476 12.926 -43.322 65.933 29.767 26.234 33.315 -7.131 23.697 -26.183 9.595 -12.216 10.452 -49.852 -98.596 -68.430 -16.123 22.734 -67.176
INT075 60.232 13.334 -1.564 40.834 17.489 -17.205 -11.487 -85.719 -20.211 7.409 -76.839 -3.518 -22.599 4.326 -44.297 70.316 42.981 16.293 -1.161 -19.699 4.111 -25.251 21.812 -5.640 -5.008 -60.338 -94.909 -72.520 -13.139 26.061 -81.940
INT076 74.576 20.130 23.377 22.743 -30.234 -21.629 -6.370 -103.947 -21.170 -17.078 -87.949 -26.656 -42.673 -1.430 -23.767 58.318 22.478 4.675 27.664 -17.926 6.363 -4.238 35.836 -8.091 7.641 -59.980 -81.800 -37.654 2.138 4.362 -73.949
INT077 91.468 34.551 27.880 17.009 3.481 -14.435 -0.141 -73.343 -1.968 -28.731 -65.787 -20.978 -16.925 24.183 25.055 29.315 12.219 -21.340 32.380 -3.487 29.432 -23.415 9.550 35.812 17.694 -42.372 -49.836 -14.925 19.481 20.167 -58.159
INT078 96.669 57.707 43.883 7.377 -5.972 -8.216 14.818 -90.189 4.070 -51.281 -65.622 -17.220 -13.045 29.353 34.711 28.685 12.562 -17.549 10.572 -1.900 24.555 -26.753 15.996 46.794 16.916 -43.228 -18.707 -7.668 5.289 -9.612 -46.739
INT079 85.140 63.188 28.015 23.626 9.479 -9.992 17.020 -78.322 0.895 -48.113 -49.806 2.758 -17.895 11.121 32.791 19.756 23.668 -19.825 23.861 -4.841 14.041 -38.712 13.319 34.793 5.282 -30.799 6.979 -8.916 7.663 -9.915 -49.740
INT080 87.043 57.343 41.559 2.615 10.627 -14.026 29.656 -101.514 5.196 -62.285 -40.116 13.594 -14.941 18.828 25.500 17.152 9.493 -31.549 11.948 -16.418 27.513 -21.695 17.858 47.872 -4.210 -13.039 37.182 -14.128 25.995 -14.454 -30.616
INT081 86.391 60.034 64.423 0.822 19.386 -19.182 32.330 -71.156 45.831 -86.034 -11.953 25.018 -16.997 19.845 5.018 4.593 11.888 -69.671 9.772 -4.945 57.793 -11.820 4.359 45.777 20.405 14.722 17.894 -14.170 36.865 9.115 -33.269
INT082 84.567 50.722 68.368 6.112 20.823 -9.195 38.180 -72.278 56.158 -88.464 -3.564 33.670 5.782 4.371 14.598 -4.281 8.669 -65.372 11.326 1.535 34.110 -14.772 -4.952 41.615 17.764 15.359 15.655 -13.794 25.959 -9.369 -33.473
INT083 91.712 58.952 65.279 -31.725 12.862 -19.477 55.555 -65.151 40.700 -92.092 -4.739 24.249 -1.198 5.786 12.627 -9.910 20.511 -58.135 -8.467 -5.212 33.544 -8.203 -8.993 57.888 17.386 1.041 18.207 -23.969 32.638 4.472 -37.602
INT084 80.516 46.851 32.636 -28.568 8.930 -32.779 38.449 -61.407 51.825 -63.393 -25.215 37.261 -2.137 21.890 17.093 -12.133 25.465 -44.783 10.427 -8.673 39.576 -2.258 -3.568 56.805 26.624 -11.082 4.561 -31.504 24.169 -3.525 -32.838
INT085 71.696 69.818 29.956 -53.762 19.832 -9.671 46.084 -96.207 19.803 -69.845 -35.122 32.310 7.349 16.645 -39.100 16.998 35.451 -10.738 16.048 -17.742 44.766 13.461 -16.334 53.593 17.012 -10.509 -13.891 -7.210 11.647 17.681 2.184
INT086 74.947 46.361 -25.046 -33.544 22.268 -28.945 21.281 -77.628 14.664 -58.491 -37.944 43.968 -4.390 12.468 -37.061 11.507 20.874 7.796 11.887 -12.056 40.682 2.441 -29.606 50.633 26.244 -3.752 -10.126 -22.912 -4.909 21.155 -1.205
INT087 64.251 37.839 -33.741 -12.509 3.208 -28.007 38.372 -91.081 12.569 -45.246 -32.791 38.393 33.626 15.365 -27.417 14.935 22.565 -2.763 25.000 -5.626 32.252 -22.226 -8.120 73.393 30.840 -5.553 9.059 -15.192 -1.835 15.654 -6.133
INT088 33.803 39.226 -34.602 12.298 8.027 -32.529 26.874 -91.088 56.286 -24.045 -42.008 32.497 41.908 8.882 -9.805 27.618 22.787 1.494 24.847 -2.053 39.850 -3.147 -7.685 81.489 14.345 -0.291 16.288 5.344 10.834 25.983 -11.754
INT089 18.261 60.759 -24.073 11.448 -2.614 -41.465 -14.154 -84.844 75.114 -53.790 -45.679 16.402 1.726 -0.373 3.030 24.411 4.686 -17.193 21.278 -7.469 13.334 -27.803 -34.005 46.263 4.455 -4.923 -17.421 -15.108 -4.695 33.364 -28.072
INT090 31.070 54.889 -41.850 6.989 -1.024 -25.203 7.853 -77.215 88.341 -48.483 -34.765 21.042 16.486 -9.162 5.053 10.008 3.132 -11.793 13.207 4.291 32.857 -10.872 -30.256 63.352 -3.916 -4.822 -26.778 -28.522 9.687 37.551 -25.084
INT091 34.082 61.214 -38.871 19.979 26.749 -49.234 30.291 -60.228 67.621 -37.275 -11.098 24.260 6.412 -9.111 33.092 20.812 8.072 -17.722 35.582 5.762 41.361 4.274 -25.260 53.381 -6.916 1.392 -27.348 -25.585 4.168 43.275 -16.859
INT092 20.198 64.482 -53.070 42.409 6.117 -41.669 26.429 -41.939 67.807 -10.310 -17.312 -0.630 21.144 -0.695 20.078 20.486 19.182 -13.860 48.990 10.269 43.023 5.714 -19.713 59.921 -2.792 16.634 -25.086 -29.880 7.754 41.985 -12.014
INT093 23.117 49.816 -47.929 35.184 29.513 -50.696 10.420 -38.169 30.344 -24.080 -24.484 -8.729 37.085 -8.216 28.394 3.044 -9.711 -35.759 15.389 -2.995 25.710 -3.394 -15.375 43.262 -32.996 -4.532 -6.769 -43.025 -2.260 21.489 -24.777
INT094 16.171 58.541 -96.902 33.582 25.949 -49.986 20.291 -23.703 17.311 -12.697 -28.805 -27.055 22.435 14.927 31.253 -5.592 -10.941 -11.881 23.617 4.913 33.548 10.218 -4.231 32.695 -27.263 2.448 -13.446 -54.927 -2.825 26.489 -22.432
INT095 5.878 32.424 -142.657 64.115 19.221 -44.241 29.258 -4.382 27.028 -21.381 -26.081 -26.067 31.763 -1.199 13.285 -8.322 -17.858 -3.495 11.198 1.421 30.778 9.352 0.747 46.957 -36.862 12.937 10.324 -48.346 -7.557 20.733 -20.766
INT096 -1.862 40.112 -148.201 51.479 36.689 -40.063 39.234 -19.296 30.194 -18.465 -21.633 -27.090 25.513 8.925 7.604 -3.574 -12.071 9.149 16.823 1.295 29.256 26.630 -7.111 53.415 -17.646 23.062 15.642 -31.062 4.531 -2.570 -13.846
INT097 0.000 0.000 0.000 0.000 0.000 0.000 0.000 0.000 0.000 0.000 0.000 0.000 0.000 0.000 0.000 0.000 0.000 0.000 0.000 0.000 0.000 0.000 0.000 0.000 0.000 10.667 0.000 0.000 0.000 0.000 0.000
INT098 0.000 0.000 0.000 0.000 0.000 0.000 0.000 0.000 0.000 0.000 0.000 0.000 0.000 0.000 0.000 0.000 0.000 0.000 0.000 0.000 0.000 0.000 0.000 0.000 0.000 16.626 0.000 0.000 0.000 0.000 0.000
INT099 0.000 0.000 0.000 0.000 0.000 0.000 0.000 0.000 0.000 0.000 0.000 0.000 0.000 0.000 0.000 0.000 0.000 0.000 0.000 0.000 0.000 0.000 0.000 0.000 0.000 23.018 0.000 0.000 0.000 0.000 0.000
INT100 0.000 0.000 0.000 0.000 0.000 0.000 0.000 0.000 0.000 0.000 0.000 0.000 0.000 0.000 0.000 0.000 0.000 0.000 0.000 0.000 0.000 0.000 0.000 0.000 0.000 30.902 0.000 0.000 0.000 0.000 0.000
Situatie privind dezechilibrul SEN pentru fiecare interval de decontare din luna Octombrie 2024
1/1