PDF PAGE 1
Data: 20.03.2026
lei/MWh
Interval/Data 01.02.2026 02.02.2026 03.02.2026 04.02.2026 05.02.2026 06.02.2026 07.02.2026 08.02.2026 09.02.2026 10.02.2026 11.02.2026 12.02.2026 13.02.2026 14.02.2026 15.02.2026 16.02.2026 17.02.2026 18.02.2026 19.02.2026 20.02.2026 21.02.2026 22.02.2026 23.02.2026 24.02.2026 25.02.2026 26.02.2026 27.02.2026 28.02.2026
INT001 3,922.47 1,374.42 -1,784.51 -277.53 164.60 896.20 950.02 -370.60 782.24 992.72 -15.11 -101.02 2,672.66 0.00 108.12 -125.55 839.74 1,116.29
INT002 1,115.39 1,226.56 1,039.48 162.55 -241.87 -289.09 -28.15 781.51 -23.87 218.08 128.67 -4,867.25 839.96 727.22 -233.15 5.78 886.94 -130.80 1,102.64 956.06
INT003 989.59 1,085.39 945.63 -155.16 110.36 27.30 344.26 -47.09 -209.41 990.73 853.92 38.10 182.77 189.69 -6,999.00 949.29 875.75 5.56 962.31 -166.53 877.10
INT004 989.18 986.05 726.16 -97.56 -203.00 -73.08 -8.43 -11.48 70.45 985.33 756.41 75.32 -81.23 -18.98 -224.54 -1,093.59 1,237.77 716.83 -24.25 2,163.89 550.00 678.61 1,543.18
INT005 1,110.28 927.74 849.60 -8.48 14.64 -1.80 2,161.82 887.28 66.63 -142.87 -81.45 923.97 551.05 1,122.00 -78.99 562.00 550.00 685.54 -89.76 774.32
INT006 1,182.90 195.64 1,086.35 0.78 1,311.43 8.25 791.87 -200.68 -349.47 1,069.47 1,220.91 119.65 -227.81 -104.77 2,092.95 584.19 1,768.32 -155.48 562.00 1,296.04 566.17 817.63 -56.86 788.95
INT007 2,017.23 79.69 883.31 1,090.16 -326.36 743.50 -333.71 -753.63 1,106.50 1,024.78 -63.46 293.47 -156.71 1,076.92 548.38 1,412.10 602.66 584.86 588.34 641.57
INT008 971.56 -325.71 745.37 880.90 697.89 4.83 -50.58 -746.60 993.74 818.06 83.32 -250.07 1,135.06 507.04 608.65 550.00 598.43 713.87 -734.60 -724.45 602.72
INT009 949.89 -40.09 814.05 1,998.20 35.21 -44.63 995.54 1,581.91 116.46 1,047.14 647.38 849.01 570.00 899.46 -7.79 842.41 -3,593.14 101.05
INT010 981.13 360.19 794.59 745.46 887.40 21.42 830.10 -171.62 -2,193.66 1,186.60 1,327.88 323.15 1,001.10 -144.32 1,502.30 597.65 570.00 1,078.71 -322.22 975.64 -532.29 599.00 673.01
INT011 0.96 777.88 712.25 1,397.72 -46.21 888.16 176.90 -721.74 1,377.96 928.61 244.11 169.18 -101.17 16.53 1,101.01 666.78 42.07 667.13 570.00 1,430.31 -575.91 709.94 -119.39 617.84 -51.18 696.48
INT012 2.30 -43.23 986.47 -53.66 893.51 -142.83 -118.43 988.52 766.12 150.67 -1,373.40 985.60 574.21 725.82 570.00 793.78 -1,321.34 626.71 -138.21 838.48 6.04
INT013 993.80 -61.49 778.37 -309.04 1,342.24 0.99 111.41 -26.43 1,251.12 1,174.12 680.43 1,236.02 -2,961.02 892.88 533.22 102.86 -25.70 855.19 -152.46 -114.62 897.42 19.85 723.58
INT014 984.52 -216.02 793.09 6.42 1,022.60 29.58 894.93 -77.87 -29.28 1,228.84 1,164.44 760.22 700.63 -475.35 100.40 905.54 716.36 752.35 -363.10 -285.47 888.32 -41.55 126.75 -143.59 818.86 31.67
INT015 975.56 -291.67 857.87 -134.54 1,131.83 41.99 798.28 107.89 -309.44 1,400.51 967.98 925.34 878.59 -506.11 190.49 907.80 510.08 -183.72 3.32 794.44 -72.71 80.48 -235.27 914.01 100.95 779.02
INT016 819.36 -160.25 1,366.86 1,425.90 -16.91 950.72 -2,732.20 -117.08 1,241.92 934.26 3,155.84 1,803.91 183.76 77.63 909.89 510.03 659.36 -3.02 -23.45 -58.67 819.76 180.19 750.90
INT017 -105.62 836.98 733.11 66.32 823.69 -71.74 -115.36 1,280.61 997.93 2,774.53 159.08 565.50 40.05 999.64 588.39 719.24 -13.38 -7.30 1,383.40 789.78 -377.24 806.31 186.27
INT018 350.88 369.43 728.30 827.19 18.80 927.58 290.31 -76.20 975.68 2,087.93 2,705.99 663.46 483.30 66.56 913.84 734.65 691.42 -254.32 -347.66 550.00 769.26 -295.17 809.30 178.01 678.45
INT019 353.21 385.22 1,175.56 757.39 4.38 265.32 -4.47 991.68 994.03 1,941.33 46.57 791.43 -50.19 908.19 834.21 599.00 11.22 550.00 882.69 1,063.51 95.15 739.30
INT020 327.49 -140.98 1,363.72 -102.10 361.07 257.29 54.41 1,109.09 1,963.22 1,032.02 69.22 502.60 40.15 904.31 563.01 883.89 550.00 9.58 -106.92 648.76 891.53 -417.64 2,508.30 157.97 736.22
INT021 282.70 2.62 854.88 3.85 24.06 265.95 39.05 1,226.08 -1,390.35 917.41 11.09 117.31 801.36 205.25 1,555.44 674.26 601.79 36.38 -487.72 845.57 -249.57 -59.91 671.06
INT022 131.63 330.36 1,062.12 5.17 -167.30 -50.34 1,973.99 -1,162.46 778.38 -123.65 1,003.50 259.98 1,105.11 547.95 1,174.31 622.15 -27.66 -1,026.34 760.10 -204.11 -129.81 608.77
INT023 -52.63 -96.78 1,281.49 -147.25 -1,964.52 363.11 -100.48 1,285.49 3,406.83 72.39 101.83 552.13 268.80 909.21 1,105.41 1,200.00 633.45 683.91 141.19 -619.58 731.00 -400.52 628.05 70.67 709.53
INT024 -495.26 -215.14 1,444.77 -979.68 361.24 736.57 -282.56 1,032.19 119.19 881.52 452.60 305.32 1,964.09 662.13 1,323.83 1,832.09 602.82 -223.81 -628.30 1,284.48 -151.18 965.04 113.37 754.23
INT025 -579.37 15.51 1,134.48 101.10 -1,450.84 500.00 26.25 1,116.48 273.38 240.99 68.37 465.31 -216.51 2,446.27 1,412.33 2,376.53 2,809.41 -23.82 -77.39 -165.29 651.96 721.92
INT026 -491.59 1,027.20 159.05 67.78 332.61 71.77 1,004.41 306.97 221.83 729.73 467.89 -568.51 2,696.95 1,207.65 2,180.95 1,058.19 -15.35 -0.22 -230.84 -525.34 599.00 1,505.16 736.66
INT027 700.00 1,032.17 -367.65 266.10 -83.63 1,001.87 268.38 0.52 627.58 465.39 -1,085.66 1,022.93 1,040.73 1,331.72 817.64 -118.27 -294.61 -128.76 -215.92 810.15 880.00 770.91
INT028 722.45 3,134.23 3,006.14 1,128.01 29.65 119.59 53.86 -586.78 1,027.85 156.73 -298.84 737.58 465.29 1,328.58 987.31 4,446.38 815.30 154.32 -258.10 148.43 829.58 1,109.17 1,013.19
INT029 1,680.93 254.05 1,256.81 -16.59 7.99 69.94 51.24 -288.21 400.28 -22.56 217.18 888.74 -2,202.04 1,705.84 134.00 1,655.43 821.92 -1,774.73 -1,235.26 957.27
INT030 1,035.32 453.97 1,605.57 1,160.14 -523.15 216.33 -675.55 1,227.32 224.82 -6.80 50.16 1,144.38 48.11 1,389.37 -14.38 1,181.38 3,691.70 -710.60 106.96 291.91 70.28 839.73 966.56 987.43
INT031 2,959.55 364.44 1,969.55 1,045.12 700.00 393.33 1,115.65 -43.14 700.14 -92.23 679.87 1,545.28 1,808.35 916.41 -100.47 46.59 3.76 653.47 865.22 896.94
INT032 995.42 31.66 1,290.17 1,145.67 216.74 718.92 1,277.45 874.64 43.02 761.51 632.88 1,187.20 156.89 1,558.42 817.17 38.54 -153.86 603.23 727.00
INT033 965.51 253.62 2,131.76 879.92 130.86 848.51 799.44 98.47 811.01 3,145.20 1,247.75 862.97 -206.05 190.24 -135.29 738.04 711.38
INT034 1,529.47 1,198.48 981.52 898.34 920.38 1,302.88 2,257.31 44.80 99.66 1,071.83 1,018.25 255.77 768.15 861.32 53.83 -18.54 764.83 771.95
INT035 1,355.44 1,491.34 1,168.04 2,560.27 938.59 1,324.93 2,773.53 757.50 -1,773.35 1,228.23 878.58 851.49 579.19 770.68
INT036 1,401.66 1,472.01 1,122.36 3,460.22 1,629.21 1,609.90 11.64 367.50 -419.02 754.21 700.00 876.33 13.63 850.38 644.51 773.11
INT037 877.75 2,021.18 1,409.60 1,173.83 721.35 838.55 1,392.32 806.83 -2,301.78 -73.69 303.12 979.38 -80.97 306.30 921.35 524.44 -118.26 668.15 -513.47 -3,241.27 -1,546.38 592.19
INT038 893.60 2,106.77 1,408.35 1,104.26 942.39 937.97 1,255.23 810.83 708.23 -153.50 828.75 308.22 982.91 -103.35 867.91 523.86 804.07 577.96 -21.14 921.33
INT039 993.66 2,168.95 1,399.39 957.47 950.39 1,417.87 -393.78 766.15 -3,358.97 634.46 -173.26 649.02 993.99 29.93 870.22 525.86 993.75 -464.59 -289.05 530.24
INT040 1,022.44 2,448.23 1,389.68 -360.33 258.97 723.38 885.62 3,085.24 875.58 -2,030.01 426.77 -159.32 692.00 994.88 11.31 -1,228.22 870.51 525.86 735.37 -596.03 -1,293.33 565.55
INT041 1,006.33 1,223.95 2,031.91 291.22 500.00 887.93 812.49 4,537.93 -301.44 839.28 770.78 -361.25 558.32 286.00 1,139.14 919.00 -216.06 868.20 513.00 599.00 827.86 -1,100.45 524.84
INT042 1,068.57 1,227.16 1,225.99 5.63 1,444.17 816.91 2,964.83 1,189.30 635.36 -450.23 460.37 217.23 4,816.13 919.00 -150.93 867.98 645.39 628.88 -108.65 -164.76 -161.23 481.58
INT043 1,005.32 1,242.89 1,250.79 0.50 241.57 771.05 814.85 1,418.29 977.62 599.00 -279.69 464.65 1,074.69 -147.39 -116.00 871.00 840.82 -294.16 -167.50 -942.17 822.38
INT044 1,014.44 1,231.04 501.00 1.10 235.99 700.00 814.80 1,328.04 828.77 310.68 -379.73 505.11 73.30 1,212.91 -257.73 -38.65 870.45 604.25 -368.70 -248.98 -1,134.96 905.75
INT045 1,223.18 1,152.71 2,303.10 3,138.46 920.20 619.44 1,536.13 300.78 229.21 -286.77 309.22 -298.61 523.19 144.72 1,022.45 -68.66 823.37 18.13 1,107.47 514.00 559.58 1,045.96 -280.00 -160.61 -1,558.96 554.05
INT046 1,101.38 890.94 314.54 2,031.71 821.50 561.09 1,276.17 236.27 256.89 37.04 305.15 -369.12 783.88 223.25 1,014.53 44.68 -369.99 4.73 834.97 514.00 -107.70 983.12 -200.87 -163.51 -1,486.59 781.95
INT047 127.48 284.97 215.97 349.97 2,223.46 564.33 1,245.06 210.81 281.22 -280.91 543.82 148.50 1,017.91 -200.63 -631.67 601.89 833.83 514.00 -188.74 1,013.03 -162.12 -157.79 -1,000.00 597.80
INT048 311.19 291.73 879.22 1,074.38 501.00 -499.00 265.24 -267.42 514.00 164.81 1,751.46 643.38 -485.30 -649.67 829.78 514.00 -157.80 1,024.99 486.50 -187.23 -3,121.65 1,232.14
INT049 999.74 793.38 367.03 707.57 1,063.80 556.46 1,355.21 286.98 556.00 273.56 -268.79 525.52 -203.58 972.85 -68.91 -33.05 -821.35 828.17 505.11 -110.97 985.88 607.38 -145.56 58.68 3,080.71
INT050 700.00 331.55 1,162.41 0.00 817.39 1,188.21 819.93 1,363.19 350.00 588.98 -150.09 -473.11 543.00 -876.21 996.00 70.17 2.14 -1,288.94 2,756.97 497.00 -55.86 995.24 600.46 -230.61 -1,032.77 2,045.81
INT051 765.53 993.43 706.98 60.02 0.00 700.00 832.32 535.55 1,205.21 1,588.21 575.15 -96.08 -513.60 544.68 -285.64 1,748.29 -74.04 -9.66 2,467.55 514.00 173.39 1,029.19 672.43 -313.19 6.19 445.83
INT052 941.47 351.01 758.02 434.77 340.52 700.00 613.84 1,196.74 301.47 613.25 2.29 8.04 -834.74 533.62 -589.07 995.00 75.98 -177.79 823.38 245.50 1,137.84 1,493.94 -567.28 445.71
INT053 5,812.79 1,039.57 1,457.62 249.66 361.23 861.30 1,918.14 382.14 675.59 888.13 1.10 489.12 255.81 549.27 -86.81 -5,947.37 788.38 450.00 550.00 877.42 850.00 326.46 445.16
INT054 1,414.20 995.21 1,314.42 292.30 500.00 1,258.16 2,022.49 0.00 780.11 733.13 1.10 -361.55 504.26 526.71 3.88 773.21 -30.40 46.44 899.30 477.48 -16.20 496.90
INT055 994.85 500.00 700.00 20.24 292.62 944.91 1,899.60 5,004.90 1,294.50 663.73 477.09 489.09 746.62 526.71 2.56 777.59 -363.26 194.77 255.64 463.21 -539.54 745.90
INT056 1,087.28 410.26 270.39 19.23 199.67 500.00 3,583.82 2,606.91 400.09 180.32 649.07 -463.47 489.09 69.09 -46.27 785.98 32.61 210.08 263.55 457.85 -4,763.05 453.64
INT057 954.04 294.97 229.02 252.60 265.88 1,137.21 842.63 1,310.96 501.00 599.00 -607.43 459.84 813.61 550.00 -235.89 -515.08 776.58 94.26 756.88 454.61 -6,875.30 500.16
INT058 954.10 1,098.33 274.96 0.00 0.00 975.17 109.55 1,843.12 1,145.12 -11,410.42 286.40 -316.93 459.84 759.90 550.00 556.66 -553.80 774.85 -1,025.88 24.81 730.19 455.40 -6,999.00
INT059 1,261.24 1,067.17 266.49 0.00 899.49 -320.28 1,368.78 1,069.41 -1,119.07 274.23 168.07 914.50 8.40 804.04 -113.65 763.30 739.70 -675.82 362.67 340.00 -3,179.54
INT060 1,282.71 342.61 795.39 0.00 260.78 1,694.57 1,138.45 -5,244.00 674.13 -1,112.92 807.76 1,345.16 -487.42 794.20 702.97 -1,442.81 -1,046.74 -344.22 -2,715.54 751.68
INT061 1,146.03 1,114.84 91.57 -5,231.88 2,418.73 1,153.87 -1,099.90 810.56 455.97 -31.19 3,585.47 -203.91 10.87 681.32 -707.48 -902.86 565.11
INT062 1,122.82 0.00 173.06 308.77 355.75 2,426.42 1,624.39 -909.25 1,273.88 550.02 75.97 1,332.57 -458.85 593.90 -310.69 679.75 -143.76 -4,543.33 74.85 -14.36 -154.33 802.12
INT063 1,267.32 1,167.51 73.70 500.00 825.73 1,545.25 1,685.51 -1,002.49 4,999.83 645.16 -863.34 852.61 713.81 -239.73 -21.21 400.00 619.86
INT064 1,322.91 1,366.13 177.45 -219.18 386.36 2,629.90 190.93 2,073.70 943.28 -831.88 -1,335.44 5,501.29 2,234.37 259.88 806.72 719.28 -185.28 400.00 -159.96 -2,364.93 1,064.38
INT065 1,003.57 127.02 -249.11 0.00 -337.01 -1,263.50 2,033.20 884.31 -2,051.61 111.72 3,166.32 592.89 259.84 827.13 -2,461.08 858.95 -4,765.36 -3,494.80 -364.79 595.03 -167.49 568.94
INT066 998.17 1,377.13 -60.91 1,178.22 0.00 -426.03 997.44 1,099.36 19.81 1,306.50 503.87 263.42 989.03 -5,600.58 -1,960.16 -345.84 598.42 -164.71 -290.00 649.88
INT067 999.00 1,018.97 862.86 0.00 152.68 1,312.45 1,217.11 83.44 759.12 1,409.63 522.13 173.81 299.84 863.96 -6,999.00 -365.09 -636.17 510.13 827.65 -290.00 580.08
INT068 1,144.41 799.07 833.62 1,558.90 -8.87 1,058.31 2,485.38 699.50 250.80 617.05 343.97 252.84 59.82 1,495.70 -92.16 1,096.07 795.43 2,186.79 560.60
INT069 282.82 700.00 206.73 1,195.18 -210.16 212.87 697.06 -90.46 1,034.83 219.26 47.77 -216.12 229.63 -497.50 1,071.13 -29.84 -68.72 -107.01 -123.98 -133.84 962.40
INT070 383.88 728.36 -98.54 1,231.10 1,470.96 -474.18 206.51 802.75 3.21 1,060.40 261.90 24.92 222.06 -201.18 1,113.75 -45.10 25.29 -335.34 122.60 927.33 2,329.93
INT071 313.17 1,425.52 1,098.37 1,230.19 1,263.99 -30.89 181.10 725.86 67.64 1,030.72 1,603.73 -394.09 242.36 949.23 -25.88 -89.37 3,750.93 977.11
INT072 7,462.74 310.66 51.01 5,143.95 -1,876.99 898.92 1,216.97 1,199.29 -85.12 153.21 739.52 22.96 1,579.40 1,432.77 -537.77 125.98 1,886.43 -103.48 1.50 5,647.23 1,782.98
INT073 373.65 1,793.49 3,233.92 895.89 1,968.94 1,750.11 -965.90 101.90 645.61 5.70 691.43 2,138.72 984.67 266.26 222.83 186.28 1,314.99 -370.36 -53.93 288.61 105.87 -28.77
INT074 -899.58 1,102.20 2,871.82 1,332.00 -20.85 138.45 815.79 8.93 860.51 2,135.07 213.81 106.87 137.95 1,148.22 237.00 55.58 1,430.22
INT075 -45.63 472.01 -3,613.23 -2,385.07 -3,502.78 1,379.78 930.04 207.99 184.00 3.65 4,666.73 1,551.01 233.73 375.72 162.85 1,196.81 0.00 -332.28 1,625.85 1,736.81 991.80
INT076 8,666.44 -608.95 -732.14 -763.81 -1,776.69 1,356.02 201.36 19.63 2,351.35 1,314.27 340.16 378.40 -64.40 1,023.56 233.93 2.43 2,385.57 990.12 1,722.47 943.78
INT077 313.31 -55.45 417.06 138.21 1,670.03 311.69 -347.81 34.30 906.28 3,759.20 807.91 209.54 197.99 1,012.60 233.32 73.14 819.87 -1,545.83 1,376.96
INT078 5.69 376.96 468.58 -86.04 400.00 1,284.69 309.87 97.11 33.75 855.62 882.88 275.46 836.51 -250.77 -20.25 790.65 -6.52 1,253.19
INT079 -232.95 330.32 -16.08 451.40 271.15 1,391.94 290.47 124.02 -63.42 1,328.82 -1,585.22 -7,916.13 1,051.18 629.62 100.38 -238.08 599.00 1,122.14
INT080 1.30 352.88 -483.82 269.25 341.45 889.87 257.51 231.10 -112.97 5,807.24 4.18 -109.39 874.67 33.57 767.32 -318.42 -4.46 687.14 725.51 1,343.27
INT081 390.30 -64.78 32.52 5,924.52 341.68 813.24 342.44 321.07 599.00 3,988.00 2,236.54 3,595.95 -189.91 -1,068.46 1,209.76 -19.19 68.69 -51.10 903.16 136.82 110.39 726.04
INT082 1,879.15 362.28 799.15 171.81 1,206.34 333.04 893.39 4,136.69 190.77 639.86 3,502.35 3,220.07 -875.58 153.40 295.33 -207.90 657.72 261.50 625.79
INT083 917.62 271.88 212.37 1,030.40 324.90 864.88 833.52 165.25 -477.69 2,126.80 2,437.22 -48.81 4,171.30 68.32 -425.87 192.77 -147.35 150.35 887.83
INT084 933.54 -416.09 141.80 -1,102.68 700.00 126.57 352.56 989.16 798.88 776.40 141.60 -1,638.76 988.05 1,291.44 867.42 889.31 60.80 68.11 125.72 26.97 -108.36 -3.64 128.65 781.03 869.85
INT085 9,077.12 2,639.17 288.20 220.72 216.68 343.37 1,196.57 927.40 2,543.71 122.54 96.36 900.76 2,544.35 1,675.02 39.45 -123.61 112.61 152.17 -42.58 760.79 1,066.19 656.98
INT086 1,224.85 -1,191.77 -104.85 120.23 300.00 -146.98 1,694.40 816.56 78.36 157.50 167.84 1,501.72 1,780.34 1,502.39 -0.66 -163.43 -48.24 -79.22 852.55 945.28 644.33
INT087 1,301.43 -267.94 28.18 307.42 338.23 -242.45 1,167.07 1,236.30 752.51 106.16 133.17 -95.63 3,803.91 1,362.70 54.39 -108.13 130.00 -64.82 2.92 -10.12 947.78 841.87 599.00
INT088 1,739.14 -5.94 -258.92 -363.76 262.14 264.27 9.34 1,424.91 848.69 -315.80 66.52 32.05 3,592.75 100.20 154.09 55.35 19.42 120.62 19.80 14.20 770.78 1,047.41 599.00
INT089 1,156.13 1,366.01 -16.97 -338.01 1,066.53 247.98 -56.86 987.38 2,445.35 1,805.32 -155.59 -10.46 1,633.28 890.74 1,339.77 38.13 599.00 0.00 866.67 734.06 933.65 902.30
INT090 1,244.50 54.47 28.40 195.62 -4.68 995.90 1,292.97 1,591.60 -180.51 -105.64 1,022.61 35.54 599.00 52.31 10.59 -162.30 -208.46 822.96 2,933.98 903.37
INT091 1,381.46 123.20 43.24 327.82 64.40 -54.36 827.95 865.19 223.36 1.18 84.45 -24.73 69.21 1,074.66 70.63 599.00 19.07 -59.37 599.00 1,636.56
INT092 225.28 -205.02 -730.45 51.28 -98.89 -57.85 824.93 672.01 185.31 -1,381.75 -66.00 -1,527.96 -6.17 986.23 261.50 67.03 628.24 44.10 -22.01 -3.31 674.02 748.96 599.00
Pret Final Unic din luna Februarie 2026
1/1