PDF PAGE 1
Data: 22.05.2026
lei/MWh
Interval/Data 01.04.2026 02.04.2026 03.04.2026 04.04.2026 05.04.2026 06.04.2026 07.04.2026 08.04.2026 09.04.2026 10.04.2026 11.04.2026 12.04.2026 13.04.2026 14.04.2026 15.04.2026 16.04.2026 17.04.2026 18.04.2026 19.04.2026 20.04.2026 21.04.2026 22.04.2026 23.04.2026 24.04.2026 25.04.2026 26.04.2026 27.04.2026 28.04.2026 29.04.2026 30.04.2026
INT001 192.76 901.92 2.54 565.72 715.33 -104.86 11.47
INT002 697.68 4.12 706.07 725.09 267.15
INT003 124.50 279.86 190.90 -3,291.85
INT004 784.25 2.31 -21.28 -35.60 672.04 -34.65 900.59
INT005 345.74 36.83 95.42 712.45 -8,912.45 3.57 37.61 314.69
INT006 382.26 400.00 911.13 892.20 3.71 679.18 2.45 338.37
INT007 378.77 791.91 356.37 258.25 104.16 912.06 382.90
INT008 -59.48 697.24 -3,793.44 400.00 -55.37 189.98 83.80 17.20 18.11
INT009 6.58 149.98 62.87 270.79 138.83 757.74 821.30 6.71 773.97
INT010 -105.92 91.41 889.48 1.10 807.90
INT011 114.43 0.93 185.13 -56.10 883.44 27.60
INT012 147.38 142.58 263.31 -25.80 -56.73
INT013 300.34 712.71 113.56 51.28 2.20
INT014 956.66 272.37 132.14 906.68 -71.33 143.08 0.21 1.00 0.20
INT015 355.69 152.37 908.45 0.20 400.00 207.76
INT016 730.72 -179.15 1.10 255.66 11.50
INT017 891.21 731.16 12.27 877.96 -203.60 13.77 293.71
INT018 114.35 733.08 -88.39 760.32 380.35 818.56 31.65 -315.01
INT019 -89.87 120.28 120.71 -148.29 242.78 966.25
INT020 894.53 7.89 13.16 745.06 709.90 -679.20 99.73
INT021 276.27 607.10 254.06 55.06 -19.30 146.59 4.42 -70.07 114.90 0.00 976.17
INT022 122.06 771.78 334.12 323.60 -262.44 265.19 -0.98
INT023 971.60 129.74 18.24 786.67 7.27 -27.74 1,113.66 254.80
INT024 0.00 158.04 2.04 -57.98 0.20 0.10 29.58
INT025 354.77 134.13 918.91 -40.93 -63.99 1.91 1,043.05 296.12
INT026 347.36 140.61 267.94 333.78 400.00 372.39 18.14
INT027 396.71 41.85 80.95 885.94 920.80 103.99 1.98 -59.80 400.00 -126.09
INT028 830.11 271.01 56.32 264.34 55.85 280.02 121.12 -111.31 546.22 2.70 -115.52
INT029 283.24 118.01 337.20 159.81 17.16 -221.24 -64.94 798.09 61.77 90.55
INT030 707.67 0.83 964.36 260.14 4.90 391.31 58.64 334.08
INT031 334.29 8.63 289.03 -294.52 15.46 137.17
INT032 278.31 1.66 290.53
INT033 298.52 254.32 205.03 0.47 21.97 -20.65 -6,976.90
INT034 332.91 347.53 273.29 -7,429.04 -168.07 -444.61 -95.86
INT035 1.61 713.73 -7,721.04 -307.45 -20.07 -1,285.58
INT036 359.72 394.83 3.45 -2,862.62 -165.60 -1,174.80 21.55 -4,984.92 -14.44
INT037 431.86 723.79 -199.28 -215.77 337.84 6.85 -2,377.69 -32.34 -971.11 -48.93
INT038 -545.72 299.94 -214.84 0.30
INT039 18.20 57.20 -639.83 -54.92 0.30
INT040 -6,354.56 608.86 -1,952.02 811.92 -473.62 -1,169.92 1.20
INT041 1,056.38 48.86 2,403.63 -2,613.58 281.10 0.35
INT042 512.53 0.10 -550.48 -3,516.69
INT043 -335.80 -879.75 -616.40
INT044 -335.99 206.29 -517.42 -1,419.28 -1,251.87 -5,170.52
INT045 -208.31 500.83 -522.73 -107.97 -2,965.12
INT046 -152.97 406.94 -2,884.63 -108.00 -4,527.95
INT047 -568.66 -53.35 -338.11 -4,130.40
INT048 -34.78 -1,662.32 -5,216.44 -700.26 -405.70 -3,483.41 2.94
INT049 -5,995.32 -709.71 329.03 -412.44 -635.01 468.92 -406.12 1.15
INT050 -5,870.07 460.76 87.34 487.04 -216.17 -538.43 4.51
INT051 -2,257.24 39.13 518.29 -349.30 -162.15 -1,654.64
INT052 -616.95 -5,474.60 -197.39 -130.98 -6,473.63 -53.48
INT053 -686.89 -1,195.53 -602.55 -310.35 -202.91 -7,088.32
INT054 -434.28 315.54 -104.37 -179.19 -1,086.09
INT055 -709.57 231.88 4.36 5.17 -779.18 -9.75
INT056 -6,699.29 113.28 6.72 4.43 16.61 -519.69
INT057 -910.44 -284.40 -2,348.18
INT058 -747.16 -290.00 -6,483.13
INT059 -315.34 -263.87 -97.19 -154.29 -7,593.85 -550.37
INT060 -727.92 -281.62 4.25 -939.54 -159.64
INT061 -1,303.79 -20.00 -517.55 -314.68 -576.34 -154.96 -335.31 -117.55
INT062 -106.99 -20.00 -2,870.13 341.45 -489.34 -2,912.67 -664.12 3.55
INT063 -100.98 -499.03 -7,650.87 -640.89 -12.14
INT064 -186.49 -12.31 -101.57 0.90 0.00 -1,456.50 -170.70 -127.24
INT065 -268.52 -3,656.15 341.36 -338.78 -71.19 -1,413.66 -795.04 -1,183.48 -532.91
INT066 8.27 -664.38 -2,016.85 -2,130.42 510.27 2,127.18 1.63 -350.87 -102.74 -313.80 106.24
INT067 2.38 -1,526.81 -1,199.50 7.52 359.27 -822.53 -1,125.81 -39.09 -423.17
INT068 -200.47 -152.00 -3,944.87
INT069 -3,053.74 -3,546.51 -21.24 -1,375.24 1,147.34 -694.10 -138.81 -3,739.86 -4,270.76 -1,748.13 -1,189.34
INT070 75.80 119.20 -11.73 -386.91 -5,284.30 -2,937.60 -156.39
INT071 -919.23 3.12 -143.18 -5,771.64 -490.28 -19.94
INT072 -241.90 -145.69 274.72 -1.35 3.39 -271.69 -338.08
INT073 -391.59 -4,056.35 -285.50 -158.55 2.79
INT074 -219.38 -285.02 262.56 -366.26 -390.44 -26.76 8.03
INT075 1.22 -286.12 -165.00 608.70 -165.00
INT076 0.58 -290.00 0.40 -38.20 -2,011.79 0.34 995.55 3.46 0.30
INT077 11.47 -1,263.74 0.40 -65.88 0.50 0.60
INT078 0.00 0.50 0.87
INT079 0.00 -230.06 127.94
INT080 0.00 274.06 58.44 981.64 211.68 280.76
INT081 261.55 282.12 763.99 270.77 -124.40 -36.11
INT082 950.86 1.57 -30.37 270.97 -232.84
INT083 400.00 889.18 400.00 0.20 272.60
INT084 302.59 359.10 0.40 798.01 322.23 363.17 1.23
INT085 370.30 708.96 400.00 13.12 268.95
INT086 400.00 473.23 400.00 -111.00
INT087 836.50 91.73 -1.54 920.26
INT088 884.96 101.74 382.29 933.60 -759.46
INT089 400.00 4.93 118.59 811.65 176.04 3.23 748.62 400.00 12.30 27.61 -800.05
INT090 327.78 -22.18 263.80 788.26 115.84 10.32 -404.83 918.32 -1,820.26
INT091 128.65 -1,091.33 -378.88 708.56 -25.92 71.56 612.41 -97.75 -2,562.57 45.78 277.61 -1,438.21
INT092 164.24 21.70 92.30 48.59 -141.77 -162.92 648.55 16.53 -7,144.75 137.39 264.09 957.50 8.79
INT093 -1,140.45 146.83 -260.42 -965.77
INT094 866.55 -59.11 428.16 853.41 917.97 -41.17 -3.30
INT095 968.27 646.85 17.87 263.95 438.58 859.52 17.26 77.09 -812.61
INT096 769.72 -2,026.22 -229.93 104.31 266.01 -1,013.15 224.37 774.62 950.93 500.00 125.69 -146.20 59.29
Pret final de excedent din luna Aprilie 2026
1/1