PDF PAGE 1
Data: 16.06.2026
lei/MWh
Interval/Data 01.04.2026 02.04.2026 03.04.2026 04.04.2026 05.04.2026 06.04.2026 07.04.2026 08.04.2026 09.04.2026 10.04.2026 11.04.2026 12.04.2026 13.04.2026 14.04.2026 15.04.2026 16.04.2026 17.04.2026 18.04.2026 19.04.2026 20.04.2026 21.04.2026 22.04.2026 23.04.2026 24.04.2026 25.04.2026 26.04.2026 27.04.2026 28.04.2026 29.04.2026 30.04.2026
INT001 250.05 699.00 612.61 1,121.08 801.66 987.39 199.99
INT002 672.44 576.88 699.00 699.00 283.41
INT003 141.17 304.95 201.94 -2,850.73
INT004 894.98 71.53 29.33 14.66 650.00 84.47 895.17
INT005 355.87 31.00 60.62 855.70 3,362.73 602.11 181.76 211.11
INT006 402.19 535.73 795.61 895.77 264.60 650.00 743.89 348.90
INT007 398.66 998.44 731.10 279.68 154.55 898.04 408.83
INT008 286.99 699.00 609.97 510.66 67.82 170.18 71.80 262.46 17.69
INT009 157.05 196.90 108.18 294.28 119.01 894.93 945.62 258.75 894.37
INT010 1,034.68 160.20 894.82 328.69 789.13
INT011 138.08 530.86 240.18 68.86 898.09 283.48
INT012 131.72 111.22 326.93 114.45 42.06
INT013 316.60 787.54 115.37 76.54 697.31
INT014 831.55 272.13 139.85 885.61 100.82 119.43 373.30 661.63 629.66
INT015 360.32 136.49 834.77 891.56 393.21 303.31
INT016 699.00 1,176.86 270.35 273.30 139.38
INT017 799.38 694.42 136.34 1,005.63 1,127.15 190.80 308.82
INT018 154.47 696.99 137.80 1,068.32 1,051.66 800.00 112.08 1,277.87
INT019 119.55 163.64 132.60 1,132.79 309.65 898.53
INT020 897.21 144.09 110.91 855.75 699.00 2,331.39 126.11
INT021 293.06 565.69 372.05 79.42 119.41 203.76 289.02 1,093.45 119.68 248.30 859.69
INT022 141.88 699.00 328.80 342.95 1,261.41 359.68 51.94
INT023 897.56 126.23 400.12 812.60 383.65 182.17 2,662.52 287.16
INT024 63.88 107.62 257.23 112.13 776.87 1,172.98 339.64
INT025 342.07 124.84 841.88 43.51 81.24 847.70 972.63 355.61
INT026 361.96 126.18 284.78 375.67 540.48 382.85 126.67
INT027 401.37 29.91 121.53 998.39 897.18 157.19 427.69 76.99 426.73 57.59
INT028 975.10 271.10 187.74 833.09 236.87 389.71 139.39 146.53 892.57 261.99 109.35
INT029 126.89 625.38 253.15 318.80 228.44 -212.71 402.81 887.62 54.73 178.35
INT030 697.35 460.23 1,013.90 287.93 298.71 425.48 67.67 391.15
INT031 512.79 100.56 248.80 103.23 377.75 171.87
INT032 294.41 208.76 114.98
INT033 20.79 344.79 186.55 505.45 68.13 116.46 890.07
INT034 236.60 1,199.05 357.12 84.73 1,038.12 -52.50 -370.43 157.58
INT035 105.82 1,178.90 113.59 8.99 -552.02
INT036 383.22 343.40 113.30 -1,224.24 183.32 576.64 295.75 512.13
INT037 368.45 747.39 95.40 209.81 699.00 266.65 -912.93 735.36 136.36
INT038 350.04 376.53 216.51 1,127.80
INT039 109.31 243.15 270.47 0.00 2,096.24
INT040 1,373.36 640.45 331.64 699.00 -425.96 477.82 700.98
INT041 1,255.66 82.94 3,102.54 9.17 275.56 558.65
INT042 577.37 489.95 224.59 -3,109.08
INT043 353.24 -716.13 448.00
INT044 355.03 558.70 357.41 -907.22 573.10
INT045 1,106.27 878.39 68.04 445.02 475.10
INT046 -135.91 399.00 643.38 2,160.91 966.49
INT047 590.35 290.58 897.67
INT048 -21.82 -628.50 -4,215.48 128.89 302.86 1,305.24 39.61
INT049 2,589.26 -407.97 262.88 154.36 442.24 341.01 23.69
INT050 2,373.44 461.72 55.36 172.18 388.24 20.80
INT051 1,253.21 34.34 499.32 227.60 158.98 782.02
INT052 933.38 443.21 769.00 168.48 137.16 2,781.34 -80.72
INT053 1,070.89 1,634.87 -164.56 213.48 194.56 4,152.53
INT054 1,039.09 300.00 557.50 173.74 733.90
INT055 475.22 114.23 317.58 141.61 556.66 -4.21
INT056 645.54 -1,914.53 94.26 339.28 63.20 15.65 619.36
INT057 643.37 -75.61 1,004.50
INT058 480.62 -103.06 3,297.97
INT059 692.11 364.78 -338.67 -61.42 3,999.01 31.21
INT060 367.41 -277.61 -6.53 750.27 168.81
INT061 715.15 2,381.69 6.13 553.27 158.99 -95.00 -5.15 72.01
INT062 604.29 -9.12 -1,127.07 352.78 672.14 268.37 -343.47 116.80
INT063 573.03 293.21 1,791.26 -277.96 89.37
INT064 199.79 -33.28 -42.84 332.35 161.93 1,068.55 85.07 90.09
INT065 166.39 112.47 275.10 162.39 -65.03 1,031.24 368.56 -315.21 114.74
INT066 220.59 300.00 -100.07 21.46 475.43 3,604.24 -5.63 724.93 502.75 -79.54 -52.67
INT067 10.73 -250.73 175.06 354.28 402.18 671.26 533.79 -93.67 60.33
INT068 161.75 806.62 1,006.29
INT069 664.36 2,387.20 -47.73 -1,007.72 1,027.12 -625.33 381.28 1,423.57 841.70 92.19 43.04
INT070 1,171.70 343.01 844.65 5.61 551.93 -3,124.80 281.78 -11.85
INT071 1,475.30 311.24 149.57 -2,589.57 171.08 31.86
INT072 174.36 187.63 395.29 334.57 516.52 368.58 -157.55
INT073 38.06 1,036.85 93.31 105.71 31.74
INT074 -248.22 -86.75 266.80 -189.15 -246.13 31.71 272.72
INT075 891.01 -24.29 450.57 1,117.22 3,751.83 132.99
INT076 410.77 31.50 670.77 30.55 -804.62 370.42 1,663.12 632.18 1,105.21
INT077 289.39 -1,059.38 815.72 55.02 1,195.82 233.85
INT078 534.89 339.20 188.28
INT079 679.11 -91.19 132.27
INT080 1,314.33 307.82 191.58 1,107.09 271.38 377.75
INT081 374.97 298.49 715.92 394.25 66.04 -28.92
INT082 897.19 338.23 2,810.23 283.38 -51.52
INT083 649.63 899.26 488.24 1,159.96 209.95
INT084 641.00 497.36 738.36 808.11 396.85 425.27 647.86
INT085 420.39 731.88 463.42 140.77 137.06
INT086 402.98 550.00 458.00 -9.16
INT087 895.72 126.14 84.03 886.05
INT088 877.10 105.31 374.27 898.25 2,689.26
INT089 390.99 43.87 141.15 849.42 308.78 755.62 867.14 520.41 247.28 267.15 -131.63
INT090 347.78 580.88 300.84 846.73 155.22 419.59 242.89 896.97 363.55
INT091 79.88 311.20 461.58 699.00 18.33 165.61 683.00 661.54 -1,744.09 1,851.81 272.69 305.79
INT092 149.15 126.43 114.16 87.05 142.44 51.65 680.00 175.65 556.17 1,367.92 343.12 887.17 431.92
INT093 -130.33 1,201.18 215.50 -962.40
INT094 843.02 122.34 447.82 868.75 897.52 1,333.02 63.72
INT095 884.39 610.36 71.92 334.44 552.14 846.45 343.77 160.13 -457.56
INT096 680.77 -1,632.03 -194.25 146.54 246.51 -816.37 335.09 800.00 896.54 592.44 137.49 55.25 278.71
Pret final de deficit din luna Aprilie 2026
1/1