PDF PAGE 1
Data: 26.01.2026
MWh MWh MWh
Interval/Data 01.12.2025 02.12.2025 03.12.2025 04.12.2025 05.12.2025 06.12.2025 07.12.2025 08.12.2025 09.12.2025 10.12.2025 11.12.2025 12.12.2025 13.12.2025 14.12.2025 15.12.2025 16.12.2025 17.12.2025 18.12.2025 19.12.2025 20.12.2025 21.12.2025 22.12.2025 23.12.2025 24.12.2025 25.12.2025 26.12.2025 27.12.2025 28.12.2025 29.12.2025 30.12.2025 31.12.2025
INT001 24.021 8.581 28.954 36.854 20.609 -12.733 72.826 11.659 11.633 -64.199 0.128 21.054 -13.985 14.188 33.651 11.741 -2.674 -13.522 10.271 -13.705 -20.756 31.129 -20.952 -27.471 -20.125 -64.973 63.573 -18.403 21.603 -24.561 -29.844
INT002 34.415 10.713 26.680 45.717 -4.473 8.055 71.368 15.979 32.608 -51.061 -0.025 15.043 -1.484 19.757 10.213 -2.789 7.087 -12.017 24.834 -1.490 -11.998 35.369 -7.725 -21.606 -27.510 -56.827 42.704 -14.201 18.242 -26.778 -17.892
INT003 26.135 -20.942 22.972 62.234 0.319 14.665 84.034 17.536 27.415 -41.731 4.459 27.625 -9.847 19.500 8.655 1.752 3.125 -18.964 34.350 -9.550 -13.752 32.824 2.771 -15.483 -24.720 -33.092 44.855 0.898 30.301 -39.770 7.655
INT004 27.185 -23.857 23.534 33.343 8.465 -2.040 68.008 0.375 39.101 -27.668 -2.487 7.891 -16.984 8.311 12.254 28.650 1.112 -19.570 51.557 -20.325 -8.902 26.897 16.820 -11.132 -18.861 -29.771 47.076 16.506 30.779 -34.026 16.680
INT005 62.358 21.145 2.805 43.677 17.306 13.258 38.834 -38.524 9.685 -21.998 0.551 3.191 -22.741 26.343 13.187 10.236 -3.437 -13.611 45.725 -55.583 17.264 23.803 -3.844 -8.450 -3.814 -2.545 53.016 -0.516 28.352 -0.368 -4.557
INT006 73.943 13.388 -0.217 28.130 14.074 -0.586 54.128 -24.792 52.115 -11.138 -10.217 15.704 -33.904 28.839 15.261 7.200 -33.620 -10.742 38.661 -80.115 12.311 20.238 -4.197 -2.349 -15.295 3.572 38.289 -1.942 30.112 6.439 2.647
INT007 59.106 15.209 8.872 12.822 0.929 14.646 68.921 -14.248 41.005 -17.549 -6.761 -6.048 -50.643 21.111 15.401 8.062 -29.889 -2.603 32.465 -46.691 13.182 22.210 -3.877 2.330 -3.199 3.984 31.886 9.747 24.691 6.462 17.835
INT008 49.835 19.787 -2.542 15.045 24.236 24.059 63.773 -25.233 21.111 -6.678 -12.073 10.927 -42.039 27.758 20.291 10.312 -25.190 -3.534 37.162 -23.197 6.651 22.970 -4.975 9.191 8.602 7.121 31.749 9.573 21.152 -6.012 32.667
INT009 52.247 17.255 12.924 24.937 8.287 29.468 18.350 7.131 29.176 -13.342 -30.055 8.022 -16.527 23.074 21.282 -4.934 -29.232 -18.555 6.574 -41.130 -3.547 27.332 -5.681 11.811 2.905 2.272 39.433 -2.660 11.150 3.515 18.674
INT010 62.290 18.060 7.065 21.324 8.540 33.373 30.360 29.491 24.988 -3.418 -16.186 8.960 0.036 30.140 15.859 -16.726 -15.962 -26.086 8.846 -42.609 -8.616 23.922 -4.324 6.676 -29.096 -5.522 38.922 -13.012 -1.210 -10.357 17.724
INT011 61.739 7.657 16.149 -0.934 11.841 42.687 25.959 18.627 14.851 -7.587 -0.818 22.967 1.043 20.679 18.437 -16.561 5.953 -27.582 11.736 -37.633 -8.683 35.163 -0.796 15.726 -23.757 -9.369 37.976 -19.158 -21.037 -13.971 24.876
INT012 52.240 21.129 15.809 -4.598 -0.658 47.067 1.049 11.452 6.169 -4.997 6.461 17.024 8.406 10.426 0.525 -24.146 6.766 -39.714 14.930 -19.117 -10.424 40.403 -1.676 14.816 2.989 -10.860 32.531 -15.555 -2.240 -17.014 17.677
INT013 63.747 14.624 11.388 28.040 14.701 23.434 14.979 20.065 1.999 -32.936 0.484 17.069 2.654 13.477 -0.994 -1.491 13.613 -38.863 31.934 -15.067 -6.312 52.059 -5.379 1.642 19.728 -8.608 36.156 -8.669 -3.786 -8.428 9.690
INT014 55.258 10.411 19.339 36.370 5.526 13.154 5.227 15.704 4.526 -16.732 8.243 35.002 12.894 20.217 2.194 -10.027 19.566 -28.980 25.625 -0.526 -6.871 43.879 -3.068 4.021 25.228 -4.466 30.676 -14.749 -5.085 -28.566 -9.821
INT015 72.755 17.546 22.416 19.018 3.943 22.795 18.732 12.973 4.792 -28.681 14.059 36.337 29.259 31.689 7.554 -17.906 1.061 -37.508 28.377 7.857 -8.892 41.570 -3.730 14.982 34.026 5.994 22.067 -13.619 -1.850 -42.899 -28.464
INT016 62.579 33.917 15.573 -0.319 11.070 11.745 40.689 7.160 13.278 -38.273 11.915 14.935 9.577 14.621 -6.686 -20.398 7.012 -71.132 13.267 7.160 -8.773 35.733 -0.152 18.854 32.729 14.564 16.497 -16.834 3.859 -32.368 -48.989
INT017 79.789 33.576 23.009 18.965 11.638 6.432 15.743 17.145 35.531 -33.341 -5.309 6.005 -0.996 27.821 1.504 2.330 -5.276 -28.545 17.054 0.868 -7.173 36.498 2.561 19.596 12.791 13.071 23.949 -3.094 10.886 -13.730 -55.536
INT018 67.796 20.935 28.889 7.500 15.318 4.252 24.926 20.106 30.890 -8.149 -0.256 -0.370 -2.271 19.927 4.649 -0.550 4.607 -39.884 17.767 6.995 0.906 35.868 2.790 26.758 1.477 12.927 26.792 -4.704 25.000 -20.433 -65.840
INT019 72.176 21.932 15.676 -9.655 16.965 7.985 30.508 10.422 31.061 -10.883 -3.293 -3.099 -9.135 28.381 2.416 -4.467 -2.582 -50.728 14.453 -1.062 -3.668 34.015 -3.859 30.635 -8.767 12.520 30.853 -10.794 28.577 -30.448 -69.026
INT020 68.730 20.966 26.422 -0.185 23.058 5.521 37.725 5.807 27.340 -5.261 5.466 -1.698 -18.835 27.178 4.026 0.124 -7.668 -34.566 22.881 -6.660 -3.878 28.497 -2.497 30.594 -11.400 7.331 42.111 -15.250 29.636 -43.162 -62.257
INT021 83.330 19.415 27.994 1.614 34.093 23.701 30.931 26.162 16.417 -4.936 10.717 -10.718 -24.760 53.314 12.065 7.938 -5.437 -10.608 37.293 -22.240 -4.687 27.752 6.426 36.206 -20.558 8.627 31.128 -26.195 38.681 -36.054 -56.852
INT022 68.646 17.274 29.051 2.348 17.351 25.280 26.231 18.758 8.388 8.498 6.238 -26.111 -16.098 57.523 3.677 11.154 3.757 -33.854 37.461 -33.448 -4.052 17.773 4.951 40.799 -21.725 5.853 38.351 -13.176 50.561 -33.359 -30.090
INT023 53.623 24.337 18.605 -18.839 23.813 5.527 30.031 19.553 7.694 -6.143 -15.251 -26.276 -6.076 56.020 -10.679 -6.047 6.858 -27.774 40.754 -46.979 -10.217 8.378 2.044 27.318 -21.829 -4.171 34.193 -8.279 36.081 -40.318 -7.033
INT024 43.024 19.507 14.763 4.417 16.704 20.990 30.973 29.283 1.096 26.256 2.685 -13.921 -2.895 53.813 -7.463 -20.365 11.153 -18.995 39.356 -49.952 -13.326 13.078 -2.761 30.085 -30.312 -94.079 25.953 -11.503 30.272 -39.075 20.331
INT025 52.525 7.517 21.190 9.541 30.740 21.178 -3.519 42.731 24.321 33.541 27.245 20.579 -19.734 68.085 19.951 -34.751 32.180 -6.098 62.839 -23.720 -14.534 22.223 -1.716 13.707 -64.307 -174.277 27.326 -0.130 29.410 -33.426 22.099
INT026 33.917 -2.265 18.187 4.579 2.453 6.301 -4.922 32.016 14.249 29.698 11.891 3.854 -1.135 57.661 3.347 -37.061 19.284 24.510 57.084 -28.789 -20.067 21.438 -12.026 19.369 -73.370 -144.734 35.567 6.988 27.342 -51.987 25.583
INT027 45.822 -12.693 13.142 -7.138 -0.898 8.665 -6.882 13.835 24.641 4.422 16.525 -3.004 0.726 42.993 -8.234 -41.341 -12.385 12.341 59.338 -24.671 4.438 18.938 -12.475 26.939 -96.329 -24.920 50.426 -1.187 12.730 -55.535 18.241
INT028 25.427 -12.309 8.983 7.478 9.689 19.146 8.839 -11.339 14.365 -15.576 3.986 -21.477 21.171 29.840 -15.027 -67.211 -6.611 5.096 48.565 -14.990 4.909 19.381 -9.136 56.761 -85.112 -103.472 60.029 8.060 5.344 -54.103 5.758
INT029 37.789 -35.907 55.521 70.992 22.758 35.456 39.598 29.838 39.593 -4.722 28.207 -8.509 21.980 6.253 16.453 5.706 8.269 25.699 55.781 -6.121 5.579 54.354 17.756 70.579 -79.168 -34.067 60.747 -37.200 13.094 -34.821 33.661
INT030 10.173 -41.558 53.728 28.254 4.008 31.790 35.063 2.775 29.618 -22.093 20.551 -7.231 9.910 9.645 -7.523 -34.473 -18.513 2.571 49.336 -15.088 0.694 55.628 4.134 62.917 -98.440 -2.622 45.702 -71.616 3.718 -43.960 46.942
INT031 11.984 -53.273 41.345 37.413 4.331 32.079 32.573 -1.072 29.384 -31.426 14.824 -12.338 15.224 5.396 -19.786 -36.448 -22.006 7.883 51.712 -22.947 0.747 36.419 13.915 69.361 -94.373 16.500 41.698 -74.560 -9.278 -35.810 51.172
INT032 -0.670 -51.056 54.665 21.649 19.451 28.563 22.421 -25.637 16.237 -19.232 23.440 -25.758 4.571 12.525 -25.313 -51.568 -33.777 -3.624 50.147 -17.716 -1.801 32.323 5.994 76.274 -94.880 34.479 53.833 -47.730 -32.755 -44.217 57.961
INT033 5.517 -30.386 53.054 35.375 28.854 21.880 18.268 -10.865 35.274 -0.676 -0.505 -19.921 1.279 8.501 -32.032 -64.363 -21.850 4.049 35.393 14.338 -3.225 31.083 8.701 78.653 -43.148 -48.098 46.097 -10.817 -55.409 -60.789 76.068
INT034 6.765 -38.542 41.981 13.081 13.114 37.107 30.869 -32.960 22.925 15.949 14.792 -28.553 5.925 16.280 -56.336 -69.573 -11.556 5.762 31.994 -1.231 -0.132 27.356 2.371 84.996 -53.600 -3.211 52.871 11.257 -72.043 -53.854 50.179
INT035 -22.425 -44.512 39.100 14.528 32.486 32.250 14.652 -55.288 -3.827 18.641 9.240 -9.903 1.987 40.763 -67.237 -78.440 -6.401 10.432 45.542 -3.022 0.323 8.023 -3.780 84.859 -54.319 -18.918 61.574 24.509 -76.029 -38.528 48.668
INT036 -36.757 -19.344 55.619 16.108 36.372 58.392 15.012 -77.336 5.694 28.479 -3.630 -6.387 19.825 40.932 -29.351 -59.131 -3.791 20.031 51.820 -6.724 -8.422 -37.587 -0.266 69.594 -67.107 -9.933 65.324 50.781 -90.966 -10.451 52.386
INT037 -31.751 15.584 30.491 -0.308 43.183 40.298 3.166 -92.544 -23.949 39.893 -16.748 11.048 -8.649 16.331 -27.560 -25.693 -14.260 -22.945 56.539 -13.235 0.859 -31.866 -12.357 36.013 16.048 -3.931 38.497 31.351 -78.892 -24.531 32.215
INT038 -37.822 21.982 16.346 6.100 44.769 64.182 -5.811 -106.025 -15.263 42.929 -32.743 -4.729 -16.799 5.055 -58.446 -1.267 -10.291 0.657 60.774 -8.728 10.626 -44.176 -26.595 17.334 29.019 -0.255 49.201 49.306 -58.995 -8.652 27.747
INT039 -35.601 -2.734 27.874 12.394 49.276 63.949 -7.441 -126.478 -17.867 57.260 -26.122 -10.266 -30.587 -1.036 -44.253 1.443 4.694 -8.118 82.928 -18.079 6.795 -63.136 -37.821 -6.457 30.751 24.079 58.289 49.840 -36.473 1.711 24.576
INT040 -41.670 5.453 49.624 33.630 50.453 78.871 -28.762 -135.461 -17.966 68.406 -8.033 -14.739 -24.816 -5.784 -30.787 26.854 7.661 -10.962 100.325 -18.981 6.668 -48.248 -48.298 -28.728 29.527 6.048 61.242 60.773 -2.480 13.768 34.310
INT041 -50.714 5.984 30.158 19.324 32.145 80.603 -38.078 -98.133 -43.123 46.848 -24.949 -24.819 -20.948 -32.918 -48.591 7.605 -24.681 -17.247 64.412 -39.546 -1.791 -91.126 -77.636 -53.334 63.543 -108.403 45.190 51.347 -4.747 -6.990 2.527
INT042 -57.625 2.093 93.052 35.924 29.454 67.355 -43.131 -100.517 -46.882 56.032 -20.193 -16.049 -18.284 -37.088 -53.441 32.494 -35.417 -18.376 78.709 -41.513 -4.875 -84.785 -75.376 -52.312 61.105 -104.596 47.393 54.991 15.148 -5.769 30.087
INT043 -48.024 -9.826 31.058 59.014 43.594 46.227 -39.868 -75.128 -37.253 80.529 -2.664 -21.792 -13.747 -22.502 -53.370 20.683 -1.894 6.243 93.126 -67.084 -4.962 -98.505 -80.836 -53.375 61.653 -95.112 58.697 54.392 26.763 12.930 53.424
INT044 -61.364 -5.412 97.589 73.136 27.086 39.985 -45.143 -85.452 -25.584 83.516 10.484 -31.485 -8.141 -23.311 -24.861 15.946 -4.915 26.148 101.112 -69.431 -4.496 -101.996 -76.323 -66.820 45.794 -73.288 83.898 61.282 41.586 41.289 70.687
INT045 -69.455 -20.409 55.843 25.304 19.702 21.059 -46.195 -53.601 -16.271 51.902 5.360 -40.034 -13.791 -38.579 -32.677 10.350 -55.899 30.226 50.240 -35.358 -12.402 -91.792 -84.927 -54.292 20.371 -111.945 62.516 59.268 41.799 11.837 21.278
INT046 -73.151 -19.301 32.549 60.187 1.315 16.297 -57.972 -33.002 0.790 74.611 10.839 -40.455 -12.350 -37.734 -38.669 -0.460 -43.593 36.128 63.536 -22.972 -10.729 -116.411 -85.430 -50.267 18.195 -101.441 41.777 31.069 22.250 -15.626 33.893
INT047 -75.379 -9.438 37.370 63.380 -10.960 30.347 -50.636 -41.546 -1.287 78.185 7.475 -45.465 -5.116 -35.911 -24.196 3.218 -42.206 29.220 55.317 -29.460 -3.439 -95.807 -95.676 -45.679 25.337 -87.830 37.094 17.759 6.586 -6.341 25.192
INT048 -70.408 -2.422 47.253 63.614 -44.034 30.836 -38.322 -40.374 9.523 99.404 16.066 -25.973 -0.828 -26.548 -32.750 2.869 -26.797 39.865 73.489 -32.384 2.902 -91.244 -105.759 -25.769 19.200 -79.367 32.148 1.136 31.990 2.406 11.247
INT049 -70.455 -6.163 34.627 61.809 -21.498 22.274 -19.649 -75.350 7.609 70.105 24.061 -19.192 -19.536 -39.949 -19.796 -15.461 11.763 48.510 108.375 -8.789 -1.511 -89.429 -68.955 2.093 10.612 -41.370 21.446 3.092 6.262 -24.921 13.183
INT050 -84.342 -37.546 -13.811 55.470 -20.690 -8.463 -6.055 -52.330 16.337 76.572 47.276 -15.871 -29.894 -45.284 -30.285 -15.564 -13.866 48.020 109.441 -12.799 -3.281 -84.466 -90.541 -7.344 23.025 -35.197 5.182 -19.406 40.669 -33.579 -4.494
INT051 -76.684 -7.706 1.323 57.655 14.375 3.549 6.182 -53.789 12.531 71.633 45.613 -12.935 -22.208 -73.425 -14.530 -14.358 -14.854 65.880 108.297 -12.957 8.813 -88.727 -85.930 8.865 29.336 -22.658 -4.016 -11.475 67.117 -31.309 -19.197
INT052 -78.263 -6.706 -24.241 63.369 -9.882 10.207 13.789 -62.376 5.777 93.081 45.861 -18.433 -14.501 -49.723 -12.530 -15.129 9.345 48.309 97.810 -11.046 9.358 -89.334 -97.482 19.862 20.015 0.207 18.222 5.743 73.379 -6.890 -39.065
INT053 -52.780 -11.071 -5.133 51.321 -10.387 -19.399 22.683 -80.431 -2.162 81.091 18.975 5.452 -12.626 -58.439 -12.580 -19.175 -9.476 26.966 120.675 -14.153 15.070 -54.147 -32.404 15.636 4.504 -36.689 28.952 20.494 89.169 -18.334 28.705
INT054 -72.267 -13.930 -15.639 50.118 -33.552 -29.110 25.163 -51.730 8.204 110.664 34.278 -18.471 -17.258 -63.949 3.992 -8.635 -12.033 -5.756 123.769 -20.583 9.281 -60.741 -32.557 10.679 6.857 -42.006 18.112 12.332 82.421 -21.115 18.960
INT055 -60.055 -13.957 -10.784 65.787 -28.718 -21.706 23.686 -57.823 -3.667 114.259 11.969 -16.701 0.619 -69.880 1.689 -3.269 0.817 -32.837 111.869 -17.706 4.950 -52.256 -24.082 35.792 22.076 -88.332 0.468 10.922 87.898 -7.721 -3.436
INT056 -71.533 -25.495 -19.653 40.048 -22.320 -31.250 33.527 -65.654 -13.870 104.137 -11.659 -20.632 15.488 -67.624 20.792 7.957 -22.444 -17.875 99.294 -16.666 -24.852 -46.460 -28.054 43.686 -0.659 -121.812 4.194 -13.759 81.834 14.166 -33.860
INT057 -54.965 -42.640 -30.518 12.168 -19.693 -21.782 25.871 -49.721 -16.638 110.688 -1.157 -25.991 30.062 -45.876 8.040 9.433 -19.266 -51.516 58.359 3.550 -14.806 -30.023 -61.311 18.021 -33.077 -102.746 48.309 9.956 84.175 33.025 -42.122
INT058 -63.310 -39.331 -33.905 -13.518 2.301 -13.319 22.298 -14.085 -4.611 96.827 -19.359 7.047 35.777 -46.176 5.731 2.485 -25.220 -43.061 47.786 2.282 -11.266 -31.063 -54.436 5.743 -38.827 -93.185 49.154 29.910 84.117 36.937 -62.915
INT059 -52.641 -10.271 -19.028 -8.043 -2.630 -21.449 10.294 9.181 -14.756 87.232 -0.728 15.877 42.532 -40.865 10.033 -6.005 -38.370 -27.349 40.610 -3.808 -15.902 -20.974 -55.817 0.785 -32.857 -88.530 49.512 40.665 48.683 27.928 -67.530
INT060 -49.394 -13.045 -9.444 2.416 9.126 -7.875 -4.989 -20.187 -12.280 58.550 11.022 18.798 33.215 -37.158 -1.706 -13.187 -40.070 -17.917 29.225 -10.670 -21.064 -13.110 -59.196 4.499 -24.409 -95.767 39.429 38.264 8.961 7.814 -90.344
INT061 -31.465 2.049 20.301 9.929 28.152 -6.068 14.622 -64.217 -2.289 70.605 42.241 26.756 44.152 -5.763 -0.393 -8.310 -37.596 34.379 29.397 -2.691 -23.067 -13.206 -37.280 9.584 -34.375 -52.848 72.438 36.039 -9.570 13.181 -51.820
INT062 -36.214 -17.240 0.578 -15.180 33.169 7.090 14.932 -57.996 -2.771 48.880 25.925 13.936 48.373 7.897 -1.180 -22.359 -63.347 38.810 11.181 -8.653 -20.855 -13.687 -31.034 -4.966 -72.313 -57.717 64.290 33.350 -15.178 -7.441 -44.715
INT063 -27.391 6.807 4.422 -23.994 27.523 27.219 32.646 -58.208 -18.519 34.797 14.436 20.117 25.574 -0.426 9.303 -11.885 -53.378 24.234 12.351 -7.556 -30.446 -9.801 -47.199 -14.841 -76.707 -56.670 53.250 24.157 -41.972 -36.641 -30.353
INT064 -21.451 1.670 -2.123 -2.096 27.764 23.672 22.336 -71.743 -4.382 11.108 4.932 29.179 6.175 -17.489 19.968 -22.645 -56.281 12.334 3.862 -15.214 -30.324 -10.856 -49.421 -24.556 -85.237 -56.852 36.142 12.704 -64.546 -60.187 -21.396
INT065 4.362 16.506 4.231 36.016 18.929 72.865 33.416 -48.484 12.173 18.539 15.941 15.386 6.788 7.768 23.786 -12.404 -43.847 31.016 44.028 -8.744 -25.957 5.842 -76.585 23.662 -25.283 -25.561 50.686 2.448 -51.518 -62.430 5.130
INT066 -8.372 -3.162 5.135 17.466 -3.383 68.649 43.979 -47.205 19.632 2.038 -4.961 -1.149 -5.405 7.849 9.194 -13.183 -61.409 11.177 23.765 -18.466 -35.239 -0.943 -74.019 2.180 -45.896 -14.178 53.988 -20.108 -59.296 -88.606 -13.619
INT067 -11.832 11.374 21.629 1.346 -13.076 75.889 42.154 -58.473 18.632 -3.689 -15.753 2.565 -13.624 -1.100 -5.171 -36.440 -82.144 15.029 31.112 -22.450 -26.956 7.658 -74.397 -25.213 -62.504 0.089 30.219 -44.793 -55.463 -101.388 -31.998
INT068 -8.349 -1.663 5.211 -23.098 -30.436 62.877 40.332 -44.489 12.986 -18.158 -15.417 -28.938 -19.892 -7.198 -21.496 -39.994 -54.635 24.403 23.858 -32.781 -30.339 3.643 -58.627 -26.901 -70.654 5.048 17.363 -63.772 -58.182 -108.529 -47.058
INT069 18.223 7.873 0.702 12.941 -34.910 66.857 65.647 -40.481 -2.737 1.261 -10.082 -40.060 -11.186 30.359 -31.172 -23.983 -72.495 29.968 32.714 -17.607 -24.924 19.961 -33.099 -34.091 -21.660 64.724 42.981 -56.676 -50.897 -81.235 -14.676
INT070 26.118 0.051 6.777 40.644 -62.428 67.191 51.281 -4.687 4.307 -6.974 -15.627 -28.486 -23.422 17.070 -29.909 -26.477 -81.447 8.631 31.665 -23.776 -19.554 25.892 -36.103 -16.203 -13.582 61.250 30.471 -67.306 -26.018 -102.500 -15.229
INT071 6.060 -7.039 20.734 46.038 -49.415 62.173 38.052 3.469 6.734 -12.598 -26.663 -34.389 -28.481 19.936 -40.536 -10.401 -77.317 6.791 36.642 -19.770 -22.647 41.546 -37.825 -13.097 -3.942 43.375 22.948 -50.251 0.134 -126.771 11.645
INT072 6.768 -0.058 35.610 39.222 -37.487 90.086 33.150 17.981 -1.363 -1.221 -6.711 -43.981 -27.600 41.366 -29.888 -17.984 -67.027 5.528 45.267 -14.571 -25.224 42.097 -32.865 -16.180 -13.392 32.185 7.669 -25.692 36.084 -119.876 17.844
INT073 34.854 -0.179 30.971 56.820 -24.755 104.707 33.233 38.181 -14.843 6.187 -12.453 -18.844 5.309 61.309 5.267 -10.802 -59.177 10.817 20.271 -28.567 -16.885 30.640 -39.031 -115.063 -9.666 21.601 2.904 -1.462 34.583 -104.829 22.800
INT074 29.971 0.288 37.924 72.697 -13.180 95.442 36.737 35.038 3.004 8.479 -1.636 -12.841 5.610 62.193 -16.701 -30.716 -65.965 11.442 -4.197 -25.199 -12.168 28.612 -27.264 -133.822 -18.407 -1.299 14.594 -1.084 38.630 -102.396 9.211
INT075 21.465 10.954 34.375 71.387 -22.832 98.303 55.689 17.876 1.955 -1.514 -3.996 1.689 9.443 67.450 -13.588 -28.537 -81.199 14.945 37.590 -20.006 -10.536 33.413 -19.127 -118.206 -20.618 8.113 4.783 4.169 25.414 -102.810 4.136
INT076 26.210 13.165 49.196 67.413 -11.871 99.202 75.971 14.974 16.263 16.535 -0.520 7.149 11.039 87.082 -2.070 -4.179 -60.914 -1.174 38.556 -16.259 -16.274 27.209 -20.789 -54.903 -33.396 32.282 -10.683 -0.354 12.933 -98.353 5.564
INT077 41.834 15.630 38.344 63.710 4.953 97.245 68.193 8.957 -1.321 31.547 19.829 -7.584 8.536 96.917 17.291 -11.644 -71.057 22.622 48.466 -5.170 6.862 13.597 -11.308 -44.175 -24.898 41.931 5.132 25.140 -11.276 -107.742 -19.566
INT078 42.930 27.447 25.340 79.419 -9.023 88.680 53.662 35.057 9.335 30.932 3.106 -17.788 9.970 81.563 -8.432 0.785 -58.070 20.965 52.506 -6.543 5.092 16.186 -21.994 -11.304 -21.895 42.071 2.972 26.813 -15.206 -113.438 -19.261
INT079 29.633 16.008 22.294 92.882 -14.369 98.489 50.375 23.791 12.756 19.961 1.666 -13.612 10.113 63.333 -12.438 -14.153 -43.517 19.156 38.591 0.821 1.821 7.696 -27.080 -13.458 -38.548 47.336 -3.964 16.935 -15.988 -119.046 1.430
INT080 21.034 12.390 14.346 72.977 -30.221 89.103 41.258 30.649 35.376 26.928 21.112 -11.643 16.724 60.173 -18.433 -7.907 -40.617 14.153 35.784 2.883 0.488 16.152 -21.192 4.650 -39.034 28.429 0.520 10.604 -18.075 -100.531 22.517
INT081 20.819 10.203 4.230 76.349 -11.909 87.782 33.582 42.568 8.863 15.619 38.516 -7.486 -4.602 47.650 -12.074 3.347 -13.209 14.664 27.944 -5.517 1.527 11.066 -28.475 -32.087 3.808 26.353 19.771 -20.384 -36.503 -90.727 36.997
INT082 7.532 32.844 -1.575 42.617 -8.898 85.203 36.458 46.286 11.767 28.155 21.868 6.684 2.433 53.425 -23.326 8.153 -24.805 0.291 33.984 -2.590 -0.498 5.012 -27.730 -23.066 -5.687 16.175 22.908 -36.632 -74.283 -75.600 39.117
INT083 -8.660 29.165 4.373 51.276 -17.354 85.590 35.464 51.001 23.032 22.404 22.609 -4.877 -0.130 29.477 -18.540 5.228 -19.245 7.549 33.488 -5.719 -5.103 12.425 -27.604 11.341 2.049 8.550 12.185 -51.303 -73.304 -54.290 52.861
INT084 4.047 14.973 1.681 48.134 -6.401 76.696 40.034 43.202 41.508 24.683 20.471 14.135 -4.314 20.302 -22.013 8.037 1.867 46.051 42.314 -5.320 -3.024 20.705 -12.969 -15.765 8.985 9.272 3.541 -51.612 -65.251 -38.375 66.426
INT085 -3.390 2.856 12.691 6.554 -14.039 52.912 29.682 8.162 19.722 18.496 11.233 2.980 -2.127 2.975 -20.622 -9.204 -11.833 50.852 32.177 -14.237 8.581 -6.724 -12.897 -15.473 -16.541 7.155 -12.447 -54.146 -58.496 -35.850 57.861
INT086 13.707 8.404 17.432 25.227 10.606 68.047 16.960 10.776 24.705 5.796 10.015 20.376 -2.741 9.506 -15.107 -6.115 -12.763 42.464 43.496 -13.117 13.215 -4.211 -11.536 -9.067 -1.699 19.213 -9.829 -45.908 -39.536 -18.909 62.091
INT087 17.870 18.872 36.359 20.183 10.636 72.012 11.811 19.456 22.319 12.505 7.106 15.944 3.358 17.482 -18.579 10.837 -11.325 43.697 50.683 -10.100 19.952 4.025 -10.798 17.768 -10.741 17.263 -10.195 -59.299 -13.925 -0.697 63.667
INT088 29.183 17.078 30.115 52.686 28.953 61.686 -4.754 35.266 22.850 31.621 18.530 9.535 -4.161 31.534 -29.435 1.670 -5.263 48.704 51.513 -4.171 20.728 10.120 -2.459 51.104 -28.006 33.148 10.252 -34.622 13.844 27.211 64.150
INT089 16.147 9.916 26.060 32.598 34.614 46.797 2.407 1.228 12.350 -2.916 -8.036 -16.557 -31.116 21.516 -24.938 -21.844 -39.540 42.762 7.832 -8.224 19.211 -10.041 -10.456 32.068 -63.029 10.137 -32.855 -43.003 19.633 6.245 43.753
INT090 32.194 22.084 63.769 52.908 31.013 47.800 22.620 2.938 16.416 13.185 20.707 -17.507 -7.300 30.225 9.604 -25.030 -54.727 48.236 7.671 -5.187 13.823 -9.072 -14.988 32.752 -68.088 15.779 -28.072 -21.242 25.589 -2.814 44.713
INT091 25.533 16.375 62.214 57.269 43.872 33.733 30.230 20.850 31.826 6.351 20.820 7.547 1.553 48.836 3.076 18.389 -41.210 42.973 11.565 -3.485 22.756 -6.638 -22.083 31.239 -88.094 21.576 -17.708 -8.856 21.582 -21.268 28.396
INT092 28.471 19.816 58.249 46.218 54.844 50.021 21.154 41.927 13.976 12.139 12.123 -3.781 1.495 51.982 -1.660 29.305 -34.027 41.692 36.924 1.049 27.533 -1.414 -15.707 32.504 -85.394 26.860 -27.395 -6.957 20.773 -23.965 19.641
INT093 20.948 4.623 29.501 34.802 7.981 28.506 -11.161 24.598 -12.457 13.146 -29.556 -18.256 -1.889 29.339 -27.676 -6.030 -37.850 24.014 24.964 -10.572 35.626 -18.731 -12.351 -23.221 -78.558 30.978 -47.305 -7.893 -6.192 -55.086 -13.400
INT094 20.127 17.860 37.436 20.878 29.644 28.912 -21.138 38.539 -10.402 11.934 -17.920 -29.233 14.377 24.984 -15.742 5.842 -28.539 46.262 37.212 -6.572 41.584 -5.348 -6.028 -13.946 -76.213 28.352 -43.240 -22.407 -11.217 -43.696 -14.938
INT095 9.350 15.666 25.020 31.430 4.812 16.271 -21.347 23.829 -31.650 7.810 -3.662 -16.389 -1.905 17.116 1.705 10.884 -16.277 55.600 50.259 -8.048 46.365 -6.918 -7.268 -5.946 -104.285 33.908 -27.563 -7.653 -0.582 -30.173 -26.713
INT096 27.322 -2.773 49.552 21.431 43.157 7.789 1.174 36.234 -46.194 13.350 15.135 -13.145 6.973 21.083 -9.828 31.625 -0.025 54.941 53.002 -4.165 54.153 0.887 -5.701 11.498 -84.050 47.352 -6.421 13.391 -0.831 -8.627 -26.485
Situatie privind dezechilibrul SEN pentru fiecare interval de decontare din luna Octombrie 2024
1/1