PDF PAGE 1
Data: 27.04.2026
lei/MWh
Interval/Data 01.03.2026 02.03.2026 03.03.2026 04.03.2026 05.03.2026 06.03.2026 07.03.2026 08.03.2026 09.03.2026 10.03.2026 11.03.2026 12.03.2026 13.03.2026 14.03.2026 15.03.2026 16.03.2026 17.03.2026 18.03.2026 19.03.2026 20.03.2026 21.03.2026 22.03.2026 23.03.2026 24.03.2026 25.03.2026 26.03.2026 27.03.2026 28.03.2026 29.03.2026 30.03.2026 31.03.2026
INT001 272.70 15.64 651.47 148.81 335.00
INT002 173.12 124.04 252.28 400.00 59.22 -244.89 -22.08 -105.06
INT003 114.04 36.53 692.36 -219.62
INT004 327.86 942.90 111.26 116.98 625.57 27.83 28.60 436.16 -360.01 -184.76
INT005 -21.44 13.70 288.37 679.95 773.91 787.96 -90.44 -212.72 172.15 686.29
INT006 -12.78 395.94 796.11 744.68 91.66
INT007 72.65 253.90 791.92 830.13 -344.93 68.73
INT008 690.19 254.73 839.01 -4.94 68.26 79.65
INT009 400.00 637.74 101.05 -30.60 49.05 742.48 60.35 38.90 237.17
INT010 50.60 -48.73
INT011 685.82 76.70 257.52 346.27 294.94 265.61
INT012 187.16 59.36 -256.52 -262.43 -7.77
INT013 625.73 272.93 659.64 686.64 -319.58 -217.34 49.72
INT014 92.28 832.01 121.43 788.45 128.76 0.40 18.31
INT015 755.77 -23.73 122.98 773.12 704.35 711.03 271.31 -200.20 80.15
INT016 689.72 274.35 264.37 272.07 865.64 49.72 -506.30 302.51 75.14
INT017 579.66 210.29 255.71 319.33 400.00 89.37 732.88 89.87 -217.59 260.68
INT018 121.75 400.00 800.67 691.38 951.36 722.37 -231.37 120.32 700.77 61.69 -164.03 -174.57
INT019 137.91 746.81 623.79 113.42 106.65 94.91 -38.45 618.83 727.81 -252.66
INT020 763.28 914.95 60.68 733.70 110.76 699.92 5.69 121.77 769.37 37.37 691.97 -147.30
INT021 730.07 -36.69 25.11 591.66 251.15 -225.51 860.97 -41.21 117.63 375.94
INT022 400.00 887.24 -509.05 677.86 785.27
INT023 748.89 -558.24 787.77 683.84
INT024 724.65 1,007.68 87.15 -915.19 418.10 773.23 756.62
INT025 631.36 1,346.62 -906.73 2,797.42 236.90 266.69 199.79 91.68 -201.89
INT026 308.34 759.03 259.75 63.06 671.58 255.47
INT027 104.17 -189.61 258.23 113.90 10.52
INT028 94.65 104.80 129.82 -16.01 0.58
INT029 1,040.02 253.21 1,013.35 0.40 217.44 263.59
INT030 356.90 802.65 102.88 253.61 -7.42 -131.70
INT031 28.60 834.73 106.86 253.12 0.10 501.63
INT032 -118.62 -424.15 -534.12
INT033 -208.99 -878.34 535.79 -1,168.09 -975.10 -206.16 -993.18
INT034 -328.25 -6,294.58 -103.05 -1,057.22 -4,887.19
INT035 -319.51 -4,539.49 -76.94 -603.08 203.03
INT036 -3,546.06 -452.00 135.38
INT037 -678.05 -1,059.06 -40.97 -2,392.38 -713.17 -2,626.92 -363.70 -11.05 -319.80
INT038 -457.16 -3,139.16 -735.41 -1,784.79 748.87 -494.93
INT039 -323.83 -1,836.73 -1,145.83 -4,501.75 7.75 3.63 -2,065.33 -637.74 -373.13
INT040 -2,074.11 -1,128.43 -3,536.49 -3,995.42 -103.08 -2,548.21 -96.72 -670.25
INT041 -288.90 -1,386.08 -1,678.33 852.24 -1,700.53 -694.78 612.08
INT042 -373.65 -1,018.51 -1,536.59 -190.58 -1,300.80 639.75 -880.96 -9,323.09 0.30
INT043 -366.65 -1,157.69 -1,493.68 -4,804.02 17.97 -480.55 -1,456.42 -47.21 -5,002.85 -5,000.81 -3,624.17
INT044 -1,400.31 -1,708.24 -1,211.37 -986.04 -298.98 15.21 -1,598.16 -102.59 -4,840.70 -5,034.49 -785.37 -154.57 -65.00
INT045 -715.17 -3,307.94 -854.39 -1,471.00 -7.32 -1,571.96 -1,376.37 0.26 632.32
INT046 -1,854.50 -6,385.90 -45.72 -1,161.16 56.67 5.68 -1,483.72 0.48 -926.81 -333.51
INT047 -2,398.26 -5,437.88 -865.79 691.17 -1,357.99 418.33 -133.33 666.47 -430.38 -234.64
INT048 216.39 -2,351.32 -7,007.59 -1,320.83 476.15 -1,119.49 -107.68 -164.21 -428.82 -245.36 138.30
INT049 -1,901.36 -7,157.43 -1,360.27 -289.98 -1,253.31 0.45 19.22 4.03 -527.98 -237.69 -98.14
INT050 523.05 -1,942.74 -4,256.19 -1,640.85 -290.00 -3,647.13 -1,898.13 -6.67 55.24 -409.65 -271.61 251.00
INT051 -1,642.48 -2,199.05 -2,149.97 -1,567.64 -1,911.10 0.48 -359.08 -161.19 88.33
INT052 -1,641.56 -1,727.29 -2,839.01 -1,544.03 641.19 -254.16 6.37 -228.16
INT053 273.15 -3,251.18 -1,035.92 -3,962.15 -4,269.84 -275.00 -250.86
INT054 -2,672.74 -988.65 -1,204.09 -4,306.02 -237.33 -182.62
INT055 -2,399.26 -319.55 -4,397.16 3.93
INT056 -1,747.32 -1,242.18 -6,557.66 0.37 -316.70
INT057 -304.76 -1,522.48 -141.68 -1,114.79 1.36 -163.83
INT058 -1,822.91 -656.70 -149.03 -1,133.08 4.64 284.77
INT059 -114.23 -1,466.50 -152.32 -1,026.93 0.10
INT060 91.53 -1,663.67 -288.70 -106.00 0.12 34.72
INT061 -618.11 -144.06 -108.00 -779.91 8.45 -1,569.16
INT062 -3,519.66 -1,403.59 -693.46 0.10 -665.73 0.10 6.91 64.20 -250.49
INT063 -216.17 -655.60 -164.28 -186.13 -806.03 -111.65 648.10 -165.55 22.65 4.02
INT064 -630.09 -164.95 390.46 0.00 10.42 9.64
INT065 -164.81 -40.24 -174.01 -5,284.95 12.21 -443.19 287.05
INT066 -164.00 -164.91 0.10 6.21 0.51 -815.29 256.59 371.24
INT067 -9,072.06 2.69 1.61 0.10 -814.80 341.68 663.15 197.05
INT068 -9,572.39 8.51 -4,713.88 -106.42
INT069 -823.81 -7,067.67 0.11 2.64 -464.91 -279.43
INT070 98.50 47.78 0.10 221.81 0.10 259.28 9.29 -210.57 -229.36
INT071 312.31 350.36 0.95 -320.94 -127.23
INT072 922.35 1,102.67 0.40 37.73 345.83 10.70 16.46 -210.82 -142.35
INT073 400.00 269.43 -12.70 133.32 -118.72
INT074 400.00 826.72 257.81 1,062.60 283.85 604.21 -308.71
INT075 231.89 1.46 253.54 400.00 725.01 281.45
INT076 814.89 936.80 17.89
INT077 4.93 306.69 257.68 267.06 400.00 500.00 279.09 252.30
INT078 400.00 377.89 132.72 384.05 400.00 600.00 331.83 500.00 -177.05 -20.57
INT079 79.39 382.13 324.14 -31.38 500.00 21.52 400.00 1,079.74
INT080 944.74 5.87 108.99 86.68 264.49 296.45 389.02 139.29 -10.34 364.07 500.00 -71.24 362.93 774.18
INT081 500.00 275.23 251.75 133.47 270.26 90.97 104.58 224.74 -294.34 -1,074.21 258.38 500.00 -191.30 926.80 353.27 846.44
INT082 261.11 301.14 172.75 890.47 -305.54 -1,744.55 400.00 649.59 787.74
INT083 515.94 76.11 19.29 798.33 127.07 261.44 813.90 -4,303.02 125.68 500.00 -173.89 1,034.39 401.00 602.32
INT084 434.65 -68.25 5.88 99.97 237.53 500.00 -105.33 280.60 401.00
INT085 420.93 227.31 172.60 -1.46 92.51 21.52 -61.32 261.32
INT086 832.45 -104.24 138.85 253.34 801.60 103.18 496.40 392.35 401.00
INT087 402.00 -6.27 347.88 76.30 333.34 121.46 285.63 -52.61 401.00
INT088 125.86 272.94 123.76 500.00 -20.88 286.00 360.28 49.84
INT089 -48.36 138.40 1,096.35 699.05 1,838.43 -163.39 737.61
INT090 256.41 36.94 815.92 141.13 97.07 0.50 762.77 284.74 255.45
INT091 98.55 806.67 0.50 840.87
INT092 32.22 47.95 -14.90 113.36 0.50
INT093 98.74 -67.76 5.05 -145.00 234.13
INT094 106.69 11.83 843.97 3.35 400.00 45.85 323.55
INT095 18.04 793.70 0.20 257.10 400.00
INT096 4.34 237.89 -5.95 -37.55
Pret final de excedent din luna Martie 2026
1/1