PDF PAGE 1
Data: 21.09.2026
lei/MWh
Interval/Data 01.08.2026 02.08.2026 03.08.2026 04.08.2026 05.08.2026 06.08.2026 07.08.2026 08.08.2026 09.08.2026 10.08.2026 11.08.2026 12.08.2026 13.08.2026 14.08.2026 15.08.2026 16.08.2026 17.08.2026 18.08.2026 19.08.2026 20.08.2026 21.08.2026 22.08.2026 23.08.2026 24.08.2026 25.08.2026 26.08.2026 27.08.2026 28.08.2026 29.08.2026 30.08.2026 31.08.2026
INT001 753.04 747.60 945.37
INT002 368.97 343.17 782.64 876.59 201.49 910.31
INT003 1,001.01 202.77 114.04 839.37 856.87 405.00 155.66 889.97 415.00
INT004 672.33 188.19 450.00 325.99 415.00
INT005 798.38 545.42 241.64 376.65 208.86
INT006 768.75 0.00 -216.66 266.02 238.97 1,183.13
INT007 405.00 966.79 143.74 159.11 204.25 206.54 410.00 401.00
INT008 773.30 921.06 345.48 206.42 450.00 201.37 200.29 410.00 863.87 946.76
INT009 0.00 954.74 405.23 870.07 815.48 408.80 181.32 950.96
INT010 880.99 401.00 515.00 920.58 401.00 395.39 387.39 100.60 410.00 362.73 1,021.50 420.00
INT011 853.21 460.04 401.00 878.06 248.88 371.42 26.92 414.13
INT012 0.00 462.72 181.12 922.00 11.62 217.80
INT013 1,091.64 401.00 113.71 420.00
INT014 400.88
INT015 726.41 401.00 350.39 214.80 949.55
INT016 178.74 166.35 208.31 151.57 -18.78 951.89 894.28 210.52 349.98
INT017 105.03 887.73 341.54 156.13 401.87 206.84 164.15
INT018 148.74 445.00 200.00 206.46 1,268.98 1,000.95
INT019 825.71 155.00 172.96 251.03 207.72
INT020 597.36 869.93 155.00 764.04 940.61 77.04 206.23 909.36 1,170.28 934.40
INT021 167.37 366.62 856.93 790.57 343.76 884.08
INT022 150.69 445.00 847.40 401.00 989.10 1,308.23
INT023 776.50 445.00 401.00 405.00 117.05
INT024 405.00 341.62 954.79 401.00 926.07 202.39 1,023.01
INT025 731.28 909.21 0.00 1,005.95 119.80 968.65 410.11 221.28 403.88
INT026 896.35 941.92 920.98 401.00 144.49 263.09 833.07 175.59
INT027 136.61 966.57
INT028 373.22 401.00 158.50 415.00 979.38
INT029 163.28 -362.59 285.34 1,128.31 540.91 318.93
INT030 155.71 836.23 946.40
INT031 -364.84 401.00 976.15
INT032 298.47 522.81
INT033
INT034 -39.21
INT035 874.04 140.28 153.96
INT036 388.82 2.82 977.37
INT037 400.00 -26.20
INT038
INT039 739.16 612.10 -188.92
INT040 612.65
INT041 38.75 551.28
INT042
INT043 668.27 124.54
INT044 80.66 623.50 -34.03 -260.07
INT045 75.10 -37.95 636.03 -83.63
INT046 99.06
INT047 611.33 640.93
INT048 93.34 685.08
INT049 181.86
INT050 1.76
INT051 28.91
INT052 -176.70 1.53
INT053 3.31
INT054 -24.34
INT055 -34.89 106.55 -3.51
INT056 302.84 29.23
INT057 21.71 8.62 631.28 17.59
INT058 -10.78 43.81 -96.03 17.67
INT059 27.12 77.41
INT060 -64.99 18.26 23.94
INT061 -6.34 19.68
INT062 72.30 164.16 516.41
INT063 -29.60
INT064 82.73 90.33 -8.65
INT065
INT066 628.28
INT067
INT068 58.05 -27.14
INT069 -91.52 131.88 -4,546.02
INT070 647.46
INT071 636.77 0.20
INT072 474.35 1.00
INT073 378.20 55.75
INT074 971.72 873.58 59.89
INT075 649.24 309.41 52.00
INT076 522.84 52.00
INT077 1,184.99 500.00 1,072.63 52.00 360.00
INT078 1,307.88 291.72
INT079 1,098.07 835.39 35.80 257.00 1,103.59
INT080 1,159.55 760.56 496.49 492.76
INT081 1,187.36 427.04 401.00 29.51 822.54 401.00
INT082 1,024.11 1,347.63 745.38 401.00
INT083 921.42 1,654.60
INT084 401.00 1,143.17 154.01 809.36 1,162.28
INT085 401.00 154.00 249.32
INT086 964.57 804.55 43.29 93.08 83.50
INT087 401.00 420.00 429.66 160.00 118.61
INT088 884.72 516.71 -26.26 160.00 1,277.22 301.95 97.70
INT089 201.14 33.42 779.82
INT090 736.54 967.75 49.88 779.91 6.32
INT091 403.62 516.50 295.53 -98.49 800.48 920.04 1,108.37 401.00 -66.61 117.97
INT092 864.85 -152.74 405.00 365.05
INT093 893.10 781.38 232.60 1,089.56 -207.02 121.97 678.84
INT094 85.76 218.85
INT095 387.80 163.59 239.51
INT096 1,210.61 258.97 859.22 163.44 174.28
Pret final de excedent din luna August 2026
1/1