PDF PAGE 1
Data: 24.03.2025
lei/MWh
Interval/Data 01.02.2025 02.02.2025 03.02.2025 04.02.2025 05.02.2025 06.02.2025 07.02.2025 08.02.2025 09.02.2025 10.02.2025 11.02.2025 12.02.2025 13.02.2025 14.02.2025 15.02.2025 16.02.2025 17.02.2025 18.02.2025 19.02.2025 20.02.2025 21.02.2025 22.02.2025 23.02.2025 24.02.2025 25.02.2025 26.02.2025 27.02.2025 28.02.2025
INT001 5,642.83 1,036.04 1,107.37 690.73 851.67 951.89 690.52 5,363.09 1,080.04 1,112.54 3,836.21 3,757.12 -1,036.93 1,033.72 899.96 898.96 1,146.44 1,216.04 1,154.62 6,887.98 8,064.48 340.06 5,577.01 999.76 1,106.36
INT002 2,011.07 960.12 1,044.07 700.00 799.00 655.12 2,825.88 287.75 1,265.06 901.56 1,034.78 998.65 349.24 894.64 899.34 838.20 1,160.30 1,190.46 1,168.11 7,000.00 4,221.19 261.91 1,168.33 998.62 234.77
INT003 965.72 960.70 700.00 1,010.40 126.56 764.13 3,472.94 205.02 1,849.40 1,003.10 3,633.30 311.22 964.02 896.11 1,123.15 1,255.36 1,174.66 3,221.48 2,394.18 -1,027.76 1,230.09 999.55 -582.36
INT004 101.10 901.17 775.18 151.23 742.86 997.95 68.63 1,936.21 983.73 987.30 216.12 1,020.91 1,121.63 1,281.03 1,174.80 1,120.43 898.44 -608.37 4,844.99 218.06
INT005 121.68 2,650.05 247.19 1,023.50 170.85 886.98 1,189.79 1,034.52 1,139.62 3,057.75 1,239.80 1,043.25 1,061.76 341.52 919.72 1,216.49 976.39 2,853.44 1,129.93 2,433.75 4,320.31 998.89 300.14
INT006 999.99 -1,230.17 821.71 190.41 1,025.10 -157.48 977.40 948.71 1,041.13 1,124.49 1,183.38 1,034.75 1,096.72 1,020.44 286.56 932.94 1,106.72 994.31 1,890.71 1,291.22 3,804.43 208.87 923.30 965.54 -1,866.83
INT007 -335.07 700.00 78.47 1,081.93 87.40 904.80 943.64 701.36 1,082.82 899.98 235.38 873.63 1,108.82 1,083.77 1,125.36 1,155.61 898.49 211.80 1,147.03 998.85 362.26 -3,530.65
INT008 952.98 -1,893.62 700.00 -98.64 1,063.25 4.48 839.68 266.63 530.02 999.87 864.89 217.50 996.92 284.64 853.81 1,133.50 1,366.60 1,126.22 1,138.56 1,049.03 207.92 1,205.10 1,016.58 282.64 -413.03
INT009 970.84 -306.82 904.77 199.38 1,001.04 4,007.51 973.49 994.29 1,326.93 999.03 5,503.49 1,154.18 1,058.30 360.34 1,101.62 2,167.82 1,718.38 3,149.09 3,395.88 301.74 3,222.48 1,135.46 270.10 279.85
INT010 1,036.63 -2,011.54 840.71 104.09 999.98 981.28 884.66 994.90 1,006.01 2,909.98 1,000.00 285.89 981.61 267.69 894.66 1,105.42 1,267.57 1,404.45 1,535.73 1,607.21 260.00 2,134.82 999.94 241.53
INT011 -153.97 987.18 -16.96 999.69 943.85 884.66 999.14 1,016.42 2,996.32 1,119.52 314.50 1,091.24 302.26 889.81 1,073.52 1,373.15 1,109.22 2,949.54 -91.72 1,123.78 999.76 842.77 -3,087.36
INT012 907.98 26.29 898.91 -431.69 1,569.14 134.32 799.00 1,017.28 292.01 871.55 1,371.63 1,106.12 257.20 1,074.85 288.18 251.86 1,056.01 840.00 1,198.76 1,107.92 2,764.39 151.50 1,161.08 997.46 843.84 -425.80
INT013 1,038.06 183.52 936.37 996.51 357.80 954.64 1,033.14 999.83 1,004.06 998.90 1,307.92 1,073.59 201.11 1,062.35 353.69 142.07 2,725.67 871.08 1,041.14 1,079.36 1,035.97 286.54 1,082.72 999.93 840.35 325.13
INT014 996.84 141.13 1,264.36 991.09 313.49 967.65 979.18 981.67 1,000.53 999.88 956.93 1,219.88 1,079.34 207.33 1,047.97 351.66 1,104.31 899.08 1,034.49 1,086.50 915.64 367.91 1,083.51 994.88 844.13 -292.76
INT015 202.52 756.98 999.71 311.57 799.00 1,067.73 1,009.61 1,004.32 990.79 999.15 1,142.75 1,087.83 204.96 1,043.61 331.37 298.39 1,079.52 897.90 1,038.36 1,088.59 3,634.88 370.95 1,079.34 1,264.14 860.14 -215.16
INT016 1,037.21 211.76 799.00 999.03 799.00 2,293.74 997.40 1,000.24 1,009.14 1,147.91 1,025.65 115.06 1,039.59 1,073.70 844.88 1,041.59 1,090.48 919.62 195.83 1,097.86 999.24 872.48 -132.35
INT017 1,039.56 203.07 4,675.31 883.13 971.27 1,019.95 982.08 1,019.59 998.34 1,128.07 1,064.20 294.80 1,129.77 948.36 2,277.86 1,058.12 2,575.62 272.02 1,132.74 1,815.36 856.60 261.49
INT018 1,037.21 242.42 713.15 999.27 346.98 960.30 999.94 982.59 998.99 908.82 1,139.64 995.09 -140.17 1,019.82 1,096.87 860.28 1,060.54 1,058.96 1,082.84 361.53 1,096.04 999.89 858.77 358.28
INT019 1,014.01 219.12 2,823.48 -900.10 901.08 995.10 984.43 956.14 1,130.56 1,011.11 -186.58 1,060.29 897.74 729.31 1,106.02 1,020.11 1,045.13 1,058.92 897.66 334.02 1,098.41 1,000.00 981.06 366.47
INT020 1,003.48 211.52 4,886.78 -2,596.90 811.30 903.12 958.27 983.01 994.38 1,093.77 1,127.11 1,020.77 43.21 1,038.18 897.47 897.37 1,066.74 1,020.59 1,036.74 1,050.83 896.28 -2,914.12 1,100.47 1,155.34 984.59 353.33
INT021 1,262.38 162.55 2.04 1,018.24 -777.74 186.25 926.36 1,008.88 983.77 1,088.35 1,040.27 1,145.28 1,281.36 896.00 1,210.43 1,065.40 1,105.73 151.02 -797.89 2,031.59 1,000.00 933.53 316.62
INT022 1,921.83 -1,475.01 1,022.72 78.81 257.61 894.99 1,019.84 982.43 2,226.20 999.63 1,194.82 95.20 1,448.74 369.02 899.57 1,272.54 1,069.01 2,371.19 -51.34 -2,291.66 994.01 882.60 353.12
INT023 1,862.07 1.88 1,021.34 101.08 919.92 999.62 985.85 1,985.12 1,687.02 207.46 899.94 374.23 1,009.54 1,187.30 2,002.62 1,062.15 1,068.09 3,753.47 -104.40 1,977.85 1,374.27 78.75
INT024 1,026.47 1,022.45 88.41 997.97 929.92 995.96 2,349.22 1,303.18 2,360.39 1,234.22 997.66 202.22 931.72 1,092.19 1,095.82 983.75 1,368.00 2,213.54 5,999.00 -496.21 4,427.64 1,384.27 1,197.11 -544.88
INT025 1,045.30 234.31 -188.85 -493.31 1,050.35 -1,669.68 -1,513.25 902.87 987.60 1,412.30 -2,598.93 321.66 196.89 895.46 257.83 -142.21 -61.66 298.96 4,626.60 1,123.87 5,487.75 -86.49 -273.52 91.08 -3,445.69 -3,636.26
INT026 1,137.06 339.93 254.54 -245.89 1,050.11 76.43 900.65 999.97 1,080.82 1,602.70 991.89 1,264.68 317.02 196.36 864.62 360.18 890.57 360.27 1,392.35 1,254.80 2,249.79 -3,030.81 997.03 -2,409.47 361.86
INT027 1,024.91 1,052.96 3.56 900.50 922.22 2,348.85 2,734.10 5,517.26 5,134.05 201.18 891.04 300.59 1,130.36 899.22 1,281.37 1,094.04 3,017.08 5,494.72 3,047.10 -3,102.11 360.35
INT028 207.35 2,872.82 1,017.65 1,050.65 997.08 900.24 1,010.52 3,083.11 3,194.25 5,999.00 6,207.89 1,057.23 186.68 899.62 1,197.48 4,985.37 5,856.26 2,818.03 1,664.24 1,251.56 1,055.55 5,967.50 5,962.42 -2,537.70
INT029 202.66 -2,690.47 -1,074.62 6,462.48 -3,854.79 59.62 924.54 1,749.91 -44.97 -315.73 -2,049.85 183.41 894.77 -2,985.64 -1,685.83 87.44 2,136.22 1,222.88 1,121.95 200.34 1,509.81 1,319.05 -3,555.19 -4,110.93
INT030 267.88 -86.78 986.38 1,668.60 222.86 1,148.35 5,180.36 1,362.31 1,269.43 1,792.53 1,130.83 360.46 899.26 1,110.98 1,184.00 1,516.38 1,195.35 1,140.75 3,067.07 3,203.90 4.85 360.30
INT031 350.00 1,149.55 1,276.22 81.30 1,029.45 2,205.91 993.93 3,070.52 2,061.48 1,317.69 1,571.12 1,110.21 349.09 1,013.09 2,878.80 1,541.87 5,432.96 900.00 1,306.69 1,231.17 1,116.39 1,308.84 2,669.43 1,206.27 334.95 126.94
INT032 1,075.60 348.05 346.05 1,038.62 1,040.03 5,063.87 996.79 1,222.50 1,728.40 2,497.78 6,712.60 1,052.33 899.77 1,045.09 4,062.82 1,940.63 3,343.18 1,455.36 1,507.70 1,217.99 1,128.39 1,729.60 1,709.16 1,385.61 -47.19
INT033 323.09 -2,287.63 215.50 -3,717.69 2,092.08 1,020.67 1,317.04 1,620.81 3,339.63 2,495.89 1,140.71 884.23 2,362.82 60.16 1,269.02 1,176.36 1,111.97 2,655.86 1,357.10 70.41
INT034 1,051.50 249.72 1,045.29 1,190.74 318.87 358.82 1,078.13 1,005.65 980.02 1,301.44 1,639.41 1,936.52 983.83 1,134.82 1,114.04 1,543.04 2,133.06 1,931.84 -16.04 1,230.26 1,158.50 1,267.37 398.15 3,558.18 1,282.58 363.91 1,108.77
INT035 1,063.01 325.75 1,484.56 1,327.90 22.85 -106.86 1,151.06 999.11 844.83 1,316.77 1,912.75 1,569.14 996.28 1,107.73 910.64 3,662.50 2,082.35 1,521.10 81.53 1,307.17 1,437.90 1,106.81 123.89 -43.46 392.61 -2,152.09 965.21
INT036 1,122.38 350.00 1,501.73 1,322.29 359.93 999.10 235.44 1,704.69 1,127.07 1,063.89 1,486.13 2,139.97 2,023.06 -2,303.66 1,335.69 2,024.64 146.35 11.36 339.01 -43.33 1,510.41
INT037 1,596.07 350.00 4,876.86 1,481.45 1,346.30 997.06 897.36 1,009.20 1,627.04 1,310.76 5,458.54 210.73 1,682.31 1,237.67 974.36 1,440.28 1,415.75 3,396.85 2,400.78 1,150.99 1,009.71 899.84 196.65 1,250.17
INT038 2,023.20 1,601.06 1,423.37 1,346.26 1,005.61 1,009.06 181.53 -260.79 999.77 2,246.05 1,720.38 1,189.67 1,147.03 1,515.77 1,378.25 1,204.42 1,181.95 883.60 919.87 1,248.70
INT039 1,228.14 1,625.17 1,496.18 1,392.26 990.53 -4,294.42 1,009.09 133.47 172.13 1,706.57 357.22 1,534.96 1,136.22 1,137.38 898.86 1,401.97 1,336.01 2,259.11 -1,800.49 270.28 -4,846.02 214.34 -1,404.74 360.00 1,249.93
INT040 2,593.06 1,070.02 2,984.56 -1,577.76 -5,140.72 1,009.82 144.16 -5,207.86 -8,382.63 361.00 100.18 993.82 1,276.80 1,129.54 893.53 1,412.66 -1,916.13 -2,619.04 199.90 -6,392.32 -381.25 970.93 1,252.08
INT041 4,896.45 3,952.35 1,310.74 1,226.94 5,959.18 310.86 948.01 925.87 1,064.61 5,354.41 4,772.77 1,080.93 1,162.96 912.84 2,193.42 1,174.86 817.71 904.36 1,092.83 306.46 3,765.55 1,202.35
INT042 1,158.78 3,687.03 1,312.37 -70.91 2,447.94 252.98 358.35 943.90 249.70 -12,632.71 272.56 2,391.70 -3,141.95 1,029.26 1,099.99 1,074.79 992.03 1,266.58 1,033.31 -3,057.64 796.71 899.61 23.19 860.49 -2,468.05 1,024.29
INT043 3,635.81 1,129.66 1,332.85 4,779.14 285.85 -3,276.78 943.69 193.95 -20,292.72 -110.44 1,317.38 -4,308.79 996.93 1,095.11 1,069.93 1,301.54 1,277.09 38.78 1,044.35 -9,331.00 796.71 37.66 843.75 -2,692.31 1,203.23
INT044 994.30 2,089.90 1,333.05 -1,098.40 234.46 943.67 19.06 -5,296.27 1,317.48 -1,030.03 -1,624.96 1,170.18 1,121.71 860.36 1,242.23 -7,814.46 -9,803.70 142.56 1,203.49
INT045 1,026.41 1,367.26 1,172.88 305.43 248.64 912.14 209.34 1,013.46 5,348.08 -455.73 90.69 1,054.84 2,682.87 1,171.48 -1,995.84 1,512.05 734.71 855.17 10.09 899.21 372.10 1,124.59 878.38
INT046 981.77 2,085.06 1,265.32 211.36 840.00 -3,280.65 183.90 912.97 46.56 -3,043.51 998.05 -4.55 1,028.94 1,092.89 360.27 1,167.51 900.80 362.23 799.48 2.61 853.69 -2,909.77 1,124.91 933.77
INT047 999.47 -1,419.80 -1,600.70 911.84 48.94 187.13 238.51 2,664.59 -47.90 -839.92 1,059.76 1,046.09 360.42 1,179.91 891.73 25.16 732.71 2.12 840.00 -232.56 998.28
INT048 36.63 -9,316.95 827.45 -1,967.79 -6,862.93 964.77 -81.19 -20.30 988.11 -261.49 -185.30 1,063.46 1,099.43 1,183.49 364.91 732.71 22.49 156.52 330.12 1,028.60
INT049 977.32 560.00 3,163.18 -1,574.95 -1,723.82 873.82 79.14 23.82 176.89 2.37 1,008.41 1,079.41 899.78 1,146.78 -2,113.57 361.96 2,858.59 920.70 5,937.88 232.78 390.00 997.82
INT050 994.83 1,365.29 55.97 1,086.30 -0.16 -1,136.77 873.79 -3,117.24 3.49 95.02 360.00 -91.84 1,011.68 1,089.68 889.37 1,146.47 241.81 365.25 721.11 893.61 2,997.97 185.73 129.85 897.00 1,012.75
INT051 54.12 541.18 143.46 121.61 1,049.94 -2,015.32 -196.52 872.74 -2,708.23 3.01 92.36 358.63 160.37 1,025.54 999.30 361.00 1,090.32 363.89 298.22 719.89 898.24 1,125.22 147.35 -113.37 919.00 945.92
INT052 -43.21 502.70 478.95 152.95 991.44 -306.64 872.82 -404.58 15.96 77.71 360.00 165.76 1,032.11 1,077.25 361.00 1,143.55 719.89 883.70 1,137.08 -38.42 6.64 345.36 920.83
INT053 188.46 2,525.09 509.72 938.99 1,621.49 -309.21 -1,837.63 -1,056.43 81.48 359.72 -20.39 990.39 1,084.52 1,018.82 1,146.69 840.00 209.13 -79.34 834.63 -416.80 6.50 177.70 991.58
INT054 -86.06 1,037.36 1,021.78 894.13 1,005.38 -390.97 868.17 -1,559.65 92.79 338.28 -617.51 1,004.89 1,084.63 1,593.29 877.46 849.02 287.49 167.16 865.71 117.08 46.23 10.49 996.86
INT055 -1,238.52 1,037.98 1,009.35 924.00 2,756.92 0.10 -591.01 858.56 -1,497.77 58.97 -243.37 -95.09 1,066.91 1,006.07 1,084.77 1,059.04 1,058.01 840.00 -6,125.67 337.02 136.86 822.20 141.57 -34.78 997.48
INT056 -3,353.87 1,055.36 1,028.39 916.32 2,486.50 -593.88 840.69 -745.78 -454.89 -130.23 998.93 1,024.95 1,079.40 5,413.75 1,100.33 840.00 -3,323.43 291.73 85.30 822.20 283.17 0.50 130.14 997.71
INT057 -2,140.80 1,003.56 1,021.12 888.71 2,282.02 -4,664.66 -1,899.43 -172.32 0.60 1,132.38 1,267.36 1,073.92 1,030.17 1,208.69 899.40 -13,490.91 175.64 54.50 -112.44 28.38 -4,219.14 217.95 3,690.27
INT058 -1,582.40 1,003.61 700.00 948.81 2,527.83 -12,546.01 360.00 -1,391.45 -1,175.76 1,075.45 1,039.50 1,076.80 1,054.20 1,181.14 334.76 18.82 -403.12 0.53 330.75 4,788.72
INT059 -1,330.95 1,019.67 700.00 1,246.76 2,523.91 0.00 -19,568.05 -208.03 -2,564.54 1,566.21 1,180.24 992.29 1,070.67 1,055.83 1,199.47 254.76 360.15 10.05 819.08 -1,384.72 22.31 994.88
INT060 -1,479.70 1,002.79 700.00 809.21 1,722.19 992.86 -18,047.84 -278.66 2.19 47.80 999.93 999.00 992.70 1,056.24 1,190.60 365.22 -85.73 819.08 -1,459.81 28.04 65.94 994.26
INT061 -4,580.58 999.90 880.58 1,092.04 360.00 -4,936.11 78.48 -144.36 -2,573.33 -2,066.17 -162.70 975.18 361.00 1,303.85 1,517.72 1,251.99 -9,689.66 -4,344.89 -5,087.21 -488.28 194.23 -527.22 39.42 -5,196.59 1,007.40
INT062 -3,749.59 1,006.91 890.92 1,104.15 0.00 -4,205.51 92.79 -385.49 -2,400.54 -502.81 -998.22 1,845.71 991.06 1,144.62 1,041.74 1,254.17 224.46 293.45 -1,648.91 -72.90 -759.60 157.38 -7,007.41 1,427.73
INT063 -221.16 999.03 991.03 1,138.39 1,056.63 -118.95 903.64 -4,782.35 -814.49 1,157.68 979.49 1,026.45 2,669.40 1,234.28 215.20 -3,774.72 -31.61 888.31 193.86 5,161.23 1,007.24
INT064 996.69 2,395.66 1,319.02 3,654.11 956.52 999.28 1,201.72 1,041.06 1,014.89 1,997.96 1,235.36 358.11 28.35 4.28 1,098.86 890.62 1.32 5,824.43 1,007.92
INT065 -2,199.49 -2,587.50 -2,132.67 -3,170.18 -1,701.66 -448.29 -19.45 10.54 -2,378.65 37.50 -165.59 216.83 -1,833.54 1,353.20 849.89 1,936.36 -7,933.57 -891.32 -1,682.77 -2,215.46 -1,743.22 -1,076.59 68.16 -4,509.33 1,078.27
INT066 -1,599.03 1,684.96 1,111.22 35.43 1,172.63 -280.45 1,019.00 -1,347.36 -84.19 360.00 1,091.12 916.72 908.69 1,776.69 323.19 -116.64 114.02 1,085.32 -58.08 -3,715.75 995.49 1,097.69
INT067 1,086.04 1,104.71 1,116.13 -32.11 1,118.48 4,560.37 5,999.00 5,999.00 996.19 1,087.45 2,940.48 879.10 1,630.59 3.54 4,741.22 2,879.71 937.79 1,634.27
INT068 1,053.15 1,021.54 2,990.49 2,565.10 3,778.31 5,999.00 5,193.66 2,697.92 5,865.45 1,092.76 1,909.86 3,560.88 1,278.48 980.95 1,410.55 5,999.00 4,074.05 4,005.97 1,072.97
INT069 39.35 1,194.61 -192.05 55.79 171.14 13.44 2,476.36 283.26 -4,288.66 -588.23 282.78 360.68 -2,073.29 1,505.38 8,550.21 -3,146.25 246.53 33.33 -1,126.75 1,392.21 -3,094.83 116.74 13.93 1,108.90
INT070 968.06 1,200.24 4,299.67 1,174.28 100.96 178.81 -538.15 2,544.60 1,385.87 243.67 -2,836.54 2,026.06 360.00 361.00 1,297.27 322.50 5,089.99 5,463.01 360.21 360.32 349.46 1,384.38 1,644.38 144.25 16.37 3,484.65
INT071 2,806.84 2,479.13 5,999.00 3,178.36 106.14 4,197.65 5,768.60 -53.51 4,776.12 360.00 -4,105.58 1,275.77 4,005.00 3,159.27 1,450.54 4,233.81 1,347.98 1,870.92 134.06 14.41 4,275.15 1,156.82
INT072 3,806.90 3,354.50 5,867.58 5,832.23 109.91 5,819.17 3,529.08 1,122.34 983.32 5,999.00 360.00 -864.50 3,768.32 1,231.26 5,995.52 2,160.49 2,070.20 5,580.63 5,838.44 5,978.14 1,961.82 3,377.91 -305.91 -30.13 1,633.68 1,084.48
INT073 939.18 2,324.67 1,409.81 1,048.41 135.46 199.83 304.16 1,896.64 1,270.25 4,281.10 -3,262.69 -2,027.38 2,366.60 150.83 1,235.07 76.08 124.94 1,513.91 2,082.58 4,305.57 -640.78 24.11 2,094.95
INT074 1,218.38 1,309.45 1,468.44 1,765.87 134.56 -1,900.81 360.00 999.97 1,236.80 968.81 5,999.00 314.31 -612.53 1,324.30 1,283.15 900.00 917.09 899.14 2,291.14 2,243.96 1,756.71 2,174.73 1,320.83
INT075 1,444.19 1,378.64 1,411.38 0.76 241.73 1,211.41 994.21 310.18 6,000.00 2.07 1.28 1,336.54 1,156.99 1,527.06 1,773.69 1,893.98 2,778.95 5,999.00 1,750.08 2,322.21 1,259.64 1,324.71 1,547.90
INT076 2,985.08 1,556.44 1,344.41 4.32 325.49 999.04 196.65 1,293.67 962.51 360.00 6,000.00 1.74 1.11 1,468.54 1,500.78 1,585.30 2,180.80 1,819.99 1,854.74 1,721.55 2,374.05 1,331.00 1,502.20
INT077 1,157.27 997.02 1,240.32 3.36 360.00 1,000.00 1,804.92 5,001.00 50.27 -42.95 1,331.65 900.00 1,891.40 1,258.37 1,999.16 1,631.14 2,183.71 3,120.83 328.72 1,858.64
INT078 1,225.21 1,389.31 1,233.69 8.48 360.00 373.46 1,512.72 5,995.74 51.62 -129.72 1,335.13 1,412.81 2,162.78 2,300.42 1,512.31 1,679.23 1,988.07 3,318.19 253.91 1,580.78
INT079 1,000.00 1,221.64 1,157.93 1,184.67 1.05 161.94 1,071.31 1,944.70 935.90 5,006.31 -571.29 -159.31 1,462.58 1,644.56 5,144.11 2,300.42 1,601.40 1,664.63 1,959.66 2,275.86 206.23 1,894.25
INT080 1,608.46 1,204.61 1,065.07 1,231.53 1.10 1,045.67 2,181.81 1,807.30 5,995.29 -80.63 -100.99 1,404.15 1,790.07 4,387.53 2,155.75 1,398.51 1,504.62 1,542.35 2,307.99 359.16 252.71 1,373.34
INT081 1,191.91 1,343.40 1,276.52 1,249.15 -202.61 300.44 1,000.75 999.85 1,958.22 997.84 1,219.95 5,999.00 -41.19 -297.00 1,337.54 906.64 1,515.27 4,055.98 1,330.80 898.18 1,430.47 1,859.50 1,612.71 2,179.10 2,245.91 1,288.16
INT082 700.00 1,203.07 804.97 1,283.78 2.94 996.99 1,198.98 1,000.00 5,999.00 11.40 -431.80 1,280.15 1,522.85 3,143.58 900.00 1,661.95 1,555.46 1,689.37 2,170.29 366.47 1,398.79 918.20
INT083 1,312.75 1,167.61 700.00 1,313.25 47.55 525.74 1,231.81 973.15 999.34 939.17 1,133.00 5,214.02 47.53 14.63 1,318.74 924.21 1,425.97 1,844.59 269.48 1,540.85 1,590.33 2,186.78 288.22 1,312.92 941.91
INT084 1,878.90 1,126.56 700.00 1,272.45 65.62 1,188.03 845.16 1,473.05 78.75 79.16 1,349.89 -154.59 1,426.60 1,783.10 118.69 -1,047.54 184.76 1,614.95 1,680.26 2,175.72 177.77 223.76 1,252.23
INT085 1,355.02 3,155.93 1,171.81 1,230.84 57.62 964.02 1,061.35 1,138.14 3,676.07 4,541.80 1,469.41 5,999.79 16.65 118.50 1,313.31 1,155.31 5,246.99 2,677.69 164.23 3,719.95 1,343.79 2,894.66 899.40 5,667.12 2,752.90
INT086 2,004.85 2,593.44 718.35 1,233.51 56.56 762.60 1,060.73 1,302.81 1,357.31 1,472.62 19.75 4.16 1,297.65 1,133.25 3,113.17 1,351.81 325.33 3,259.85 1,348.10 883.76 -668.63 5,999.00 979.45
INT087 1,167.70 1,239.18 1,264.95 1,397.42 66.33 959.91 360.00 1,059.43 996.97 1,399.88 10.77 77.92 1,309.10 1,268.71 1,091.03 1,624.15 319.44 252.14 4,672.23 1,367.20 858.86 295.76 -99.04 5,641.61
INT088 702.50 1,119.28 2,029.30 2,814.82 62.42 217.64 189.03 240.99 360.18 213.11 11.91 -33.45 1,382.47 246.71 1,385.01 190.30 112.13 108.92 2,128.71 1,350.77 215.09 -3,862.52 155.80
INT089 1,142.66 1,194.22 1,206.56 1,108.97 131.30 999.97 1,120.01 293.28 5,811.24 1,321.41 1,335.25 4,644.30 -105.54 2,937.83 4,233.27 3,553.05 1,574.38 1,188.51 5,855.07 3,296.30 5,970.99 3,580.63 2,875.22 4,593.73 5,297.90 4,516.59
INT090 1,160.90 1,052.06 1,388.21 1,246.23 129.72 258.25 4,637.75 1,310.90 999.49 4,272.42 -11.90 1,194.10 1,284.20 1,273.39 1,689.96 949.26 1,828.93 900.00 5,646.28 2,628.27 1,046.81 303.01 1,475.70
INT091 999.99 999.15 1,861.55 998.69 130.91 246.88 309.49 265.28 1,570.25 1,284.73 -3,711.35 993.98 1,308.71 1,172.12 896.21 1,421.79 900.00 5,196.66 1,307.90 21.70 335.57
INT092 -2,167.78 -2,711.31 111.89 -2,882.46 934.52 996.16 163.61 320.50 -3,555.05 2,008.26 902.84 181.11 1,465.64 886.33 1,089.66 1,307.44 -2,888.77 -1,145.18 287.33 -1,061.82
INT093 1,124.14 1,991.34 896.87 3,668.93 -275.99 1,030.11 -636.31 5,800.55 1,274.52 1,176.02 4,822.37 -1,127.40 1,067.23 2,138.42 3,262.12 1,840.62 1,330.54 2,402.98 5,942.69 7,026.62 6,902.52 3,220.99 840.00 272.93 1,099.67
INT094 944.73 1,172.72 427.78 1,626.55 94.95 358.05 1,013.68 211.66 2,438.05 1,282.64 995.32 1,411.68 223.05 998.23 1,154.47 1,130.78 1,855.43 1,128.37 5,416.14 5,703.06 6,003.66 1,308.05 877.19 899.45 228.50 1,225.85
INT095 999.64 998.87 357.14 1,286.26 -243.58 271.99 1,095.12 239.21 1,130.77 992.85 264.43 1,159.33 1,179.18 1,676.54 900.00 4,951.50 5,974.67 5,374.16 1,212.51 377.48 360.63 341.96 307.65
INT096 1,015.45 997.47 300.00 -163.70 96.41 -4,472.39 1,136.62 946.27 211.44 875.64 -2,303.33 1,965.72 1,020.64 1,344.29 1,014.87 903.11 2,298.24 898.83 895.80 -721.46 268.97 301.45 -3,671.73 230.72
Pret Final Unic din luna Februarie 2025