PDF PAGE 1
Data: 16.12.2025
lei/MWh
Interval/Data 01.10.2025 02.10.2025 03.10.2025 04.10.2025 05.10.2025 06.10.2025 07.10.2025 08.10.2025 09.10.2025 10.10.2025 11.10.2025 12.10.2025 13.10.2025 14.10.2025 15.10.2025 16.10.2025 17.10.2025 18.10.2025 19.10.2025 20.10.2025 21.10.2025 22.10.2025 23.10.2025 24.10.2025 25.10.2025 26.10.2025 27.10.2025 28.10.2025 29.10.2025 30.10.2025 31.10.2025
INT001 798.50 730.45 760.58 621.01 328.44 348.73 553.87 318.06 138.93 454.26 91.40
INT002 811.98 25.19 179.28 321.33 401.43 839.58 361.84 853.05
INT003 273.29 114.00 400.00 400.27 347.67 827.97 316.84 400.00 337.74 228.50
INT004 117.81 114.27 685.98 -310.99 400.22 241.35 318.51 -1,068.19 -307.77 119.34
INT005 664.81 -786.86 322.17 399.44 668.53 136.43 -31.55 330.32 1,179.70
INT006 131.06 179.14 -259.67 188.97 635.36 -63.25 378.89
INT007 96.57 759.72 398.84 134.86 182.79 390.00 27.30 26.83
INT008 802.23 181.36 -6.24 96.89
INT009 74.06 582.25
INT010 185.64 395.00 122.30 79.84
INT011 123.61 55.86 218.84 72.55 50.56 87.32
INT012 124.86 122.76 334.59 842.93 124.03 316.46 326.23 329.71 72.33
INT013 391.27 381.34 624.61 310.61 274.88 160.38 99.90 331.92
INT014 645.61 210.14 166.53 169.75 130.08 -225.24
INT015 94.60 54.61 400.00 831.68 178.19 -29.81 144.86 62.36 405.00
INT016 504.86 637.29 137.45 116.71 221.47 406.95 97.41 4.30 99.12 141.45
INT017 824.50 657.77 936.76 34.87
INT018 740.77 111.89 278.88 -4,672.55
INT019 647.93 142.81 155.15 182.59 318.57 0.32
INT020 251.96 818.95 141.88
INT021 557.24 395.00 658.73 203.32 145.61 549.65
INT022 59.18 410.00 212.86 139.99
INT023 224.07 116.07 410.00 325.63 400.08 288.89
INT024 681.82 490.04 308.83 80.84 -36.42 594.60 0.31
INT025 190.19 256.47 6.18
INT026 390.00 326.67 126.53 542.71 0.00
INT027 276.43 165.12 -1,172.66 770.60 242.03 169.28 100.00
INT028 527.75 745.86 420.00 568.55 318.68 822.54 727.85
INT029 307.26 200.40 -1,467.42 230.98 275.30 2,153.56
INT030 855.46 527.65 554.23 739.60 -3,661.52 410.00 77.20 302.57
INT031 329.16 753.44 192.57 316.06 928.59 332.80 337.33 0.40
INT032 335.18 105.37 395.00 316.43 737.53 400.00 31.76 0.40
INT033 1,044.75 395.79 306.09 861.45 -1,150.95
INT034 329.88 96.57 338.05 -1,031.23
INT035 316.82 674.93 342.08 316.57 -56.32 479.51 69.43 -100.78
INT036 181.37 121.79 -3,678.99 79.55 -294.15 89.07
INT037 450.00 29.50 -541.44 33.22
INT038 331.99 318.23 -195.07 -72.69
INT039 295.07 215.60 47.61 -698.76 -331.19
INT040 69.74 825.04 -22.24 5.44 198.24 -1,508.65
INT041 365.78
INT042 68.35 79.58 -636.77 -165.00 -916.42
INT043 222.49 -2.44 -2,001.02
INT044 -6,399.82 -4,044.71
INT045 -150.64 -6,020.29 -1,940.92
INT046 201.71 -669.71
INT047 -346.84 -961.51
INT048 343.56 -5,074.80
INT049 48.34 -548.17 360.60 -6,371.34
INT050 -18,558.03 454.51 -278.53 -2,536.16 -397.67
INT051 -125.59 0.00
INT052 -438.20 551.70 368.79 -85.92 -851.42
INT053 -99.00 279.29 571.94 542.20
INT054 299.62 -505.48 298.55
INT055 490.03 80.45 -87.42 -138.00
INT056 505.68 4.21 -57.83 -459.83 -86.61 -2,330.98 528.65
INT057 1.14 47.05 137.94 537.44
INT058 -98.80 304.90 39.34 790.54
INT059 1.85 -3,323.70 -643.69 -1,237.77
INT060 114.04 57.82 -1,323.17 52.57 328.23
INT061 -6,377.67 -76.73 -399.01 -454.01 210.31
INT062 -1,701.28 383.91 -10.03 -3.93 0.64 367.75
INT063 466.28 17.48 69.88 -155.32 7.89
INT064 233.49 410.00 -53.00 2.64
INT065 -638.61 -103.16 -4,357.82 -722.04 0.74 -5,717.62
INT066 341.57 -85.75 -530.14 -2,762.14
INT067 721.96 402.85 395.00 -162.19 -303.55
INT068 -164.00 -292.06 0.10 694.74
INT069 400.00 718.71 377.25 231.05
INT070 313.70 420.26 1.63 402.00 1.03 307.66
INT071 0.00 421.10 1.10 352.99 218.50 1,156.21 363.95
INT072 1,749.39 658.83 -82.51 3.63 344.96 280.61 526.21 682.63 354.18
INT073 400.00 390.00 172.46 318.56 400.00 255.00
INT074 354.13 396.67 683.36 404.00 -253.32 26.55
INT075 113.18 699.27 420.00 122.26 251.00 -23.80 891.87
INT076 790.99 738.27 -97.70 0.00 335.64 767.20 263.55 315.13
INT077 0.00 838.08 -177.80 0.00 322.69
INT078 251.00 1,142.47 557.31 318.95 -1,041.23 1,190.98 -605.43 400.00
INT079 320.55 0.00 417.86 320.04 -695.00 400.00
INT080 0.00 355.99 0.00 97.12 736.18
INT081 231.41 407.16 410.00 341.40 262.77 354.40
INT082 304.47 815.25 400.00 410.00 -213.08 382.63 19.22
INT083 740.44 829.21 410.00 0.00 -15.46 148.81 327.45
INT084 375.44 -28.95 -1.84 205.96 379.80
INT085 379.72 -336.13 978.59 651.92 317.01
INT086 -98.73 -959.39 124.21 527.66 704.57
INT087 337.25 -860.45 841.04 313.59 661.16 317.67 889.76 400.00 751.36
INT088 -238.29 346.32 835.21 816.06 441.96 740.34 138.57 246.33
INT089 563.80 90.32 857.75 328.71 307.20 176.19 775.30 523.60
INT090 306.04 722.25 -333.99 405.00 132.34 0.00 139.80 737.19 170.41
INT091 155.96 166.21 343.83 361.83 773.35 153.05 367.23
INT092 312.87 745.57 1,026.03 280.03 347.25 899.87 143.68
INT093 -108.19 742.28 321.85 710.78 713.77 827.54 637.76 667.84 1,422.75 565.57
INT094 -296.94 171.30 323.27
INT095 330.35 896.04 820.42 147.81 390.00 292.79
INT096 379.17 145.06 144.11
INT097
INT098
INT099
INT100
Pret final de excedent din luna Octombrie 2025
1/1