PDF PAGE 1
Data: 11.08.2026
lei/MWh
Interval/Data 01.06.2026 02.06.2026 03.06.2026 04.06.2026 05.06.2026 06.06.2026 07.06.2026 08.06.2026 09.06.2026 10.06.2026 11.06.2026 12.06.2026 13.06.2026 14.06.2026 15.06.2026 16.06.2026 17.06.2026 18.06.2026 19.06.2026 20.06.2026 21.06.2026 22.06.2026 23.06.2026 24.06.2026 25.06.2026 26.06.2026 27.06.2026 28.06.2026 29.06.2026 30.06.2026
INT001 911.80 896.30 1,254.47 1,043.58 899.59 303.55 1,266.85
INT002 289.35 1,004.87 325.52 278.57 82.82
INT003 47.65 331.32 411.83
INT004 158.43 132.29 884.33 898.63 339.88
INT005 379.85 889.40 170.85 944.22 274.89 881.75 115.51 1,305.00
INT006 298.37 800.00 168.32 924.01
INT007 330.74 82.47 699.00 361.62 132.41 368.08
INT008 237.87 711.15 109.08 303.57 1,189.43 1,089.37
INT009 366.94 699.00
INT010 384.57 392.68 898.09 168.19 303.55
INT011 800.00 375.63 124.63 181.38 266.64 339.75 800.00
INT012 800.00 347.30 877.30 97.14 94.01
INT013 892.52 292.45 182.90 238.38 425.32 344.06 1,264.08
INT014 869.83 154.38 886.54 240.54 1,240.72
INT015 899.06 699.00 1,102.84 1,377.44 264.47
INT016 286.72 354.20 1,089.29 197.35
INT017 899.68 977.56 886.37 1,073.05 437.72 1,009.95
INT018 1,050.43
INT019 153.98 897.80 884.53 308.03
INT020 843.49 807.07 744.41 853.29 1,105.65 897.90 147.90
INT021 269.19 285.91 117.58 897.80 248.44 274.74 522.74 1,097.92 443.20 165.90
INT022 141.22 447.72 436.08 1,213.45
INT023 153.80 271.57 699.00 348.54 321.05 887.63 151.31 800.00 423.35 827.75 117.26
INT024 896.18 56.55 699.00 699.00 233.97 394.29 855.85 189.75 147.40 123.33
INT025 700.00 149.61 60.66 233.11 135.97 808.22 80.06 203.03 827.72
INT026 435.60 362.25 699.00 123.58 170.85 198.12
INT027 318.36 9.57 161.31 107.57 155.19 144.01 229.49 135.24
INT028 167.98 17.01 77.29 406.60 171.12
INT029 118.07 295.39
INT030 451.55
INT031 96.00 873.83
INT032 846.44
INT033 253.97 835.76 18.14 343.49
INT034 382.23
INT035 523.73 7.72
INT036 898.28 90.61 590.97 197.33 1,018.67
INT037 449.37
INT038 313.25 -301.70
INT039 2,287.01
INT040 133.47 443.94 -43.91
INT041 991.63 173.71 191.62 175.79 449.00
INT042 31.82 231.32 365.23
INT043
INT044 77.01
INT045 27.73 -1,423.72 743.13
INT046 -28.33 449.00 66.93
INT047 -45.47 449.28 472.06
INT048 438.42 -105.49 -9.59
INT049 449.53 449.00 -421.89
INT050 -350.00 379.00 -57.91
INT051 137.22 128.69 449.00 449.00 449.07 495.23
INT052 197.20 168.01 454.47 53.56
INT053 450.00 10.40
INT054 220.28 49.75 -8.85
INT055 447.00
INT056 440.92 13.76
INT057 25.67
INT058 870.49 23.43 305.26
INT059 30.52 449.00 664.40
INT060 1,100.66 6.67
INT061 478.64 273.84
INT062 262.83
INT063
INT064 -1.77 459.69
INT065 62.27
INT066 664.84
INT067 512.81
INT068 509.79 545.39
INT069 487.42 858.65 375.40
INT070 828.81 449.74
INT071 604.95
INT072 157.32 701.96
INT073 419.81
INT074 90.89 539.32 989.66
INT075 142.62 17.78
INT076
INT077 1,225.94 401.98
INT078 124.10 1,317.08 1,070.08
INT079 200.14 302.56 1,573.75
INT080 1,335.57 1,736.94
INT081 467.89 576.94 342.30 47.97 11,507.58
INT082 396.91 1,998.37 1,196.53 10,857.07
INT083 1,672.11 882.04 461.63
INT084 1,552.35 1,445.04 1,143.31 1,010.63
INT085 458.26
INT086 446.76 398.13 889.06
INT087 1,148.62 329.75 399.68
INT088 794.04 492.46 329.70
INT089 776.78 430.46 586.11
INT090
INT091 348.49
INT092 51.72 199.82 102.51 150.68 350.20
INT093 1,244.48 898.78 152.39 391.47 1,985.50 1,963.66
INT094 885.76 970.41 865.11 260.61 892.91
INT095 141.73 1,712.25 1,185.53
INT096 162.64 128.70 897.73 122.63 960.84 1,891.67 213.06
Pret final de deficit din luna Iunie 2026
1/1