PDF PAGE 1
Data: 21.01.2026
lei/MWh
Interval/Data 01.11.2025 02.11.2025 03.11.2025 04.11.2025 05.11.2025 06.11.2025 07.11.2025 08.11.2025 09.11.2025 10.11.2025 11.11.2025 12.11.2025 13.11.2025 14.11.2025 15.11.2025 16.11.2025 17.11.2025 18.11.2025 19.11.2025 20.11.2025 21.11.2025 22.11.2025 23.11.2025 24.11.2025 25.11.2025 26.11.2025 27.11.2025 28.11.2025 29.11.2025 30.11.2025
INT001 697.88 682.08 829.68 706.35 -43.20
INT002 405.00 822.84 798.62 111.40 1,367.74
INT003 405.00 840.29 358.89 796.11 0.00 113.76
INT004 405.00 132.10 315.48
INT005 339.01 466.88 734.19 141.62 -1,574.96 831.12 10.05 253.98 126.43 400.00
INT006 828.60 163.79 260.61 -5.65 800.27
INT007 378.60 170.23 160.23 676.18 821.90 126.33 754.10
INT008 16.84 147.18 229.67 344.25 831.25 863.94 316.84 318.55
INT009 0.20 279.32 226.67 832.27 400.00 819.72 901.38 779.83 1.70 681.12
INT010 393.20 342.90 783.57 813.32 2.56 0.00 128.05
INT011 716.51 263.12 137.38 758.58 871.73 839.98 781.44 640.48
INT012 108.12 889.02 131.70 393.30 365.44 214.34 340.10 625.70
INT013 317.90 271.52 400.00 712.82 286.60 692.34 362.35
INT014 320.06 188.57 400.00 819.55 397.29 99.55 774.73 795.67
INT015 425.99 808.71 152.15 361.81 343.27 73.85 818.12
INT016 326.72 328.24 386.29 875.73 574.52
INT017 192.21 317.57 148.67 332.60 841.01 711.56
INT018 785.03 97.48 -112.03 114.56 733.46 151.63
INT019 177.86 90.13 17.18 816.55 843.68 835.55 837.28
INT020 96.78 107.53 201.85 249.29 849.76 846.57 400.00
INT021 651.30 869.61 905.68 272.23
INT022 2.05 232.61 400.00 625.69 877.84
INT023 715.87 400.00 785.49 868.63 848.23 629.04 585.42 734.15 -157.91
INT024 264.60 740.57 863.87 440.49 -2,623.91
INT025 0.00 258.34 400.00 400.00 387.78 229.29 307.30 359.48 -1,472.58
INT026 778.34 400.00
INT027 209.04 639.05 648.75 801.41 129.44 177.43
INT028 235.50 719.48 529.34 715.91 249.17 600.99 208.31
INT029 400.00 1,006.07 401.00 0.00 241.66 0.00 340.00 -465.24 237.75
INT030 322.28 0.00 796.05
INT031 354.89 136.82 806.68 322.03 913.29 834.94 215.45 284.28 394.40 0.00 323.85 400.00
INT032 333.41 320.53 219.19 313.17 920.86
INT033 279.24 797.36 310.95 188.13 -71.30 -165.00
INT034 253.60 400.29 364.79 325.23 316.28 327.68 70.27 415.25 0.10
INT035 358.01 821.35 107.99 306.09 195.30 114.03 0.00
INT036 114.41 322.57 872.41
INT037 674.82 271.70 91.65 -215.38 777.28
INT038 319.03 3,286.44 862.75 -372.57
INT039 261.30 113.02 809.76 253.60 333.24 -2,124.89
INT040 225.27 -521.84 269.32
INT041 5,158.96 104.87 2.50
INT042 220.56 -3,430.80
INT043 588.74 92.37 -2,890.33
INT044 573.24 401.00 -24.11
INT045 -105.78 -3,360.09
INT046 -106.26
INT047
INT048 6.51 -118.58
INT049 236.58
INT050 257.75 395.96 16.87
INT051 251.00 -4,172.87 7.52 110.73 548.93
INT052 251.23 768.59
INT053 187.21 -208.45
INT054 9.06
INT055 -14.91 856.68 301.02 0.40 315.40 400.00
INT056 168.29 -55.52 0.99 315.00 19.19
INT057 139.71 401.00 227.50 116.61
INT058 780.78 816.28 59.29 233.68 789.95
INT059 401.00
INT060 190.14 392.82 401.00 320.46
INT061 359.13 137.98 262.75 335.00 -338.55 4.12 362.13
INT062 0.20 321.33 401.00 387.88 796.29 386.92 191.82 21.17 343.65 371.43 798.35
INT063 3,412.34 336.44 352.27 319.41 356.72 0.50 386.72 317.48
INT064 400.00 1,722.78 400.00 326.46 319.61 328.10 898.91
INT065 0.00 330.38 0.00 400.00 0.00 335.47 400.00 0.00 857.81 836.35
INT066 204.23 401.00 767.05 400.00 860.41 784.75 784.83
INT067 752.97 1,581.34 401.00 1,193.16 780.68 375.00 520.69 333.69
INT068 380.51 707.75 384.00 817.45 721.22
INT069 401.00 883.23 317.79 333.77 823.64 -4,969.28
INT070 261.85 319.29 400.00 401.00 2,831.71 996.28 -2,504.69 866.48
INT071 400.00 280.90 1,366.20 772.29 -277.63
INT072 400.00 1,001.23 939.99 978.16 781.68
INT073 160.24 364.08 918.13 304.36 344.70
INT074 401.00 796.24 114.85 224.88 66.82 324.83
INT075 819.48 324.68 723.31 535.36 64.79 156.08 153.04 337.54
INT076 773.86 401.00 1,098.99 625.34 1,014.36 -73.13 154.87
INT077 1,582.86 871.79 310.89 251.20 164.59 808.61
INT078 182.04 401.00 1,449.36 119.14 565.58 328.75
INT079 329.08 401.00 400.00 268.33 819.01
INT080 842.50 780.16 251.00 400.00 400.00 344.73 200.00 822.04
INT081 401.00 303.65 315.50 3.46 251.00
INT082 841.93 795.68 0.00 799.25 194.61
INT083 781.84 873.15 341.05 400.00
INT084 824.28 166.90 808.75 822.02 400.00
INT085 -149.83 874.47 153.34 379.25 817.85 789.61
INT086 2.00 939.92 829.53 2,463.17 764.25 760.44
INT087 2.00 126.60 0.00 0.70 725.59 342.13 886.89 781.17 1.82
INT088 224.60 734.74 818.19 -1,308.91 0.70 140.48 860.07
INT089 3.34 342.03 739.37 322.53 -2,048.73 272.32 3,240.10 121.49 709.96
INT090 326.59 147.00 0.20 400.00 370.00 121.61 400.00
INT091 2,911.79 819.76 306.48 113.36
INT092 114.77 0.30 852.83 126.74
INT093 -77.49 526.30 2,379.68 -152.27 -509.62 981.45 683.65 1,375.19 -52.46 152.46 707.33
INT094 0.20 302.13 818.05 0.20 169.04 622.72 712.46
INT095 771.67 251.25 923.95 805.68 0.40 765.02
INT096 2.47 262.68 835.07 244.23 405.00 2.22 319.19 -146.80 310.18 318.41
Pret final de excedent din luna Noiembrie 2025
1/1