PDF PAGE 1
Data: 17.02.2026
lei/MWh
Interval/Data 01.12.2025 02.12.2025 03.12.2025 04.12.2025 05.12.2025 06.12.2025 07.12.2025 08.12.2025 09.12.2025 10.12.2025 11.12.2025 12.12.2025 13.12.2025 14.12.2025 15.12.2025 16.12.2025 17.12.2025 18.12.2025 19.12.2025 20.12.2025 21.12.2025 22.12.2025 23.12.2025 24.12.2025 25.12.2025 26.12.2025 27.12.2025 28.12.2025 29.12.2025 30.12.2025 31.12.2025
INT001 -3,654.50 19.27 4,973.86 278.52 749.46 166.30
INT002 672.98 710.03 781.01 739.01 317.20 652.10 790.18 -99.56
INT003 11.63 316.00 280.95 347.80 163.55 353.96 -21.61
INT004 128.57 -1,112.37 742.59 285.02 323.73
INT005 152.91 339.58 297.00 621.75 554.87 887.77 557.85 133.51 201.85 664.85
INT006 723.69 698.86 780.43 771.76 118.00 125.63 -28.25 139.17
INT007 144.15 730.96 836.69 801.91 354.72 652.15
INT008 735.53 801.85 830.39
INT009 1.76 295.29 835.51 145.38
INT010 334.52 2.05 760.14 729.06 113.59
INT011 687.12 647.92 325.58 723.49
INT012 124.40 0.00 400.79 849.13 70.08 755.28 400.00 621.55
INT013 380.66 129.88 298.52 666.60 755.54 128.26 666.90 664.75 59.00
INT014 -4,195.16 140.95 0.00 401.00 255.38 671.97 815.67 136.10 688.00 686.31
INT015 257.13 400.11 162.08 154.70 826.33 669.32
INT016 637.27 0.74 710.77 89.20
INT017 -3,583.94 792.21 347.32 151.49 338.54 372.69 132.70 400.00 640.24
INT018 126.70 565.31 126.81 294.97 771.71 138.61 346.45 400.00 400.00 792.76
INT019 155.99 609.21 146.91 89.95 117.06 723.12 733.42 784.49
INT020 664.31 9.03 560.25 160.04 128.30 782.93 769.00 860.14
INT021 327.25 876.40 185.91
INT022 257.13 329.52 295.60 291.48 827.00 359.91
INT023 789.79 825.18 152.13 396.13 671.27 14.99
INT024 282.96 348.58 334.74 784.42 833.47
INT025 -8.53 823.66 743.56 724.16
INT026 470.45 -41.03 62.58 169.14 746.59 391.97
INT027 583.31 128.10 271.96 714.99 360.00 323.00 704.65
INT028 146.41 2,888.80 631.76 315.14 761.77 44.72
INT029 2,385.65 379.73 400.00 261.03 769.42
INT030 255.06 0.70 839.06 1,657.13 251.01 187.71 320.53 623.72 119.04
INT031 137.98 778.83 139.02 251.06 364.40
INT032 830.55 834.64 769.68
INT033 810.30 945.78 293.09 297.20 834.09 160.27 412.15
INT034 400.00 360.00 760.84 728.25 127.31 742.15 285.83
INT035 330.43 326.63 332.30 818.09 400.00 695.63
INT036 382.70 931.56 556.90 698.17
INT037 263.49 348.51 189.00 720.24
INT038 1.10 395.52 823.81 259.76 315.10 769.92 101.47
INT039 343.35 683.77 264.62 400.00
INT040 212.40 829.25 385.20 71.95
INT041 -3.00 85.99 -59.67 989.90
INT042 8.68 400.00
INT043 400.00 787.64 -55.79
INT044 -13.56 -105.28 400.00 38.75 -512.31 -20.28
INT045 15.09 17.61 0.75 -61.29 106.02 -531.83
INT046 277.35 0.70 -632.26 -170.07
INT047 862.61 -96.37 -1,294.17
INT048 257.51 136.71 -1,615.67 -532.90 329.68 0.10
INT049 0.70 5.83 -109.51 -2,665.09 785.01 933.06 291.40 146.00
INT050 -145.78 995.03 -6,231.81 845.08 1.14
INT051 -2,155.72 251.13 400.00 144.64 -329.38
INT052 -195.83 -211.75 175.27 -356.38
INT053 6.80 -174.21 306.82 45.90
INT054 4.08 -801.56 363.55 47.50 -133.83
INT055 327.57 345.58 138.68 0.39
INT056 15.94 401.00 623.72 109.94 7.60
INT057 2.32 400.00 -2,458.27
INT058 400.00 0.60 0.00 200.00 -513.08 -37.99
INT059 386.31 322.50 1.47 767.38 200.00 -163.77
INT060 87.80 697.61 108.33 182.62 0.70 200.00
INT061 -1,374.80 327.89 359.56 13.97 885.48 200.00
INT062 326.00 162.20 384.74 0.70 1,208.24
INT063 357.06 326.00 0.70 361.65 768.49 373.66 20.00 3,901.63
INT064 350.45 781.27 605.68 0.70 385.00 401.00 318.47
INT065 405.00 115.73 0.70 400.00 340.47 254.29 -148.72
INT066 876.24 326.00 825.71 0.00 0.70 746.78 768.34 769.59 369.00 400.00 401.00 757.65 200.00
INT067 293.24 400.00 1,276.78 357.83 789.88 763.13 397.53 215.44 -147.56
INT068 694.46 783.67 0.00 813.82 370.99
INT069 333.00 326.00 476.49 0.00
INT070 350.00 326.00 -302.09 326.95 775.00 330.96
INT071 400.00 863.92 -250.84 343.56 401.00 798.25 329.02 288.14
INT072 367.82 738.95 -57.98 370.93 837.94 775.47 658.33 798.08 210.00
INT073 837.77 576.86 342.48 377.27 352.03 214.25 0.00 -1.77
INT074 360.00 541.21 357.66 771.80 400.00 512.55 482.20 -123.07 400.00
INT075 334.37 804.60 131.72 395.46 353.98 160.33 391.52 400.00
INT076 151.41 368.34 131.34 166.56 647.42 312.75
INT077 767.47 765.19 364.92 978.08 300.46 368.73 533.82
INT078 113.79 378.89 154.84 401.00 213.52 734.89 174.26 501.59
INT079 303.06 0.00 400.00 212.20 439.84 169.66 92.99
INT080 795.58 350.00 400.00 -356.40 366.80
INT081 329.11 172.67 779.15 387.94 775.70 397.04 400.00
INT082 2.50 764.28 324.47 367.76 383.95 401.00 759.92 750.21 168.46 800.07
INT083 785.67 744.21 389.33 186.39 819.99 790.10 328.43
INT084 281.27 310.92 801.89 706.23 319.44 767.52 777.50 152.57 267.31 373.89
INT085 145.94 328.82 1.21 133.58 160.57 764.21 1.10 807.65
INT086 320.25 806.34 1.10 861.29 789.14 751.82 -274.27
INT087 312.25 393.53 348.55 319.18
INT088 768.28 353.69 844.92 828.35 981.81
INT089 135.68 118.89 1,106.32 835.80 -48.05 280.94
INT090 267.34 935.49 185.19 252.48
INT091 308.89 159.28 161.12 785.16
INT092 165.29 181.49 850.35 357.04 854.49
INT093 142.26 -63.36 755.13 755.59 589.37 912.77 688.89 623.27
INT094 765.45 752.30 792.09
INT095 0.43 763.43 201.37 340.90 782.63 747.45 168.32
INT096 -3,127.60 12.93 252.73 171.52 150.08 769.20 301.14 1,059.40 744.82 133.02 -156.22
Pret final de excedent din luna DECEMBRIE 2025
1/1