PDF PAGE 1
Data: 21.08.2026
lei/MWh
Interval/Data 01.07.2026 02.07.2026 03.07.2026 04.07.2026 05.07.2026 06.07.2026 07.07.2026 08.07.2026 09.07.2026 10.07.2026 11.07.2026 12.07.2026 13.07.2026 14.07.2026 15.07.2026 16.07.2026 17.07.2026 18.07.2026 19.07.2026 20.07.2026 21.07.2026 22.07.2026 23.07.2026 24.07.2026 25.07.2026 26.07.2026 27.07.2026 28.07.2026 29.07.2026 30.07.2026 31.07.2026
INT001 -1,903.80 113.88 86.85 750.80
INT002 1,069.41 -1,160.02 149.87 112.85 17.56
INT003 860.29 348.27 1.56 993.07 782.93 150.12 127.91 715.40 95.34
INT004 49.67 118.42 19.64 788.69 150.28 138.77 63.03 116.33 830.43
INT005 0.00 303.95 -3,365.34 53.27 219.72 696.47 795.15 131.81 759.97 102.46
INT006 254.76 -924.49 51.00 257.82 381.69 316.96 917.45 269.22 318.16
INT007 117.17 127.92 59.68 300.40 858.49
INT008 253.46 93.63 883.70 320.83 786.79 -126.23 118.96
INT009 -1,977.79 360.94 22.14
INT010 260.30 251.33 108.52 89.45
INT011 67.89 288.53 70.34 103.60
INT012 175.69 155.15 -56.95 143.17
INT013 151.00 260.32 -26.84 265.88
INT014 328.87 151.00 23.67 25.50 880.62
INT015 25.35 104.98 926.91
INT016 267.16 118.25 88.54 164.87 137.94 115.38 120.92 614.29
INT017 870.50 281.10 266.31 807.74 122.80
INT018 918.37 400.00 207.46 137.76
INT019 907.52 273.27 826.61 315.68 124.39
INT020 -114.57 -118.40 56.67 -254.00
INT021 167.95 -727.47 139.98 322.43 54.32 858.80
INT022 270.00 -254.40 955.90 920.40 88.36 12.29 105.70
INT023 -211.09
INT024 105.69 284.22 872.01 849.81 841.44 389.05 111.32 919.08
INT025 252.00 981.48 13.51 52.01 978.59 361.91 332.10 136.80
INT026 999.49 400.00 251.83 1,078.45 152.00 151.00 1,089.46 307.92 782.54 87.27
INT027 -42.15 159.65 251.01 256.46 911.36 109.97 282.35 775.82
INT028 251.93 253.52 -10.30 -12.06 120.64 44.63 10.79 149.29 773.79 93.16 44.61
INT029 -9.30 -23.72 153.94
INT030 332.20 -139.91 -156.38 -13.10
INT031 -95.15 -249.38 -127.07 1.32 936.32 -546.86 138.02
INT032 1.52 159.13 127.31 -2,783.83
INT033 1.64
INT034 -98.13 -92.46
INT035 833.13 -93.39 47.44
INT036 -1,839.61 133.45 -207.90
INT037
INT038 -172.89 700.31
INT039 393.36 -90.61
INT040 -938.45 -3,893.41 17.70 -3.38
INT041 506.58 -7,601.90 -131.61
INT042 776.34 474.61
INT043 -137.42 825.14
INT044 -1,400.39 -7,051.99
INT045 -520.32 297.29
INT046 -94.30 93.65 7.12
INT047 -3,904.85 0.91
INT048
INT049 -258.51 247.80 -19.07
INT050 125.68 477.03 72.93
INT051 482.59
INT052 704.04 61.99
INT053 482.22 520.32
INT054
INT055 10.10 499.43
INT056 19.20 421.59
INT057 450.54 673.82 400.00
INT058 6.36 103.89 523.29 -108.18
INT059 23.55 138.03 -6,799.69 -29.95
INT060 27.76 -11,258.75 6.69
INT061 76.55
INT062 20.53
INT063 107.90 190.16
INT064
INT065 145.20 -3,026.29
INT066 -21.86 -30.26 -115.72
INT067 -1,487.00 -6,737.13 533.16 67.24
INT068 -153.54 -3,367.18 0.77
INT069
INT070 525.94 80.90
INT071 -280.95 44.24 781.75
INT072 588.43 102.32 -554.90 602.18 850.42
INT073 101.00 124.80 -78.28 -14,768.53 1,432.81 -748.03 32.94 -2,726.82
INT074 10.29 -8,009.47 1,141.65
INT075 -72.87
INT076 559.19
INT077 -1,975.91 -7,771.93 -88.20 89.69 109.48 -7,271.43 -3,109.30
INT078 -1,134.82 495.75 -276.70 101.06 -9,189.93 -1,242.44
INT079 0.81 151.00 6.31 53.28 320.42 101.00
INT080 -432.48 151.00 291.24 770.23 100.41 353.41
INT081 406.00 49.20 450.00 380.20 1,090.29 152.00 321.15
INT082 0.40 40.00 324.05 87.21 323.39 273.51 373.30
INT083 894.99 313.92 25.66 450.00 0.00 894.32 318.24 450.00 1,102.05
INT084 410.00 740.34 853.10 1,187.28 380.18 450.00 376.66 865.95 744.68
INT085 1,111.43 265.71 254.42 381.13
INT086 309.96 -11.57 400.00 377.26
INT087 121.11 294.02 1,027.59 268.09 371.55 374.82
INT088 -168.53 368.91 409.09 151.00 57.67 1,241.01 60.05
INT089 284.36 181.74 310.58
INT090 -71.47 12.43 699.38 410.00 401.00
INT091 89.64 361.50 386.32 -255.33 400.00 410.00 146.15 1,031.75
INT092 105.00 -46.58 -442.76 450.00 353.74 99.86 148.61 264.65 319.82
INT093 1,211.42 395.62 401.00 125.40 93.35 687.98 103.89
INT094 -5,848.31 5.89 108.55 1.61 104.04 1,098.91 927.88 177.62 129.03 839.23 85.46
INT095 11.46 38.60 813.57 856.76 255.88 786.05 820.53
INT096 -22.80 -11.85 106.21 143.90 895.48 139.34
Pret final de excedent din luna Iulie 2026
1/1