PDF PAGE 1
Data: 26.01.2026
lei/MWh
Interval/Data 01.12.2025 02.12.2025 03.12.2025 04.12.2025 05.12.2025 06.12.2025 07.12.2025 08.12.2025 09.12.2025 10.12.2025 11.12.2025 12.12.2025 13.12.2025 14.12.2025 15.12.2025 16.12.2025 17.12.2025 18.12.2025 19.12.2025 20.12.2025 21.12.2025 22.12.2025 23.12.2025 24.12.2025 25.12.2025 26.12.2025 27.12.2025 28.12.2025 29.12.2025 30.12.2025 31.12.2025
INT001 45.39 -261.15 -25.08 4.08 183.31 44.83 1,174.82 220.38 186.64 162.19 302.91 708.84 -3.61 781.09 861.54 51.54 852.52 701.14 725.43 983.88 -321.13 3,865.11 202.05 770.34 1,265.41
INT002 104.80 -4,670.94 78.09 -1,560.68 140.08 -4.71 -886.56 -628.53 5,594.70 287.61 115.70 148.25 303.97 807.84 231.11 784.95 42.90 747.48 779.98 987.34 -10.16 777.47 161.29 756.32
INT003 40.28 722.00 -2,508.15 -2,150.86 210.22 81.99 -1,770.23 116.16 2,980.43 208.35 775.70 238.67 263.78 700.00 305.21 694.00 785.00 76.67 773.00 867.54 1,589.58 0.68 236.90 704.24
INT004 -1,116.69 722.00 185.61 -2,824.42 117.79 -66.68 -1,425.16 862.87 39.22 714.83 265.43 60.81 755.68 -81.29 782.26 784.72 73.47 125.83 701.61 776.52 1,097.58 10.83 270.55 -197.63 764.33 185.89
INT005 -908.10 145.64 42.91 252.09 237.76 -52.51 2,321.74 -569.81 1,370.85 3,043.68 254.23 211.03 34.14 711.65 140.61 3,587.89 268.06 18.89 629.00 22.92 -210.84
INT006 24.74 -1,653.61 8.40 254.89 -278.88 784.45 338.38 784.95 671.00 328.65 1,148.83 244.45 119.04 193.98 1,144.34 767.41 215.07 3,529.68 248.58 -27.48 670.20 -52.08 368.74
INT007 -149.80 -126.66 194.67 -394.52 203.02 -168.45 783.44 213.38 784.57 779.12 270.37 122.96 203.47 808.37 14.19 5,284.62 331.72 12.11 178.79 -111.64 212.66 -19.25 15.82 110.42
INT008 -1,013.54 -3,463.45 -226.35 -1,013.45 164.62 52.44 830.75 158.86 843.61 671.00 178.47 754.56 184.01 269.67 317.48 737.10 36.20 2,912.59 174.19 14.85 278.16 287.77 237.64 -132.79 94.35 79.34 54.87
INT009 -464.82 -1,481.88 253.69 112.26 -342.51 185.89 -83.16 -239.76 206.82 1,202.66 678.81 324.37 709.48 280.51 281.17 784.61 1,085.49 826.32 4,112.78 16.30 278.13 169.45 -1.22 155.11 187.05
INT010 -3,116.07 -821.28 231.65 255.26 -120.69 8.98 26.03 257.30 227.94 784.91 762.06 249.01 226.39 191.77 804.91 760.60 909.93 777.32 782.00 22.63 258.72 717.25 -24.46 836.48 636.00 -0.57
INT011 -296.32 -70.63 194.00 189.54 101.43 -10.50 239.94 322.40 790.66 197.40 187.91 109.45 737.58 301.72 893.98 -125.92 1,392.33 723.20 7.91 252.13 764.11 743.89 -25.06 702.79 762.63 677.10 56.57
INT012 -371.13 -3,952.59 26.33 56.00 -104.80 6.37 155.19 201.67 225.30 198.68 715.23 311.66 3,928.69 129.29 1,146.31 716.69 56.04 199.77 705.86 -63.09 735.40 711.76 -6.16
INT013 -1,136.90 -5,353.44 152.86 261.55 262.39 -1,662.79 -306.51 4.83 784.09 -110.21 229.40 332.70 2,753.83 189.34 835.40 783.17 64.65 784.53 360.86 705.97 11.00 742.65
INT014 -610.79 73.84 198.60 -36.66 -15.98 795.82 191.92 -240.20 232.85 16.23 707.66 260.38 1,014.93 190.85 746.79 106.94 364.55 -27.42 710.82 604.00 1,497.19
INT015 -219.74 -118.93 -13.93 203.79 77.17 -336.82 -78.69 784.00 229.45 11.09 235.49 30.28 220.26 733.66 945.53 191.49 285.26 109.86 212.08 344.33 269.49 -107.81 676.00 757.40 758.57
INT016 -290.07 -336.84 -38.57 250.23 -3,349.26 26.03 137.62 784.00 195.02 261.08 110.67 98.38 605.00 741.30 261.01 944.06 181.61 207.07 766.91 91.57 131.25 277.17 268.24 -439.68 700.00 93.02 849.07 667.00
INT017 -243.77 -447.10 -3,160.71 253.18 222.50 -145.17 -117.72 -1,983.37 1,550.94 -84.06 1,053.97 102.42 776.55 50.11 171.82 166.98 337.02 -164.29 204.66 768.05 1,020.05
INT018 -249.09 -190.31 -982.88 351.44 151.48 170.64 -7.78 -42.68 -1,978.02 873.47 136.00 940.63 148.70 219.14 75.97 -39.45 361.68 -71.43 -312.91 704.47 822.52
INT019 -234.86 -144.11 266.75 609.00 203.88 -3,079.28 50.20 -320.83 -371.15 784.99 696.12 -224.62 906.43 250.10 83.22 -96.70 606.00 342.95 -14.15 642.00 -172.17 788.24 838.70
INT020 -199.66 -167.95 254.51 -353.88 -710.65 74.20 -359.44 784.58 247.62 772.58 35.95 693.33 930.08 243.66 57.87 -328.02 639.77 303.00 14.15 670.00 -185.39 1,166.06 826.37
INT021 -158.95 -308.88 271.56 -1,303.49 -1,700.96 54.32 220.04 -235.86 289.24 690.47 835.49 69.14 200.79 239.86 784.45 1,428.20 213.29 1,454.61 58.46 248.71 228.12 711.44 363.81 -35.03 786.90 -354.15 1,396.92 833.86
INT022 -164.86 -360.23 256.20 -295.28 -2,089.45 14.08 214.47 276.39 257.41 741.54 727.41 -91.05 249.88 721.43 216.91 1,277.02 -51.03 -169.50 720.21 323.33 26.28 729.87 210.72 4,418.53 1,308.07
INT023 -248.95 -172.83 100.56 720.58 -293.55 67.47 32.71 243.51 175.78 845.54 778.42 730.59 -3,738.22 733.13 700.00 103.43 5,844.63 777.99 -416.35 -69.74 702.27 0.23 622.70 185.73 1,229.50
INT024 -147.26 -258.53 255.11 -16.48 48.51 56.26 -184.11 339.74 656.79 -1,588.68 725.91 1,106.77 260.95 700.00 -17.47 6,961.18 733.29 -173.12 -18.64 783.96 6,103.85 -82.46 770.35 -27.93 905.65 235.36
INT025 -154.42 14.93 252.12 -2,534.13 -185.99 0.00 -1,494.91 352.66 320.70 271.68 251.20 784.21 -25.37 280.19 3,148.14 207.28 -1,324.25 1,804.80 824.38 -53.19 -312.19 795.01 6,905.75 80.41 -952.54 906.56 232.52
INT026 -239.78 271.42 -84.95 0.00 -31.09 198.17 279.65 258.67 -78.38 3,369.35 224.77 276.79 -286.63 1,212.28 787.81 193.53 774.68 -178.30 799.01 1,598.21 117.96 122.84 114.07 889.52 151.97
INT027 27.35 528.00 166.70 97.84 0.00 -172.01 210.76 273.50 76.09 823.35 1,191.54 783.86 291.48 18.87 3,786.74 159.90 170.75 706.24 276.14 2,389.19 135.61 66.74 908.52 -37.44
INT028 34.31 528.00 196.85 252.21 147.77 -99.67 83.97 79.68 1,331.80 61.16 952.43 313.69 259.28 1,071.56 1,167.59 -47.66 2.53 784.91 274.80 277.24 1,413.81 873.41 66.65 249.36 -18.86 912.89
INT029 2.34 5,504.85 -1,456.29 256.12 238.05 52.26 85.96 -1,470.44 -82.59 278.27 1,204.40 324.47 284.69 -1,544.00 2.69 364.69 -129.56 239.81 -956.17 1,160.86 866.84 -63.74 5,140.23 -184.38 1,020.46 -75.44
INT030 -800.27 3,596.02 276.61 329.60 4.92 -3,442.09 348.99 1,620.52 389.45 222.17 254.09 4,566.16 819.96 9.13 847.97 55.89 -2,655.81 802.40 35.36 6,999.57 979.24 177.23
INT031 323.38 2,175.03 1.26 278.42 59.62 -10.36 392.07 3,631.02 298.93 1,193.92 319.22 5,413.94 5,761.45 1,400.45 22.25 1,065.78 -585.72 230.50 -924.41 856.70 -219.85 20.82 7,000.00 651.27 1,073.27 -16.38
INT032 1,106.40 3.60 261.54 -1,096.71 15.83 -130.37 3,780.23 306.58 1,044.99 244.28 3,672.37 24.32 258.51 1,225.72 6,293.38 932.46 49.05 1,007.60 -302.28 119.53 -181.51 939.03 77.73 30.99 1,635.02 850.71 1,002.26 4.90
INT033 201.03 1,346.94 -7.64 251.23 -4,008.69 146.54 -368.35 915.27 351.95 1,011.10 195.62 2,326.42 4,968.74 1,159.90 -239.33 281.84 -222.06 -173.44 1,324.08 1,406.35 36.47 769.52 990.97 -70.67
INT034 1,194.36 42.24 -92.54 42.39 177.49 -61.37 784.97 348.18 330.34 282.06 1,039.05 240.91 4,563.35 5,525.29 915.13 -13.26 298.37 -116.17 928.38 49.21 717.77 995.49 3.83
INT035 820.54 1,271.35 47.49 45.07 -4,469.46 252.47 226.51 784.48 976.10 373.20 823.77 220.28 2,655.86 2,417.78 785.00 -2.07 400.00 -128.47 832.67 919.65 -33.62 -4,230.13 994.20 995.95 -55.75
INT036 864.66 1,296.31 -9.38 -82.56 -5,934.74 92.23 177.02 784.36 358.06 784.07 841.63 314.62 256.96 1,715.31 1,431.34 309.22 -2,839.93 1,135.37 3,059.90 -162.28 831.73 852.84 -120.46 307.70 1,000.59 1,467.11 -80.55
INT037 799.47 -1,575.16 -69.12 1,030.56 -1,121.88 75.28 1,049.99 1,590.23 378.58 791.32 217.63 763.55 267.83 2,705.50 1,992.34 778.74 741.27 -701.94 1,270.80 2,847.06 1,040.09 -2,391.13 172.15 302.65 1,029.29 927.84 -401.84
INT038 799.32 259.61 235.16 198.15 963.12 1,228.15 346.89 917.57 785.00 779.75 5,850.96 2,018.00 782.64 -6,165.23 846.96 393.54 6,246.57 1,210.81 -800.24 -654.83 189.11 374.58 1,029.46 762.43
INT039 799.95 797.61 -371.67 -1,661.17 48.93 785.00 1,048.23 1,048.62 338.97 812.93 854.34 781.71 2,167.93 378.33 700.00 -2,926.24 784.99 5,423.09 1,272.60 784.93 0.00 121.80 192.10 0.43 1,029.48 400.00 143.33
INT040 2,268.64 -932.36 144.47 -873.49 -873.86 785.00 1,069.14 1,000.94 341.84 780.01 834.61 761.31 1,469.39 941.74 -4,612.74 989.69 341.77 2,907.17 4,893.44 1,864.52 324.33 94.51 20.85 1.17 1,104.53 371.50 144.19
INT041 856.46 -822.46 -844.59 780.94 1,006.89 1,166.32 127.02 763.08 1,048.22 912.99 793.34 1,157.11 396.96 1,113.85 768.30 -1,371.34 6,138.26 1,503.79 7,580.62 6,985.70 304.36 4,465.14 33.33 110.48 999.00 822.27 101.00
INT042 1,237.19 346.86 290.24 252.38 49.20 745.00 1,014.37 1,238.46 304.92 784.18 946.83 784.33 901.13 1,699.53 1,242.40 715.06 -562.10 4,325.68 996.69 2,502.21 1,804.06 7,000.00 1.10 1,625.65 46.23 74.19 279.09 783.21 106.74
INT043 1,263.62 770.81 295.24 252.47 -413.38 2.11 832.11 1,027.02 1,002.57 372.09 785.00 915.18 780.19 754.72 2,433.43 743.35 316.81 -2,702.66 4,800.34 6,923.95 1,164.87 1,481.50 1.94 942.85 70.45 23.50 18.82 235.43
INT044 1,265.24 781.94 -3,122.40 34.38 -160.19 840.08 1,026.72 1,043.99 -106.48 1,004.42 757.34 864.01 1,086.75 716.07 -1,729.94 1,342.08 915.85 7,001.00 3,214.06 1,046.09 1.34 1,119.84 30.65 58.32 -611.15
INT045 1,161.67 791.61 232.12 798.65 1,003.29 962.21 57.23 2,359.33 1,127.21 4,717.97 1,556.15 0.00 1,955.83 994.87 995.22 7,001.00 3,974.73 1,190.90 -233.44 899.31 22.21 30.49 29.10 18.10 3.17
INT046 1,170.99 791.04 -1,245.35 1.90 1,106.77 1,065.93 305.50 -453.12 293.70 929.46 784.49 923.63 2,404.86 781.18 2,801.35 1,088.71 1,122.72 3,632.20 4,553.34 1,183.86 -707.23 910.08 4.51 -140.72 14.63 700.00 11.84
INT047 1,090.06 795.61 258.38 -318.33 741.55 -51.06 1,899.66 1,003.47 785.00 -205.44 275.70 1,355.14 1,678.38 999.98 385.90 989.93 979.91 871.71 1,316.43 1,533.56 1,184.34 25.68 960.14 -2.81 -116.14 0.54 700.00 3.86
INT048 1,153.56 722.00 -1,674.62 743.21 -87.21 4,350.21 1,001.47 333.11 -53.29 251.66 823.41 947.57 988.95 401.00 1,034.39 797.85 1,274.99 1,059.30 1,624.65 -77.25 902.20 -47.28 13.94 251.16 101.27
INT049 1,152.24 5,415.78 141.14 -513.22 685.00 785.00 989.17 341.35 1,042.63 784.81 1,646.63 1,004.42 2,254.45 332.16 -1,192.44 784.89 2,345.24 7,499.79 -341.80 1,212.76 -204.67 1.39 700.00 101.00
INT050 1,166.30 1,119.75 1,089.52 785.89 784.99 964.61 327.48 -486.13 -72.62 2,097.60 784.92 2,608.53 991.58 785.00 1,050.02 -1,412.82 895.68 792.45 2,244.05 2,949.28 700.00 24.97 894.15 665.00 -35.10 773.82 752.13
INT051 1,151.53 1,217.63 251.58 205.38 959.07 321.03 -736.55 3.18 890.88 784.17 5,160.75 995.04 912.73 1,062.96 -862.53 -871.72 784.83 296.64 1,288.46 1,081.47 56.75 1,011.43 156.23 665.00 700.00 790.82
INT052 1,161.20 799.60 2,450.39 -3,668.41 795.55 -251.18 272.65 975.48 310.10 -250.95 -355.95 970.10 784.80 4,952.21 1,003.65 1,157.24 270.10 -844.45 991.65 1,256.55 1,974.19 225.18 -65.91 253.01 700.00 1,536.86
INT053 1,220.72 836.80 799.24 799.65 790.00 312.23 984.34 441.48 -358.95 0.00 783.20 915.48 784.10 1,175.77 754.04 48.35 -534.18 965.61 386.63 1,749.84 1,031.26 631.00 236.67 167.93 -1,012.72 701.09 0.00
INT054 1,224.21 1,146.71 650.00 804.80 791.03 223.51 1,278.78 291.42 -44.56 1,163.06 785.00 1,087.11 401.00 844.53 759.45 482.34 -444.98 1,026.97 1,619.53 1,030.76 863.86 311.26 216.08 700.41 270.77
INT055 1,221.26 992.10 800.00 -724.08 848.93 759.00 311.78 1,237.51 413.61 -20.09 54.43 1,478.16 2,732.66 0.00 770.62 328.16 411.71 -300.66 988.06 1,390.87 1,046.42 386.09 214.29 862.03 242.96 700.00 569.00
INT056 1,212.21 886.77 941.56 757.53 759.00 252.27 1,106.33 785.00 -87.93 699.00 914.69 386.17 1,359.06 373.85 792.97 781.61 -319.55 988.76 1,027.94 1,371.30 1,080.55 371.23 864.07 686.97 134.88 867.10
INT057 1,261.08 2,401.55 3,201.20 0.56 799.13 790.91 233.79 1,022.57 951.74 -89.69 452.28 1,119.52 353.55 886.83 382.80 0.00 785.00 4,147.01 1,012.88 1,353.27 1,517.88 71.14 665.00 856.39 -3,980.49 163.83 -728.79 880.27
INT058 1,187.37 4,480.93 4,232.64 510.28 274.06 1,373.52 300.80 1,698.74 944.99 -260.27 699.00 365.03 864.14 0.00 332.45 3,077.14 1,433.07 887.71 1,248.06 1,557.10 631.00 859.33 -216.26 155.97 879.40
INT059 2,009.49 1,264.71 2,058.74 474.51 446.34 7,691.36 353.04 954.72 -187.56 665.00 369.41 956.45 204.83 1,145.02 6,218.37 784.42 1,026.98 1,440.62 1,544.61 746.11 872.34 26.68 168.92 186.79 880.60
INT060 1,211.99 885.26 1,396.33 301.87 2,489.32 906.68 899.44 -582.73 2.57 841.90 783.63 5,791.68 4,771.96 784.41 901.24 898.79 2,137.22 1,616.45 756.99 867.03 -42.73 214.68 -163.16 251.75 880.31
INT061 1,338.19 0.00 313.18 -1,783.43 781.85 749.20 785.00 -90.46 -112.81 279.95 4.13 784.81 1,301.12 1,105.19 257.15 1,194.43 1,511.19 2,254.25 3,667.26 920.44 35.85 -1,735.47 826.39 251.06 1,364.75
INT062 2,554.78 1,616.23 475.00 -5,225.84 57.06 340.14 2,180.63 923.87 -328.64 334.45 3.81 827.16 1,195.58 1,102.87 400.11 785.00 1,708.57 1,903.19 3,468.50 6,999.85 920.40 9.64 -72.72 756.16 786.35 1,486.07
INT063 1,382.24 1,277.21 -5,906.74 176.97 268.55 6,940.82 1,674.16 331.68 374.69 928.45 1,143.92 401.00 786.89 1,899.40 1,811.33 1,926.55 2,020.49 904.77 10.13 181.12 2,076.86 4,632.87 1,549.75
INT064 1,256.90 -3,739.88 173.52 273.04 7,000.98 785.00 357.48 87.67 1,230.83 345.20 1,559.29 1,021.52 998.24 3,339.10 2,267.99 1,784.45 8,546.37 2,832.75 887.58 -225.15 344.07 5,407.08 6,999.53 2,770.66
INT065 304.43 -11.37 134.73 -894.04 246.76 7,000.85 387.50 360.39 300.94 146.32 360.80 1,172.83 1,112.79 401.00 261.62 918.92 4,994.21 2,601.06 -264.45 3,563.16 1,077.15 204.01 2,934.15 4,412.57
INT066 1,012.40 19.71 225.73 72.85 7,001.00 1,129.70 1,116.20 305.99 939.32 5,358.47 2,632.70 6,699.40 1,543.74 220.50 1,482.73 3,052.55 6,999.96 1,231.66
INT067 1,117.47 347.78 326.00 762.57 246.30 183.59 7,001.00 683.07 798.99 4,942.13 1,770.52 385.28 287.15 3,395.98 5,230.67 2,752.90 2,474.17 1,792.93 210.40 6,094.55 2,389.74 4,345.78
INT068 -224.99 1,023.93 781.27 137.99 204.10 7,000.95 813.88 635.69 3,224.52 896.92 4,186.18 5,349.70 1,242.94 341.86 320.56 2,958.39 3,687.21 -37.68 5,286.00 6,783.81 1,383.66 -10.56 6,391.91 2,852.20 3,661.96 24,130.60
INT069 259.80 183.53 3,950.05 213.36 295.09 2,487.09 705.81 5,695.94 811.98 269.99 1,830.48 1,756.32 1,333.85 280.59 287.06 1,461.50 3,050.08 400.00 4,037.17 3,382.13 2,110.88 -52.95 204.18 2,847.62 1,370.78 2,373.26 4,372.59
INT070 377.57 350.70 1,268.46 185.49 303.96 818.35 1,393.68 829.59 333.64 1,282.37 1,272.22 1,301.56 262.06 1,033.24 3,375.69 307.53 2,884.89 855.69 843.89 0.00 209.86 3,244.73 1,641.95 1,753.19 2,782.49
INT071 326.00 246.61 1,148.16 203.66 209.80 1,024.80 2,611.23 1,154.48 810.31 374.06 5,182.91 2,166.61 1,370.50 112.02 796.43 4,990.00 391.46 1,440.01 978.57 0.30 162.39 1,017.01 3,908.33
INT072 -369.48 238.77 1,227.77 111.50 201.34 1,147.18 997.36 273.92 6,719.78 2,550.19 1,593.25 191.16 281.69 5,124.55 329.04 1,826.15 1,180.71 -183.25 1,786.09 316.90 2,082.22 -3,139.94
INT073 283.68 -6.55 21.56 1,671.49 47.21 200.88 -744.19 784.84 1,355.38 356.28 1,118.88 1,500.90 1,036.08 1,139.62 373.09 1,325.14 1,557.93 801.82 -386.68 365.47 1,049.26 -1,200.45
INT074 320.87 25.84 -8.29 11.39 208.91 -10.48 -84.90 1,695.64 379.62 2,371.24 4,346.76 1,529.04 306.01 884.07 959.53 317.74 1,972.36 1,713.11 784.89 248.02 266.06 1,050.62
INT075 281.83 354.07 35.00 12.56 1,281.46 52.52 200.84 -68.86 1.74 2,996.43 5,052.52 1,222.67 282.47 216.50 794.25 785.00 295.65 2,260.83 1,037.97 960.46 314.50 1,046.74
INT076 69.98 337.52 66.09 48.89 388.08 35.33 -539.33 -80.46 149.70 308.30 130.12 206.19 2.42 1,381.40 214.56 1,082.49 893.04 271.02 2,499.06 1,458.35 2,511.00 344.92 782.45 192.31 2,138.70
INT077 71.47 352.70 -99.94 14.93 -79.37 29.41 -3,459.89 131.36 330.52 296.82 19.38 314.94 1,614.83 1,378.44 326.88 114.92 210.23 283.07 1,392.92 1,378.68 355.71 324.81 917.62 2,823.60
INT078 33.48 360.00 -30.26 -291.91 14.69 -868.20 259.17 217.55 336.46 782.25 277.19 -25.74 3,449.28 1,687.19 305.91 212.32 991.19 304.47 1,752.62 1,161.05 383.77 271.74 1,100.92 4,074.37
INT079 1.64 360.00 -67.89 -524.62 799.00 50.57 -319.85 184.89 331.69 292.71 746.85 115.08 27.06 1,381.65 1,470.03 2,251.34 268.44 219.50 1,530.47 973.12 397.29 128.02 3,748.74 1,855.48
INT080 8.57 325.44 -290.81 51.63 799.01 33.55 173.51 192.22 313.54 308.01 289.42 256.06 -7.93 4,733.86 2,004.62 2,166.80 302.04 212.85 330.61 2,253.95 1,019.78 -45.06 -50.85 4,596.88 1,963.74 -1,072.00
INT081 -220.88 321.36 46.19 799.49 35.06 137.34 291.51 372.26 97.33 779.75 -215.64 4,467.86 2,123.90 376.43 219.19 267.67 1,415.21 948.10 384.97 318.51 770.14 4,406.70 1,648.87 -269.40
INT082 13.33 7.46 62.47 146.45 136.76 330.18 330.27 282.98 0.32 5,075.82 948.37 201.57 1,537.51 700.00 261.89 299.24 1,508.26 6,934.70 1,146.58 -585.46
INT083 1,011.82 236.95 172.27 -1.62 799.71 40.10 185.06 199.22 330.24 331.07 294.51 -440.61 4,866.15 800.49 245.66 322.79 1,601.97 26.83 309.60 257.16 2,710.66 3,679.62 1,413.11 -2,714.95
INT084 145.69 -1.90 61.27 190.56 -117.34 297.69 301.77 273.00 310.47 -392.85 4,599.98 338.95 300.14 209.58 305.94 1,081.42 700.00 1,033.79 1,535.91 2,732.02 -968.79
INT085 333.51 892.84 -24.10 168.84 330.21 363.92 315.01 5,645.93 966.06 784.59 -237.17 187.95 1,079.86 276.56 1,168.32 759.81 784.58 163.09 1,110.34 6,095.92 1,258.64 1,819.87 -255.14
INT086 307.65 305.93 340.96 -107.63 250.80 17.54 -78.94 307.44 337.00 303.03 318.24 4,417.84 783.92 217.39 189.90 771.17 321.50 1,251.39 700.00 300.44 1,352.94 1,018.13 1,242.38 -173.01
INT087 288.00 377.58 357.10 2.72 251.48 19.63 181.25 325.13 265.79 299.71 324.50 176.57 4,699.41 351.81 784.59 262.03 184.57 700.00 324.16 999.95 263.84 718.84 309.55 1,156.15 1,151.96 1,330.36 9.00
INT088 -1,166.98 255.94 -9.73 -34.52 -2,677.53 41.42 -167.07 258.98 84.65 282.21 164.59 789.99 254.57 5,215.47 263.05 88.60 293.83 305.12 -433.26 778.59 271.65 263.58 1,305.29 58.05 27.49 39.06
INT089 137.58 303.77 259.85 195.92 -203.32 -16.54 339.18 711.11 851.52 189.42 4,445.26 1,036.07 3,422.93 253.95 813.88 310.53 784.66 1,151.86 -429.72 2,456.30 274.61 4,914.29 1,011.86 157.59 -890.94
INT090 79.79 264.47 -1,845.75 281.96 207.48 7.70 154.65 325.97 280.56 360.80 765.90 -242.07 1,087.18 2,957.62 255.20 -511.40 782.91 283.40 776.07 1,098.41 -509.99 4,528.29 257.62 5,127.41 3,872.48 15.77 -226.58
INT091 -256.45 272.41 -28.49 114.27 73.06 -87.04 -15.50 262.16 -308.88 302.06 152.04 -438.04 400.97 1,050.63 256.71 249.83 322.38 783.85 751.46 -148.67 1,282.93 275.80 1,332.49 1,638.01 149.90 10,159.26 -53.95
INT092 -3,875.35 207.32 -1,606.58 98.45 112.82 -13.81 -2,963.73 -1,624.14 -2,587.20 262.33 405.18 -1,381.16 309.06 1,030.87 191.93 -1,652.84 281.94 784.73 -408.09 1,757.21 54.85 1,059.71 347.04 -5.85 4,673.91 -117.46
INT093 -658.32 132.67 -368.00 45.79 -926.91 0.00 93.76 277.54 770.09 833.60 12.86 4,554.05 862.34 94.99 -1,053.36 208.68 806.95 1,216.81 252.80 1,420.87 73.73 955.24 2,370.98 898.48
INT094 86.18 119.79 58.16 26.67 7.65 -52.15 745.00 259.42 950.76 370.50 751.28 724.46 319.16 132.41 3,732.42 326.80 789.89 218.07 -16.99 136.57 700.00 1,059.70 264.08 939.93 700.00 735.26 5,202.88 751.95
INT095 116.83 192.25 -34.64 26.80 -225.28 745.00 311.83 842.80 309.87 780.64 54.25 310.15 778.65 64.38 -260.57 739.26 204.23 742.48 994.18 734.39 1,426.51 294.56 952.63 1,313.74 733.78
INT096 -2,529.53 375.13 -1,594.77 -33.06 162.75 853.65 214.09 286.77 753.19 279.12 -0.59 750.70 -166.89 115.74 -1,499.21 207.69 177.81 974.32 266.35 48.06 1,111.79
Pret Final Unic din luna DECEMBRIE 2025
1/1