PDF PAGE 1
Data: 30.05.2025
lei/MWh
Interval/Data 01.03.2025 02.03.2025 03.03.2025 04.03.2025 05.03.2025 06.03.2025 07.03.2025 08.03.2025 09.03.2025 10.03.2025 11.03.2025 12.03.2025 13.03.2025 14.03.2025 15.03.2025 16.03.2025 17.03.2025 18.03.2025 19.03.2025 20.03.2025 21.03.2025 22.03.2025 23.03.2025 24.03.2025 25.03.2025 26.03.2025 27.03.2025 28.03.2025 29.03.2025 30.03.2025 31.03.2025
INT001 1,072.42 4,308.54 1,122.14 4,797.43 1,237.84 963.30 1,066.48 1,048.06 1,002.13 18.15 988.25 898.98 257.08 856.15 919.54 283.08 559.05 395.91 294.65 -227.18 -669.49 3,219.18 157.23 4,037.33 1,023.64
INT002 1,071.06 2,367.73 1,037.75 96.27 1,009.49 1,056.94 998.13 -8.25 987.30 151.73 163.03 853.75 102.91 751.46 281.12 125.31 549.60 133.04 163.14 34.13 -465.71 778.98 280.76 5,025.74 1,007.16
INT003 1,052.98 1,043.10 358.71 1,337.15 998.07 233.04 982.18 1,049.23 840.69 21.10 1,069.13 127.99 840.00 205.94 -2,232.13 744.00 315.73 262.34 148.27 744.00 217.42 -88.76 10.59 959.63 1,458.00 224.40
INT004 984.73 1,036.30 -463.03 1,449.65 992.02 366.68 997.33 997.45 848.03 10.26 987.31 114.70 840.00 219.18 4.85 936.30 224.76 221.28 129.66 972.95 -119.35 -17.01 23.48 243.33 151.65 744.00
INT005 1,091.91 3,154.90 -625.10 4,090.04 2,503.69 53.89 840.00 912.27 1,412.70 184.18 277.58 1,066.72 43.82 848.55 981.72 287.46 549.00 95.06 -1,564.41 181.12 5.23 923.19 985.62 3,425.09
INT006 1,087.97 1,437.88 231.13 1,426.09 2,083.94 79.43 995.63 997.31 1,431.70 239.21 843.96 218.42 1,007.54 -1,742.56 992.23 869.81 -1,398.33 744.00 -3,894.08 939.28 549.99 186.34 196.49 -2,999.00 229.98 17.48 924.68 3,125.44
INT007 2,597.42 1,069.90 276.34 1,077.08 1,040.64 257.57 840.00 218.24 1,009.41 283.86 844.89 15.03 1,153.87 -3,881.13 1,003.46 294.49 -4,827.94 87.19 549.89 139.88 -1,369.19 244.36 12.01 222.70 744.00 3,295.96
INT008 1,160.49 1,083.24 231.30 1,123.57 1,015.81 -8.58 877.70 1,009.24 867.28 840.00 977.46 -4,499.00 1,003.64 393.36 -2,228.33 952.33 151.63 549.43 744.00 -1,251.05 259.13 2.30 91.58 966.48 1,560.53 157.26
INT009 1,045.92 1,090.66 987.22 1,895.45 1,054.74 1.26 1,289.87 355.68 999.11 856.65 369.45 174.53 4,089.79 -4,499.00 961.12 290.07 54.10 4,817.10 861.68 308.52 273.24 2,332.72 106.94 226.96 -1,269.93 279.38 0.46 183.83 1,352.16 1,317.82
INT010 1,048.33 1,085.71 985.55 2,156.97 999.94 -11.56 991.06 840.00 999.05 268.70 120.94 1,002.73 -4,499.00 961.39 125.80 4,445.97 263.88 660.72 744.00 -4,909.17 199.24 3.66 156.15 911.73 1,405.73
INT011 1,045.02 1,085.05 983.89 1,316.87 1,119.11 5.85 906.28 855.51 992.16 233.36 -4,979.96 1,011.08 845.72 1,095.08 224.60 995.80 9.53 746.30 -4,445.09 -28.33 12.18 243.85 810.93 777.45
INT012 1,048.46 1,096.11 983.41 1,328.87 2,761.75 -134.64 862.88 886.58 846.67 12.88 -3,541.70 1,033.62 847.71 1,463.92 550.00 885.19 -6,928.63 -1,178.02 -304.71 21.31 977.33 532.14 146.45
INT013 1,077.75 996.08 978.79 1,071.03 5,050.61 70.36 952.60 1,088.59 979.22 286.99 158.21 816.22 -718.09 4,741.01 252.81 850.21 1,067.67 763.81 305.83 549.91 549.00 990.47 -644.56 -165.03 -545.93 1.97 5,152.28 1,335.99
INT014 1,030.61 995.44 977.25 1,103.76 5,814.71 88.62 960.39 986.52 889.35 254.46 245.40 253.79 819.22 209.08 1,535.09 181.87 835.66 927.25 972.14 744.00 549.62 1,336.06 -5,077.99 -3,904.89 -386.45 2.64 845.85 537.37
INT015 1,599.15 1,124.15 977.92 999.17 2,927.38 21.93 970.63 971.37 250.03 259.04 819.22 979.78 2,020.84 214.67 744.00 944.25 933.16 751.48 549.00 2,767.04 -7,262.71 -2,044.81 1.19 751.54 475.35
INT016 1,186.16 965.31 999.10 1,387.19 4.38 923.84 990.08 218.43 288.85 819.22 975.65 843.58 -5,831.11 744.00 912.66 744.00 762.76 549.00 3,396.52 -5,624.02 20.63 -360.80 4.73 475.35 245.60
INT017 1,354.54 319.88 959.78 996.65 1,084.45 -211.56 1,101.18 985.90 937.33 255.01 214.73 2,881.39 965.75 847.55 -1,318.63 869.97 296.60 998.45 549.61 961.44 27.66 -183.25 90.97 14.25 179.86 455.97 207.39
INT018 1,408.45 372.34 959.27 986.75 2,826.00 992.22 255.37 308.15 140.53 5,795.61 841.38 100.14 950.74 549.00 549.00 1,208.22 -28.45 -288.04 357.94 7.43 -13.49 530.30
INT019 2,537.89 374.13 1,170.34 3,172.66 985.66 889.78 942.23 287.73 940.10 -4,005.75 3,951.86 846.80 -332.50 975.21 997.78 553.43 549.00 5,924.32 -180.84 -77.46 9.70 89.34 469.20 67.36
INT020 1,703.32 959.83 1,107.10 5,584.69 4,655.09 942.77 890.98 -2,318.12 3,952.61 844.05 42.10 770.95 928.39 950.81 549.61 545.88 5,436.98 206.72 24.48 0.70 188.20 455.97
INT021 1,689.69 999.39 275.10 1,331.89 3,605.66 -333.71 1,901.78 356.60 1,022.49 -424.49 2,145.49 173.25 61.01 240.77 790.42 549.93 549.94 112.09 217.55 47.51 -21.31 0.84 202.23 48.43
INT022 999.00 1,000.65 2,192.55 1,512.68 1,625.43 1,019.52 960.89 269.02 374.74 12.09 1,014.10 854.77 193.08 191.85 845.68 751.68 751.53 550.00 255.74 246.89 25.82 -432.56 -8.74 673.40
INT023 998.53 988.67 1,267.25 2,867.86 7,806.99 2,080.50 1,090.54 960.89 348.51 -2,583.77 -138.48 843.86 163.17 22.28 851.98 987.01 201.81 -114.86 -3,854.60 2.75 775.53 644.40 103.75
INT024 998.02 1,099.03 1,177.95 4,937.57 3,662.12 4,355.34 1,069.33 229.98 960.89 954.12 262.35 -1,371.66 294.41 846.73 128.04 744.00 3,704.30 990.66 993.42 115.65 879.57 -1,950.38 90.97 0.37 752.60 483.44
INT025 994.03 301.54 1,101.30 7,192.76 221.98 85.71 1,121.81 84.46 -8.63 71.49 -4,410.65 -4,444.51 898.48 231.46 -2,018.58 68.56 232.58 162.23 304.80 550.00 549.90 -4,368.95 233.06 -4,141.51 -3,876.66 45.94 898.99 765.82 -3,399.40
INT026 1,015.68 996.21 1,210.75 5,277.41 5,322.11 1,086.16 1,139.17 1,028.69 286.87 1,024.45 27.21 -809.33 -3,778.32 885.09 313.85 -486.97 302.20 550.00 -3,931.27 -3,156.45 -3,180.77 47.96 819.55 576.65 92.23
INT027 978.18 1,044.14 3,652.78 1,872.57 5,729.70 1,846.23 236.15 1,026.02 -821.43 -282.72 -2,652.79 895.17 -6,284.68 129.33 1,716.04 339.77 70.41 -2,217.06 913.12 -24.22 -4,995.10 14.29 853.87 456.10
INT028 905.80 -1,375.01 3,380.71 3,542.19 3,171.85 7,992.44 6,492.91 167.72 305.77 1,024.58 1,007.07 3,450.80 -452.53 -316.96 -31.01 -3,463.12 844.04 4,383.15 -28.73 292.10 882.28 -1,367.75 88.50 840.00 863.24 180.60 345.38 -192.37 910.97 456.10 952.25
INT029 -993.96 1,044.15 2,262.75 2,281.02 1,874.95 1,201.96 989.68 -993.02 -5,550.87 847.18 -5,941.86 -5,793.15 1,235.63 246.15 1,271.95 550.00 716.76 -1,322.78 -36.32 -6,608.83 -59.00 -118.49 2,414.71 456.51 -5,889.46
INT030 352.33 1,112.25 3,752.78 2,282.27 1,394.08 1,087.68 204.75 1,156.77 1,150.43 -774.12 358.97 -403.20 287.82 1,184.57 316.13 1,183.50 585.96 1,056.16 279.39 -6,949.65 729.54 456.23
INT031 944.08 313.47 1,138.23 1,641.94 -27.04 -230.69 983.56 1,721.16 2,195.26 178.16 10.64 -2,310.89 -6,754.67 847.45 1,148.93 -4,374.00 -1,018.09 530.00 1,051.42 23.75 -57.18 991.63 360.57 547.58 456.41
INT032 894.20 -736.46 1,276.96 2,043.61 251.57 97.34 -277.20 -5,299.17 931.71 1,545.37 1,129.59 49.81 -224.25 -537.30 -5,025.57 994.93 1,130.01 235.38 -7,509.71 -294.49 -151.21 549.88 1,132.53 234.36 29.43 1,085.08 337.67 547.56 456.54 1,323.64
INT033 904.20 -3,121.50 1,332.94 1,190.08 998.43 1,052.60 932.53 1,000.00 1,020.56 1,205.14 -630.24 234.41 -6,160.23 -2,354.16 1,875.93 998.37 -3,781.07 191.50 550.00 5,787.46 994.82 -1,044.11 -2,035.70 -330.72 893.89 870.72 1,473.19
INT034 990.50 1,333.44 364.90 360.83 123.43 1,039.94 931.14 1,076.73 1,059.31 1,303.54 937.58 -3,130.10 249.74 -6,473.50 1,026.43 989.38 -3,061.94 232.50 550.00 3,996.74 1,254.28 308.55 -934.47 1,018.54 893.79 729.94 1,632.94
INT035 961.68 1,330.11 938.00 1,000.00 1,186.11 850.09 238.58 592.45 550.00 910.09 -3,427.06 -5,145.22 1,500.20 1,195.39 -4,126.05 -2,595.04 909.57 1,051.31 893.85 459.72 474.55
INT036 965.01 206.90 -4,995.01 -941.18 -18,098.11 -11,865.47 -27,095.70 -311.78 1,025.41 1,199.96 -966.51 937.17 244.96 845.90 903.60 201.13 845.39 -3,351.32 -7,070.73 -1,874.25 998.88 -7,837.98 -2,065.82 1,262.35 893.36 459.23 2,113.88
INT037 1,139.29 999.81 -1,922.82 1,215.71 2,957.64 966.06 996.98 937.87 784.98 6,090.93 1,203.96 -31.19 833.72 778.81 3,154.59 868.69 686.66 5,241.87 -707.51 18.77 726.07 6,261.18 999.87 -1,489.19 -196.93 3,969.48 868.07 576.94 7,789.96
INT038 1,143.87 999.88 1.24 226.75 18.77 926.84 784.98 999.39 1,151.35 -8,581.68 709.04 625.89 2,897.07 837.94 848.47 723.98 -541.45 648.34 999.62 -1,109.45 -176.23 2,772.95 868.37 446.89 2,286.68
INT039 1,143.74 908.76 -3,846.92 -2,599.60 1.74 -234.21 -2,353.99 936.80 999.00 1,166.26 -2,078.37 625.89 647.98 837.94 841.06 207.89 1,597.30 -2,123.50 -6,491.90 -3,011.00 520.35 -2,650.13 -319.05 842.30 966.07 868.54 447.74 1,313.01
INT040 1,143.51 244.39 -21,600.24 3.08 -3,343.42 -10,188.74 922.67 -289.56 473.51 -3,861.35 625.89 579.79 837.94 -2,949.35 -4,623.18 -7,068.24 -4,541.23 171.61 -2,232.74 -219.00 1,080.74 868.86 447.64 1,326.64
INT041 1,131.64 1,151.40 995.92 5,891.47 5,712.80 222.54 1,573.16 595.63 942.72 1,090.04 -2,415.27 653.96 6,542.96 4,599.23 821.93 955.73 711.12 516.07 -19.96 0.90 147.95 644.98 -1,535.57 883.70 1,872.85 843.19 447.02 1,471.07
INT042 1,167.87 918.05 5,180.85 2,542.38 810.96 99.21 942.72 1,090.04 -251.70 1,270.56 4,516.48 783.61 841.73 550.00 511.61 4.53 -2,507.56 119.07 -934.61 -294.60 840.00 811.76 843.89 447.01 1,125.01
INT043 2,552.67 -2,186.37 298.01 58.31 794.31 845.81 0.20 810.96 -71.86 74.86 1,018.87 0.00 3.40 630.00 5,055.48 783.61 840.76 -3,545.03 -1,572.90 -5,351.17 14.59 -1,482.49 -12.39 -1,372.53 -1,727.43 819.00 843.92 448.00
INT044 1,139.82 -2,834.25 920.49 -1,898.08 -2,069.88 810.96 131.49 -1,831.06 -8,001.00 630.00 5,395.74 783.61 260.20 -5,669.62 -6,725.83 -8,103.83 -9,359.51 -865.77 13.44 338.99 -653.58 -4,187.17 804.22 843.70 1,488.65 -7,437.58
INT045 4,313.06 383.90 918.23 1,112.04 629.83 -56.35 213.85 -1,752.10 -16.31 512.62 5,809.95 601.63 744.00 590.13 -548.05 -14.48 7.22 13.91 518.60 143.30 800.70 874.57 2,249.92 33.21
INT046 -2,116.31 362.65 687.49 568.11 733.21 539.80 2.53 811.04 292.85 173.72 5,676.59 601.63 767.40 84.84 -2,616.49 0.10 1.19 21.79 520.01 2.64 28.32 773.09 1,407.28 5,419.87
INT047 288.56 680.60 68.91 733.21 0.00 4.68 72.11 841.91 250.22 -1,757.44 -104.32 3,605.41 744.00 -103.52 -5,991.54 0.47 0.37 16.56 518.60 53.25 778.27 875.40 222.19
INT048 114.56 680.60 5.61 -283.06 -1,071.66 19.32 -999.84 83.08 3.63 -638.60 2,900.67 744.00 -45,612.94 6.94 1.04 18.59 518.60 31.58 -15,201.48 -345.21 769.05 876.00 -2,369.09 -5,481.88
INT049 300.53 693.85 5,862.76 -819.88 475.40 867.98 0.00 8.06 800.85 929.53 -802.94 8.17 -743.49 1,908.73 505.39 775.37 -240.19 -1,062.79 3.90 0.28 549.00 1,125.94 -394.38 -1,704.16 7.61 605.00 889.94 -860.93 -1,450.61
INT050 693.85 4,039.03 7.78 -1,828.73 141.67 -93.95 6.64 800.70 905.30 848.19 -12,342.28 29.99 1,845.09 966.83 -13.38 13.88 0.99 549.69 510.19 -241.09 744.00 677.21 891.34 47.31 16.81
INT051 998.04 1,373.90 -4,264.04 -805.04 -845.27 -416.33 15.58 842.72 360.74 -1,194.62 2,657.75 -19.30 970.63 -3,020.90 -18.90 -20.49 -54.74 549.00 503.49 -493.12 744.00 0.30 827.88 898.57 -54.41
INT052 1,008.69 1,127.62 -569.13 -3,048.00 -27.34 -289.29 13.32 951.67 306.65 -312.36 500.50 588.84 1,934.18 -274.53 -192.98 -96.99 -35.36 549.07 506.65 744.00 757.98 677.21 895.07 12.81
INT053 962.84 586.85 1,340.76 69.88 -141.08 57.75 -233.30 -76.85 826.78 930.83 286.51 -2,328.58 15.83 1,990.56 4,249.95 -2,347.10 -17.91 -0.49 -12.28 549.84 585.91 -771.35 834.00 905.95 204.68 873.28 21.15
INT054 963.04 586.85 1,661.29 72.15 -138.69 -273.38 -59.02 -307.37 -175.59 828.26 3,117.14 907.69 1,027.22 5,788.92 -2,145.89 0.67 -41.24 -0.58 549.30 581.01 826.35 -72.06 3,637.61 -65.55 873.70 420.00 3.51
INT055 962.01 798.31 57.44 -98.38 11.08 -202.96 450.20 828.26 2,487.62 987.32 -146.00 609.88 712.37 107.81 801.29 -180.74 -43.17 -11.01 -29.15 549.25 527.29 873.08 744.00 1,365.70 -109.58 873.88
INT056 965.18 798.31 13.08 -66.19 -162.37 -31.59 450.20 4,610.47 933.40 377.93 0.03 612.44 705.01 2,174.34 465.14 450.20 -25.68 10.73 767.36 525.47 1.50 834.00 744.00 667.27 -278.97 872.69 0.00 -1,646.72
INT057 944.35 530.81 695.80 46.08 -12.94 -1,439.03 4.47 -3,750.38 -4,395.98 4,743.55 945.72 352.91 19.15 814.94 759.12 34.60 1,892.35 -51.22 -1.49 -1,704.74 -27.68 34.45 744.00 731.35 -999.00 811.16 18.94 500.00
INT058 944.12 530.81 2,809.99 14.84 1.44 -2,159.01 -36.71 -3,308.97 -4,746.95 7,151.63 945.52 369.84 663.31 4,688.21 692.90 0.00 885.65 -16.39 455.30 -124.96 -2,263.73 550.00 677.18 61.70 -346.27 744.00 731.86 811.31 0.00 656.86
INT059 530.81 693.82 2.83 -33.72 -47.13 -121.60 -47.42 867.47 1,052.00 3.87 451.00 5,025.05 7,569.65 472.13 666.48 463.67 454.93 -44.18 -23.77 549.51 64.25 918.09 744.00 731.64 -641.25 811.19 450.00
INT060 360.26 530.81 693.81 -1,613.33 -940.33 834.72 1,180.68 0.70 451.00 1,045.54 8,001.00 472.13 666.42 463.67 527.86 1.43 -6.15 778.19 549.91 189.08 905.17 744.00 731.37 -231.12 811.18 450.00
INT061 221.61 -24,093.76 2.01 -7,012.86 -6,752.78 0.00 1,104.33 -1,967.63 -217.43 3,897.90 6,885.65 72.96 2,398.58 -375.46 -2,535.84 -6,173.88 51.82 548.49 108.61 -6,361.00 1,028.29 942.35 866.84 -957.48 51.65
INT062 255.02 236.54 297.90 -14.51 -2,855.87 -42.99 450.37 451.89 985.75 962.87 10.89 -215.19 3,444.23 7,812.00 176.16 4,056.65 485.10 -65.50 -359.10 -114.57 550.00 938.40 937.87 866.88 450.00 -273.60
INT063 335.61 676.48 771.67 467.08 56.55 191.36 450.37 452.98 1,831.43 5,238.72 1.65 1,019.90 4,353.08 8,001.00 492.19 5,383.21 484.05 1.50 626.05 952.83 940.12 949.75 844.67 887.21 450.00 -418.02
INT064 210.64 613.98 282.12 833.11 467.08 469.66 635.78 450.37 1,983.93 3,998.16 6,997.79 970.31 5,615.62 8,715.66 492.21 5,159.52 484.50 743.09 2.21 1.75 615.74 718.68 1,015.76 990.88 932.40 940.82 859.41 866.22 450.00 -827.63
INT065 338.03 293.92 -2,412.68 -13,222.95 -5,774.65 -7,461.55 -6,735.66 738.25 2,272.04 -601.58 -3,298.24 2,060.90 -2,423.89 907.28 -1,661.63 -155.24 -358.56 -3,476.94 -6,222.67 95.45 1,035.86 -2,398.45 1,115.92 2,344.70 1,178.24 -1,635.58 -4,276.66
INT066 360.37 -215.91 361.19 -3,812.11 194.34 745.03 536.53 7,474.34 -251.50 1,212.32 879.58 66.01 43.00 -44.26 92.73 196.86 1,078.41 1,011.50 950.04 936.54 -1,915.42
INT067 957.72 925.33 1,600.29 2.46 961.66 2,651.76 2,653.66 946.45 8,001.00 1,011.62 3,921.40 1,209.29 808.14 803.62 4,230.79 -441.04 0.20 -195.08 228.74 1,076.19 955.73 5,678.14 -12,256.69 4,239.78 891.59 760.15 -1,462.26
INT068 3,218.90 943.71 2,870.00 1,466.67 948.43 5,911.87 708.65 946.50 6,400.01 1,006.26 2,448.70 326.53 811.24 1,120.67 803.62 2,062.91 625.07 550.00 997.03 1,037.31 1,250.01 -2,144.69 4,204.89 892.55 769.83 -671.57
INT069 296.87 242.48 -4,011.91 -3,259.19 -1,727.68 -5,947.57 -134.90 -3,689.12 140.40 -4,486.87 1,754.83 257.36 -1,707.21 193.53 174.57 1,303.82 -2,440.83 -6,133.30 -205.31 -7,739.95 -5,680.35 -1,898.22 997.70 -4,087.00 -5,879.66 -4,338.92 843.93 1,418.66 -7,176.55 -4,663.89
INT070 311.75 -12.58 272.86 313.85 -7.76 -573.35 4,461.05 274.19 144.02 333.68 1,496.71 1,952.22 -583.59 125.02 -4,745.67 -1,439.43 -13.33 1,039.87 -2,405.53 224.08 -2,496.20 1,025.86 -7,139.63 -2,552.96
INT071 127.06 1,172.59 2,367.39 1,499.55 -1,634.36 281.56 3,218.65 55.33 339.65 2,773.30 361.57 263.15 13.40 4,549.12 1,821.02 3,076.29 296.77 84.71 1.47 110.33 861.48 1,010.46 250.79 284.21 -1,275.11 390.00 1,010.07 -514.68 -4,521.22
INT072 1,227.44 2,866.19 5,737.98 4,147.51 5,999.00 1,673.66 967.76 375.70 1,816.52 999.74 842.20 61.42 1,392.81 1,543.38 7,749.11 4,924.64 6,267.60 -84.24 760.68 3,543.98 1,048.47 363.55 111.74 -27.41 944.60 1,009.41 -3,885.44
INT073 339.18 250.92 1,590.72 42.21 -3,751.99 -1,901.96 97.61 -4,305.34 298.39 361.86 -2,516.05 289.95 -1,824.68 307.63 -4,991.00 2,067.23 4,754.09 2,173.65 -6,337.61 -847.28 -3,695.06 0.00 -2,501.35 341.61 -663.94 -2,803.04 -4,383.64 -3,695.45
INT074 328.65 367.01 1,430.10 361.00 390.63 -1,479.73 183.72 184.07 345.67 321.57 244.93 346.42 -275.06 1,349.17 5,996.83 358.49 320.24 -1,287.33 550.00 4,158.50 1,323.64 359.16 397.61 44.75 353.06 -640.94 -3,944.25
INT075 270.68 1,818.03 3,320.53 376.15 0.00 3,741.27 179.80 -249.00 -903.55 352.95 300.52 1,082.78 1,580.71 2,946.88 44.95 2.00 4,305.07 1,671.18 165.70 236.91 4.38 246.17 -1,058.00
INT076 1,654.98 3,814.20 2,851.47 378.37 2,587.66 7,206.75 1,281.16 1,145.17 1,094.18 999.12 273.65 48.68 1,736.50 4,112.74 4,317.33 5,118.51 2,408.17 -47.93 4,354.07 8,001.00 1,203.47 148.38 -123.45 327.75 1,013.66 796.33 -108.20
INT077 389.83 1,802.27 1,996.92 360.35 263.51 1,139.37 -202.68 -1,505.27 308.25 -6,477.69 161.19 -770.25 1,734.78 79.37 -19.82 304.83 6,607.44 -2,174.11 215.19 352.32 -4,397.96 287.56 957.76 -947.34
INT078 4,371.19 4,291.99 323.49 233.15 1,587.82 -39.79 266.15 328.03 372.89 -1,942.24 338.80 2,139.83 282.58 389.16 -948.79 550.00 5,226.36 150.08 388.55 380.65 -2,384.20 285.56 1,411.33 -590.54
INT079 1,646.00 389.79 5,999.00 5,180.96 -2,700.36 112.65 1,341.97 25.72 -249.40 1,110.35 360.98 349.93 362.11 4,647.11 148.18 1,768.48 2,138.49 -4,499.00 550.00 5,226.36 1,220.47 146.90 326.85 327.21 338.74 1,570.39 -125.82
INT080 1,627.35 4,713.45 2,193.49 -1,207.22 337.87 1,369.97 113.58 -154.36 360.01 333.57 249.41 2,100.52 195.78 371.77 390.17 1,858.74 2,093.08 -604.26 5,226.36 0.93 400.00 398.01 153.97 1,533.74
INT081 3,339.01 998.23 1,696.24 4,808.62 360.01 978.23 932.12 898.11 365.71 152.22 3,439.71 1,073.85 321.64 1,957.69 352.04 1,713.74 5,550.16 341.64 282.29 1,886.57 1,012.54 40.65 304.84 391.13 999.99 1,195.94 1,303.75 -2,121.30
INT082 3,324.32 886.63 1,483.58 1,541.68 360.11 299.46 894.00 868.09 271.65 -572.25 5,999.00 376.97 1,032.70 381.24 2,480.51 385.52 1,549.73 2,290.54 305.46 1,055.62 11.28 -443.55 0.83 1,267.50 1,225.01 1,880.37 277.18
INT083 2,227.22 886.06 1,367.75 1,870.69 -910.95 219.82 979.84 989.98 1,175.14 888.08 -1,570.59 3,635.93 991.40 303.30 2,778.92 -3,608.43 1,692.05 1,871.77 224.24 1,058.01 17.96 -77.92 -11.68 1,275.52 1,616.71 2,431.45 300.23
INT084 1,460.43 927.69 1,420.63 -468.95 277.13 906.53 897.50 840.00 125.18 -564.10 2,904.97 274.80 -1,800.18 -3,574.42 119.83 855.45 23.96 -183.66 -1.50 1,189.66 1,186.13 1,736.70 314.57
INT085 1,542.84 5,904.29 4,416.86 2,174.18 3,675.39 995.80 1,338.12 1,164.01 1,124.31 1,105.76 4,863.70 1,692.47 1,195.23 -114.48 -643.01 1,374.07 -189.89 1,417.99 2,104.62 1,413.44 908.35 845.30 3,342.19 9.13 4,071.65 4,138.32 7,235.08 380.71
INT086 1,209.97 4,793.49 3,316.51 1,331.50 1,348.89 106.76 995.43 1,062.86 884.00 909.78 3,204.22 1,425.06 978.01 25.36 -1,076.73 3,280.93 31.30 925.12 550.00 586.31 998.58 28.40 17.48 986.63 967.02 936.57 384.34
INT087 1,230.94 4,382.61 2,632.18 1,315.41 144.36 897.90 1,113.69 939.24 982.84 2,244.76 991.36 304.66 898.05 228.93 877.96 996.60 996.07 33.66 26.58 842.68 976.05 917.21 375.88
INT088 1,185.81 1,794.34 1,383.44 228.71 291.11 127.27 1,075.49 -497.18 -699.39 361.68 1,188.08 -1,273.90 1,731.59 918.67 234.05 -2,879.60 213.74 103.84 177.89 830.06 -1,401.41 5.03 -3,790.58 887.22 -2,231.37
INT089 1,586.80 5,958.00 1,652.43 1,630.63 1,463.17 1,353.10 1,613.90 944.10 1,080.55 1,069.05 974.17 1,012.73 1,136.21 979.42 5,942.62 5,927.16 -340.19 1,684.99 1,153.13 1,010.68 4,342.19 1,054.64 -90.27 4,231.09 72.91 960.55 3,826.92
INT090 5,142.24 1,295.46 229.57 954.80 942.82 967.91 -3,366.64 3,689.65 4,628.65 938.83 846.53 3,704.89 5,139.09 352.88 353.64 225.96 550.00 550.00 166.98 -208.81 -773.94 998.48 242.03 970.55 894.98 70.58
INT091 1,715.08 1,736.36 350.72 -1,957.34 362.08 140.94 750.00 275.05 -1,150.36 1,599.70 844.25 881.76 1,043.60 -3,050.77 -1,333.77 275.11 205.80 550.00 5,106.43 68.66 49.78 -1,643.32 -1,123.48 842.30 792.47 -4,007.72
INT092 134.32 1,317.20 -3,836.85 -3,316.94 317.05 750.00 267.46 -3,222.84 -7,727.16 -5,654.35 -126.61 846.41 847.21 -6,517.94 -5,498.93 235.90 -3,280.22 81.20 905.62 -3,979.42 -137.27 -3,848.82 -3,494.97 -215.15 744.00 -5,758.73
INT093 1,754.55 5,591.75 1,215.39 1,122.01 -1,434.47 1,080.06 1,846.82 1,231.30 998.64 840.00 -1,491.26 1,241.41 4,442.01 2,776.00 1,389.08 -2,070.82 1,055.15 4,456.24 1,025.44 -933.80 1,121.04 833.05 -2,053.04
INT094 999.01 4,266.22 1,227.61 204.87 1,088.24 1,187.97 843.98 -2,757.36 1,037.79 872.84 989.94 -1,424.81 558.35 618.64 184.81 29.62 194.04 854.13 -1,944.03
INT095 1,068.39 1,095.02 1,126.32 286.59 321.53 1,050.71 1,181.33 -188.49 1,043.17 -661.72 357.09 965.87 988.81 -1,159.60 -421.67 982.54 1,621.81 809.69 213.55 40.45 -1,867.24 843.49 978.19 851.16 58.62
INT096 1,023.23 1,238.56 -4,240.69 -461.18 969.52 985.57 223.60 47.74 1,151.56 -1,518.69 981.08 -2,948.70 -1,117.02 253.86 191.34 550.00 198.88 18.66 -5,049.78 253.32 204.37 883.33 -3,203.29
Pret Final Unic din luna Martie 2025
1/1