PDF PAGE 1
Data: 29.04.2026
lei/MWh
Interval/Data 01.04.2025 02.04.2025 03.04.2025 04.04.2025 05.04.2025 06.04.2025 07.04.2025 08.04.2025 09.04.2025 10.04.2025 11.04.2025 12.04.2025 13.04.2025 14.04.2025 15.04.2025 16.04.2025 17.04.2025 18.04.2025 19.04.2025 20.04.2025 21.04.2025 22.04.2025 23.04.2025 24.04.2025 25.04.2025 26.04.2025 27.04.2025 28.04.2025 29.04.2025 30.04.2025
INT001 949.76 1,037.59 154.75 764.72 3,264.18 946.79 159.35 712.94 880.26
INT002 -590.79 732.73 238.37
INT003 850.37 899.51 700.00
INT004 857.20 142.50 815.22
INT005 744.00 -416.59 206.70 137.07 898.55 916.82 735.13 457.03
INT006 734.87 70.30 862.28 371.35
INT007 1,207.03 238.33 261.39
INT008 -4.85 1,146.19 52.61 101.27 241.65 735.37 915.40
INT009 942.04 72.47 434.08 858.38
INT010 822.97 787.10 500.39 257.63 741.78
INT011 725.83
INT012 606.75 120.04 744.00 73.58 79.47
INT013 184.68 -217.02 281.54 160.26 517.57 821.55
INT014 394.42 394.16 718.86 576.24 825.06
INT015 717.83 444.24 196.32 256.09
INT016 410.01 427.07 332.18 76.49 392.78 43.51 192.37 853.98 1,253.05
INT017 339.66 241.57 422.92 741.42 32.77
INT018 958.58 193.03 908.13 208.92 61.07 725.04
INT019 744.00 1.64 73.01 423.86 880.10 231.03 415.95
INT020 913.86 700.00 10.01 877.76 882.46 -784.10 439.70 728.24
INT021 856.74 391.54 1,155.81 88.52
INT022 329.28 678.66 714.84 456.45
INT023 383.07 1,830.80 416.97 -8.53
INT024 744.00 788.53 371.22 1,269.41 438.11 129.47 466.06
INT025 833.00 29.48 185.75 1,013.85 223.13 383.97 1,415.08
INT026 833.00 897.27
INT027 210.45 896.97 174.90 708.25 83.41
INT028 790.08 259.69 353.54
INT029 78.99 -1,561.01 899.74 987.64 66.46 -1,642.58
INT030 999.06 413.07 896.68 555.27 828.37 117.24 98.02 498.99
INT031 117.67 742.24 895.11 75.14 100.56 68.14
INT032 392.52 33.20 289.14
INT033 975.77 239.82 1,458.29 156.89 1,923.50
INT034 402.06 632.31 21.24 1,059.03 -576.35
INT035 1,735.68 513.45 123.32 41.72 1,132.73 -1,412.91 -971.72
INT036 214.05 676.91 588.10 858.07 -41.70 -2,095.51 -2,796.72 -1,135.17
INT037 256.03 644.28
INT038 598.24
INT039 330.08 -24.57 110.12 -1,033.32 206.37 36.33
INT040 221.45 152.30 2,232.96 305.78 -3,047.72 -655.90 -374.27
INT041 106.07 943.27
INT042 273.39 782.95
INT043 -1,063.37 789.31 55.29 23.15 355.41 -223.23
INT044 -99.39 166.59 2,543.40 -813.07 -1,846.10 -2,912.45 -233.73
INT045 262.09
INT046 -1,487.04 84.92 118.51 599.55 173.83 15.84
INT047 426.11 343.50 196.97 303.87 17.86 7.19
INT048 -41.68
INT049 3,142.31 267.33
INT050 155.49 33.26 399.74 450.96 25.47
INT051 448.01 808.79 17.30 254.02 27.03 15.01 0.40
INT052 448.00 837.27 134.71 148.21 243.97 -4.65
INT053 0.00 228.55 355.05 -16.84
INT054 34.34 0.00 477.15 330.38 379.25 373.83 443.62 -13.52
INT055 -9.21 480.72 766.73 345.91 380.88 376.66 640.47 -29.15 3.08
INT056 1.12 450.00 269.06 450.00 369.53 504.76 -19.58 7.43
INT057 160.27 265.41 271.03 -3.03 18.45
INT058 -10.99 -485.87 418.11 151.46 720.37 -12.93 4.71
INT059 14.09 450.00 170.10 195.97 -6.60 -5.60
INT060 -432.56 140.36 202.96 1,346.02 248.70 209.44 -273.75 -1,374.75 -2.23
INT061 391.21 302.82 40.57 166.85 706.43 312.89 615.47 -27.84
INT062 399.32 326.50 -65.51 591.04 520.30 -22.64
INT063 242.54 342.69 103.01 -78.04 6.15 644.53 108.02 -73.57
INT064 171.31 2.41 360.44 -53.82 -13.29
INT065 -422.61 136.66 242.46 245.87 2,532.55 497.45 -2.39 163.64 280.10 -682.01 -1,743.65
INT066 13.64 663.35 522.62 -47.22 672.60 352.88 394.82 -2,251.71
INT067 0.58 1,270.66 302.28 440.31 -489.41
INT068 159.31
INT069 2,371.98 99.50 513.60 -828.71 491.98 761.92 -4,426.02
INT070 218.49 881.89 1,115.64 60.03 274.59 -6,125.74 -2,571.26
INT071 277.90 1,294.59 484.99 518.01 173.61 1,381.21 -1,724.65
INT072 3,000.00 327.37 130.19 484.21 3,115.82 333.47 1,449.30 126.55
INT073 -454.15 1,281.36 655.07 297.99 199.63
INT074 100.30 517.68 425.44 -1,825.28 1,209.01 374.24
INT075 489.04 2,144.25 -451.55 541.36
INT076 854.49 4,030.20 381.40 164.48 -90.10 88.82
INT077 277.40 -1,781.16 497.01 251.14 -748.36
INT078 118.16 288.17 1,092.49 1,100.47
INT079 440.69 405.74 1,730.01
INT080 880.40 -537.76 350.34
INT081 94.12 1,341.14 165.36
INT082 1,059.72 856.55 894.57 440.08 426.86
INT083 1,059.28 1,079.73 370.04 550.04 402.54 1,046.02 59.36 523.53
INT084 1,133.60 1,560.46 855.23
INT085 24.21 4,451.37 960.45
INT086 555.89 443.85 900.00 1,012.29 900.00 780.77 700.00
INT087 99.94 227.21 264.58 1,754.34 291.97 118.78 586.89
INT088 1,439.34 1,013.57
INT089 -1,192.14 245.87 1,059.05 167.33 649.01 -467.97 398.08
INT090 92.58 296.01 283.82
INT091 944.62 -1,120.54 1,955.23 876.63
INT092 122.39 85.09 -2,072.49 884.59 -833.05
INT093 -72.31 -734.18 -1,795.29 1,020.26 865.27 0.00 847.10
INT094 196.99 1,824.61 769.41 132.37
INT095 1,549.91 210.61 859.96 704.58
INT096 842.17 86.16 847.60 -271.24 -961.78 883.95 121.34
Pret final de deficit din luna Aprilie 2025
1/1