PDF PAGE 1
Data: 11.11.2025
lei/MWh
Interval/Data 01.09.2025 02.09.2025 03.09.2025 04.09.2025 05.09.2025 06.09.2025 07.09.2025 08.09.2025 09.09.2025 10.09.2025 11.09.2025 12.09.2025 13.09.2025 14.09.2025 15.09.2025 16.09.2025 17.09.2025 18.09.2025 19.09.2025 20.09.2025 21.09.2025 22.09.2025 23.09.2025 24.09.2025 25.09.2025 26.09.2025 27.09.2025 28.09.2025 29.09.2025 30.09.2025
INT001 731.33 290.35 345.35 625.15 121.43 793.98 108.18 156.40
INT002 371.10 699.77 391.45 312.36 377.71 332.79 357.40 866.08
INT003 384.25 369.22 125.81 162.83 749.25 253.36 336.87
INT004 292.23 115.32 124.35 49.53 45.71 55.64 142.71 124.53
INT005 690.35 859.71 1,667.86 692.00 365.79 100.63
INT006 674.10 398.64 699.05 699.53
INT007 1,130.03 699.91 827.97 679.41 718.62 200.07
INT008 698.75 418.84 699.04 112.36 106.30 74.42 129.80 153.72
INT009 699.45 333.71 250.08 311.64 145.51 269.74 799.68
INT010 333.44 699.21 353.53 699.55 152.60 256.93 554.03
INT011 699.92 699.61 394.75 199.46 153.73 75.89
INT012 696.70 95.10 145.05 785.95 141.00
INT013 630.00 364.61 337.57 96.36 227.73 158.94 72.23 295.02 321.14 207.92
INT014 698.74 349.75 54.00 450.00 122.72 297.72
INT015 387.05 82.53 114.58 120.76 367.05 336.74 713.53
INT016 41.47 87.77 109.72 695.36
INT017 272.53 128.95 521.00 511.54 106.45 358.22
INT018 699.79 108.84 87.31 117.27 418.64 137.62
INT019 119.62 699.25 297.47
INT020 228.72 664.09 127.48 53.44 96.18 222.73 113.42 108.49
INT021 485.00 129.30 612.40 117.00
INT022 318.87 698.99 362.47 330.75 699.39 100.07 582.00 112.76
INT023 183.79 400.31 328.35 698.64 698.54 699.85 539.00 325.36
INT024 220.49 310.61 432.71 378.13 692.91 266.71 426.42
INT025 699.30 664.00 109.56 -103.21 475.00 178.53 794.43 416.65 55.91
INT026 127.16 699.80 125.78 139.61 233.01
INT027 266.77 698.72 699.44 295.32
INT028 686.31 695.01 796.98 288.95 721.00 776.20
INT029 222.43 455.68 -84.77 598.00 31.55
INT030 698.91 440.92 399.04 329.60 250.52 775.51
INT031 373.54 478.04 315.06 849.86 419.45 528.00
INT032 608.78 774.37 440.75 431.88 673.65
INT033 457.67 389.48 262.01 691.89 799.00 799.00
INT034 473.82 357.82 280.17 234.81 388.56
INT035 304.47 498.46 198.12 65.19 236.46 146.39
INT036 156.24 1,040.00 148.50 141.80 130.82 228.81
INT037 258.80 240.04 143.27
INT038 469.48 207.07 -1,305.67 474.75 114.99
INT039 531.93 -127.09 -1,435.06 194.50 41.98 125.34
INT040 119.08 183.37 240.11 200.37 176.64
INT041 396.65 0.00 715.00
INT042 287.38 395.80 -181.38 58.78 393.88
INT043 -41.93 174.35 182.66 -622.10 87.70
INT044 217.50 -99.58 1,751.75 221.48 1,619.86 -242.41 -777.41 87.85 170.81
INT045 254.63 83.73 144.79 -228.39 -462.90 96.81 115.99 183.80
INT046 254.44 137.34 169.44 109.71 -706.98 115.87
INT047 242.59 190.36 134.32 119.58 20.32 396.71 101.69 172.13
INT048 226.13 181.40 -483.83 123.09 -1.09 132.01
INT049 241.79 -982.21 64.44 450.47 113.27
INT050 248.87 143.95 200.94 122.35 458.11
INT051 -68.02 450.00
INT052 217.12 462.03 561.59 -980.52
INT053
INT054 341.06
INT055 0.00
INT056 -368.02
INT057 -39.12 171.58
INT058 -165.63 -51.36 142.95
INT059 -308.51 38.93 -1,557.53
INT060 61.35 27.26 477.59
INT061 427.48 172.20 -1,174.31 -18.87 428.62 -1,883.31 54.66 129.99
INT062 260.33 44.61 88.53 141.65 295.90 249.83
INT063 42.83 94.54 121.75 200.93 34.87 999.00
INT064 103.81 39.05 -19.74
INT065 497.77 -82.10 323.82 -2,119.40 4.14 -319.04 -761.84 287.23
INT066 301.47 99.09 257.56 184.10 -793.75 154.23
INT067 223.39 177.93 198.42 156.57 1,528.73
INT068 144.64 530.59 173.73 316.06 265.30 346.75
INT069 609.64 185.49 78.08 395.58 129.76 0.00 -133.68 978.40 129.87
INT070 186.48 117.42 258.21 356.05 940.33
INT071 433.77 385.48 278.27 515.65 451.91 963.16
INT072 609.65 1,096.51 475.16 167.10 400.74
INT073 128.11 346.28 187.72 195.29 465.04 47.27 96.00
INT074 355.90 341.48 492.90 524.37 404.75 423.67 345.21 282.22
INT075 374.97 431.76 401.92 621.37
INT076 5,011.87 432.33
INT077 839.20 372.36 147.79 57.23 368.88 2,406.08
INT078 396.80 559.78 1,322.98 758.59
INT079 372.18 966.55 378.49 495.44 368.24 914.05 1,693.73
INT080 412.13 26.41 318.09
INT081 332.85 799.91 314.92 488.91
INT082 446.05 149.17 1,040.56 420.94 174.62
INT083 433.27 1,367.58 400.43 1,629.63 409.45 1,635.68
INT084 479.33 1,842.90 807.15 724.26 763.44
INT085 -33.74 759.97 135.18
INT086 431.41 350.75 198.81 214.63 201.44 334.73 323.99 191.02 797.90
INT087 699.83 154.37 700.00 345.23 442.79 800.00 195.21 146.31 798.09 928.20
INT088 699.25 1,492.17 149.10 160.60 180.12 703.43 150.41 137.87 131.58
INT089 92.74 797.43
INT090 163.14 423.60 700.00 408.68 396.90 798.31 852.02
INT091 699.97 381.10 107.70 180.73 700.00 318.04 825.10 797.00
INT092 700.00 700.00 85.08 156.41 300.60
INT093 163.22 141.33 120.78 162.97 413.08 152.16
INT094 320.83 760.24 355.34
INT095 146.37 313.83 800.00 510.19
INT096 700.00 151.71 223.09 -214.97 272.67
Pret final de deficit din luna Septembrie 2025