PDF PAGE 1
Data: 08.01.2026
lei/MWh
Interval/Data 01.10.2025 02.10.2025 03.10.2025 04.10.2025 05.10.2025 06.10.2025 07.10.2025 08.10.2025 09.10.2025 10.10.2025 11.10.2025 12.10.2025 13.10.2025 14.10.2025 15.10.2025 16.10.2025 17.10.2025 18.10.2025 19.10.2025 20.10.2025 21.10.2025 22.10.2025 23.10.2025 24.10.2025 25.10.2025 26.10.2025 27.10.2025 28.10.2025 29.10.2025 30.10.2025 31.10.2025
INT001 799.92 -92.52 1,014.06 -82.86 94.73 6,798.55 293.64 4,618.71 -476.77 862.49 669.00 796.33 155.26 122.56 193.23 -55.25 82.90 237.43 776.00 855.30
INT002 281.26 -268.88 1,020.07 -98.04 498.07 5,228.36 783.33 3,451.71 669.00 672.27 690.00 300.34 790.21 793.47 361.84 316.00 392.87 27.47 773.30 553.19 104.16 776.00 526.21 769.96
INT003 799.12 972.46 -141.09 6,413.46 5,658.09 1,402.89 766.79 686.97 891.62 784.28 309.91 953.44 255.04 799.91 213.38 799.76 36.48 778.64 175.86 776.00 1,122.90
INT004 802.34 2,739.10 6,095.13 6,650.79 950.91 861.49 971.23 685.55 696.68 324.92 846.14 796.95 795.85 266.21 -342.97 789.76 799.97 -38.19 767.36 103.52 1,025.35
INT005 29.49 112.28 1,007.35 671.05 -47.67 6,055.99 6,904.01 2,592.16 569.06 974.37 220.31 837.69 186.53 152.57 891.52 6,053.60 -116.64 825.43 -1,898.60 819.50 61.56 795.00
INT006 700.00 2,186.94 550.00 34.73 870.83 2,770.96 724.66 752.84 303.63 775.82 793.77 381.25 835.29 280.76 392.48 797.60 312.11 3,052.93 32.91 802.28 182.13 776.00 853.92
INT007 316.54 656.11 326.20 970.25 709.27 3,424.66 929.02 727.34 849.38 348.51 771.30 403.02 930.60 722.35 410.00 799.88 251.23 2,781.57 37.25 7,389.80 785.41 204.95 3,015.75
INT008 799.83 184.81 964.58 727.49 86.42 5,400.36 1,083.19 314.11 747.39 849.89 208.59 784.21 799.21 359.15 741.81 244.85 714.32 292.08 253.82 3,990.33 698.83 53.86 4,657.85 736.48 1,034.80 799.46
INT009 327.23 797.91 208.43 2,165.01 620.28 4,073.91 1,051.17 316.58 747.54 900.93 288.37 867.11 799.67 410.00 783.84 281.67 691.30 309.66 24.12 257.89 1,377.67 849.70 -35.09 7,320.95 -422.06 1,647.79 1,512.98 115.26 893.20
INT010 319.48 632.18 333.57 1,310.51 620.13 232.40 6,700.72 2,573.36 259.93 711.84 1,704.40 214.95 821.52 798.39 370.90 650.00 691.14 332.09 245.04 197.30 795.41 791.66 -256.39 712.06 -1,018.12 1,248.04 5,506.41 400.00
INT011 311.01 298.33 620.28 349.75 6,176.87 3,333.51 357.12 711.70 1,158.28 45.79 837.53 795.43 769.99 295.54 691.27 338.77 85.41 132.07 858.67 867.69 -257.14 1,909.58 729.55 2,457.96 -16.17 231.95
INT012 234.63 202.29 618.90 182.03 6,295.22 2,792.04 238.70 711.80 363.03 -46.60 840.85 330.17 303.12 799.69 690.00 796.92 735.47 28.56 1,642.25 130.84 763.92 -29.02
INT013 179.41 449.96 166.88 864.69 759.97 140.77 6,387.54 1,908.33 324.78 799.73 759.00 371.25 799.66 794.46 1,717.74 264.37 231.43 651.49 -69.20 854.75 239.46 734.30 793.06
INT014 223.69 191.54 917.92 5,992.44 1,349.15 276.67 676.00 311.34 867.61 392.07 266.28 799.63 792.21 794.18 799.71 284.16 795.02 734.42 -117.77 680.05 242.13 748.45 378.87 879.63
INT015 158.94 262.03 798.21 598.00 6,432.33 1,222.98 303.19 328.77 667.70 -11.15 805.45 377.51 851.61 801.83 774.41 46.05 223.75 883.48 745.56 -64.08 261.42 250.81
INT016 198.86 209.00 789.39 6,740.18 889.69 195.90 668.30 337.54 779.82 721.00 284.94 926.84 785.00 255.85 90.33 360.26 798.03 660.01 -977.70 -59.34 99.16 659.60 317.69
INT017 219.13 796.31 119.36 921.88 218.94 181.77 804.12 920.05 122.67 764.84 304.96 766.32 728.78 340.80 839.27 791.03 352.25 56.38 256.93 809.57 688.29 23.99 101.51 -476.44 719.06 689.52 181.92
INT018 194.95 930.25 197.67 815.05 193.98 109.21 798.72 1,343.44 -47.16 707.34 257.83 796.31 292.54 323.96 883.72 798.97 282.88 -249.67 797.38 834.00 688.85 29.91 130.40 -256.11 813.22 690.00 183.43
INT019 218.27 152.46 892.20 239.20 474.59 798.80 880.97 815.94 125.46 308.31 780.63 390.79 748.16 797.01 139.51 578.00 1,875.36 688.92 8.40 159.65 -5,000.47 792.79 641.49 272.24
INT020 256.14 965.93 278.98 885.03 171.63 474.26 799.97 913.63 841.58 -77.65 196.72 309.71 748.42 770.97 797.77 139.79 385.48 447.61 475.00 4,317.27 1,187.33 7.27 10.22 -2,666.51 -185.21 769.99 622.96 162.06
INT021 724.24 801.17 277.39 954.40 88.96 474.68 959.16 918.39 938.89 61.89 261.72 288.33 794.58 198.02 801.18 185.28 1,381.47 650.00 37.82 528.57 -2,586.19 322.53 1,144.03 652.44 -657.50
INT022 586.40 757.49 239.41 880.85 107.60 469.74 917.32 928.09 919.71 -527.41 322.13 191.03 800.00 789.03 817.62 665.00 712.00 765.49 215.78 802.81 650.00 56.41 631.23 -202.18 256.74 956.37 655.00 -331.09
INT023 780.81 928.35 293.15 914.92 459.09 926.45 809.71 821.60 153.11 255.38 270.68 823.35 884.16 799.36 665.00 207.20 798.31 549.00 913.83 9.72 613.47 -197.43 255.19 1,847.94 28.13
INT024 800.57 208.02 952.87 528.08 527.56 933.94 801.52 -1,963.56 238.63 403.02 806.50 21.43 761.90 918.71 799.85 665.00 256.94 676.00 541.35 1,089.81 21.12 914.03 708.04 -19.08
INT025 329.71 976.51 253.02 799.91 2,845.62 932.21 -129.15 1,518.32 -404.47 668.85 211.64 740.93 211.27 790.39 394.00 631.00 297.55 307.23 307.88 521.00 1,134.06 551.02 -1,245.27 1,286.52 -223.89 3,668.84 751.61 45.76
INT026 184.16 230.10 1,291.52 192.11 3,943.18 938.22 156.35 1,238.29 -503.01 798.00 212.67 704.36 782.84 818.58 395.00 631.00 203.68 895.96 142.98 5,545.34 744.01 556.87 168.83 69.13 805.93 774.24 -89.21
INT027 267.92 102.32 150.86 4,079.45 896.93 793.33 1,118.35 806.73 388.70 985.85 743.05 974.38 2,171.94 0.00 631.00 397.43 1,381.66 142.41 529.98 5,210.97 749.83 204.35 12.34 796.06
INT028 205.10 1,802.12 292.33 3,262.47 912.18 744.00 799.70 -412.48 1,010.54 984.07 961.15 1,093.65 1,029.10 391.88 635.25 347.58 4,060.49 876.48 3,532.23 2,383.73 1,014.20 135.43 151.90 3.12
INT029 326.53 1,072.87 799.48 196.10 5,308.06 1,088.59 972.30 832.95 252.60 1,008.37 1,385.66 1,149.87 1,579.20 1,216.62 788.38 326.12 1,692.36 1,193.99 2,616.08 222.96 -3,775.26 39.62 311.59 1,780.19 121.92
INT030 218.88 1,118.30 799.65 7,000.00 1,094.30 1,089.69 192.30 910.84 766.37 1,474.75 1,513.27 1,323.74 1,123.08 382.11 5,601.59 4,279.53 799.83 3,714.81 4,055.34 -1,631.64 -2,402.73 -48.94 310.94 925.57
INT031 1,116.33 330.39 3,664.24 1,425.66 1,135.61 909.69 907.12 669.00 694.76 1,567.06 1,372.11 2,028.00 3,223.95 822.77 4,293.70 5,229.58 1,833.42 1,453.79 -730.91 -2,055.64 -68.45 766.32
INT032 1,094.83 1,033.67 214.54 5,552.38 1,131.11 1,031.82 860.03 865.04 1,726.75 1,352.23 1,679.12 2,933.64 1,032.46 313.48 2,172.73 3,001.69 798.12 1,328.71 1,007.07 -39.79 -1,578.35 287.70 511.19
INT033 5,344.85 1,025.70 138.54 948.22 1,712.38 1,457.65 1,266.12 865.67 203.99 1,135.27 1,910.07 1,990.31 3,311.00 2,580.96 1,092.62 367.84 5,272.85 1,907.03 365.25 1,184.57 999.18 597.05 11.30 -149.89 282.48 792.20
INT034 3,463.38 1,179.56 373.26 1,791.66 2,028.29 1,240.25 1,031.38 898.16 223.78 950.55 1,950.18 2,103.38 2,040.10 1,698.49 315.81 3,663.46 1,607.94 316.00 1,188.60 742.71 1,402.34 584.52 -74.03 -1,220.93 231.49 233.39 666.00
INT035 1,699.46 1,192.00 285.32 1,792.66 1,746.46 1,216.37 933.88 197.99 798.28 2,459.93 2,097.14 1,911.93 2,446.14 1,406.51 313.35 2,661.77 1,763.33 27.56 1,176.21 574.00 -1,442.66 -2,037.52 315.93
INT036 1,347.43 1,069.69 269.68 146.32 1,792.66 1,542.54 1,275.22 754.00 802.43 183.84 779.51 334.80 1,932.32 1,864.51 1,293.95 51.94 2,065.18 400.00 319.45 1,188.21 155.87 738.18 -1.68 -4,350.11 -919.01
INT037 798.68 1,299.09 1,016.74 572.50 3,658.19 1,871.41 1,288.12 2,284.96 328.82 712.23 113.26 2,977.00 1,223.00 1,767.95 1,259.57 3,679.34 6,892.69 -297.58 2,534.10 210.43 1,786.07 798.46 1,198.42 -386.79 91.84 -103.59
INT038 1,202.00 1,306.68 1,002.72 575.89 3,640.97 1,765.75 1,289.71 4,503.56 400.00 686.08 669.00 6,259.64 1,757.16 1,228.47 4,628.31 7,001.00 -675.38 -41.88 1,016.56 316.37 2,717.79 799.89 -37.21 603.88 209.14 1.37 280.94
INT039 1,206.48 1,060.88 3,800.65 556.86 3,633.13 1,756.58 1,288.28 1,179.56 345.74 1,927.00 739.86 6,458.58 1,839.55 1,217.60 4,430.28 5,056.40 -245.96 253.67 400.00 1,734.57 2,536.23 48.19 707.81 170.84 2.24 9.90
INT040 1,232.31 1,073.78 6,544.07 330.50 3,566.39 1,848.64 1,273.23 1,196.93 319.38 2,341.71 1,432.00 1,682.78 1,214.21 4,063.50 3,002.63 -328.64 38.33 400.00 1,569.41 3,743.98 -1,539.49 641.60 -378.18 9.38 30.60
INT041 293.57 1,175.59 1,275.69 6,301.11 342.17 2,819.93 2,259.12 3,265.04 1,116.04 249.32 731.92 1,187.90 247.48 1,325.92 2,235.08 1,100.62 1,065.42 -203.61 -163.04 400.00 19.51 3,888.36 3,080.34 5.06 636.74 793.17 -997.04 -1,091.32 660.00 15.83
INT042 2,625.40 1,134.32 110.16 2,798.23 2,213.82 2,668.93 1,088.92 347.26 772.91 821.80 308.37 1,335.30 4,332.31 1,111.77 1,053.57 -121.70 798.54 266.82 1,132.13 3,294.77 -1,263.13 546.70 777.27 -3,962.26 742.57 3.80
INT043 258.81 1,158.24 941.88 842.08 -84.73 2,580.49 1,637.55 2,374.91 1,106.01 -25.14 354.88 798.83 978.50 6,923.58 1,092.20 1,008.93 -153.51 -108.00 316.87 222.01 1,076.64 3,137.61 -182.07 523.06 758.00 -2,667.12 660.00 6.72
INT044 -336.26 1,732.48 946.95 831.60 -61.76 2,335.24 1,650.40 1,229.19 -785.25 35.88 337.86 372.43 787.17 153.06 797.00 1,471.72 849.57 1,006.61 -188.46 -164.00 307.12 -7.39 1,173.59 1,126.70 -151.26 519.95 266.30 231.40 5.75
INT045 -918.02 6,897.85 844.80 983.20 -68.30 1,291.00 1,970.64 1,165.77 798.75 207.98 187.14 244.63 324.81 342.68 931.71 818.09 1,798.15 -14.80 -164.00 315.00 158.36 984.70 994.06 1,138.44 528.23 6,389.28 190.00 1.50
INT046 -1,484.02 1,549.89 843.61 630.21 -118.53 994.99 2,491.97 1,047.11 781.20 285.01 361.07 159.56 302.26 395.00 933.32 400.00 1,365.84 -2.52 -165.00 317.71 274.99 925.56 994.30 570.00 525.02 6,076.12 -493.03 -142.55 190.00 3.84
INT047 1,188.78 844.00 630.20 -133.13 995.65 -921.08 1,063.25 886.26 315.91 327.78 378.24 246.06 279.61 967.46 400.00 933.13 -142.92 -164.00 297.33 62.69 930.02 993.36 570.00 487.22 1,308.80 -165.00 -156.69 155.39 5.83
INT048 -249.81 1,371.52 843.03 635.12 -127.05 1,124.30 -47.72 2,468.30 304.77 306.32 347.25 -343.67 10.27 1,152.38 257.84 933.36 -78.33 -268.82 310.84 77.65 1,002.61 1,086.60 570.00 531.82 930.04 0.52 -379.77 -73.64 27.77
INT049 -333.37 2,217.55 748.63 -139.57 970.29 2,272.98 307.29 299.45 2,596.32 128.89 296.41 1,027.39 0.00 894.67 15.33 65.41 111.93 180.63 856.37 1,297.46 550.00 388.49 951.43 202.83 -148.20 -67.33 203.49
INT050 -321.66 748.58 -830.31 985.34 974.29 114.46 390.00 2,054.70 217.17 -3,756.28 322.00 910.47 330.92 966.03 -40.32 -103.86 98.70 112.86 856.52 957.52 550.00 1,447.59 940.62 -104.90 -103.60 200.89
INT051 4,558.45 745.25 620.51 707.93 1,019.20 31.68 977.04 744.00 339.12 338.48 -99.11 -962.00 264.66 910.94 700.00 1,251.03 -10.48 -106.00 58.05 161.84 929.12 953.40 550.00 390.32 1,116.30 -26.39 1.84 -107.59 206.28
INT052 -385.03 759.68 836.30 982.00 2,204.85 964.48 240.37 382.12 347.75 186.22 909.93 302.16 894.51 -27.25 -105.81 67.83 73.50 1,164.31 1,447.88 549.28 372.64 378.26 36.76 1.45 -107.25 610.30
INT053 -171.93 954.37 861.68 777.98 953.99 875.97 924.50 216.80 294.07 -103.11 -909.96 136.67 893.83 215.67 995.88 -197.33 42.47 60.82 64.94 349.53 689.00 325.95 363.61 709.32 -74.66 -68.46 656.23
INT054 -75.54 1,324.36 799.29 512.61 -220.49 954.00 661.29 1,159.34 290.16 243.75 815.64 -106.00 673.93 893.55 182.57 859.08 -1,458.40 -16.87 47.27 58.49 245.74 190.00 329.57 791.63 874.06 1.67 25.27 643.85
INT055 -219.95 1,363.11 800.00 899.87 967.39 682.89 323.23 205.85 328.43 793.08 -106.00 205.09 892.63 254.65 799.54 -116.41 -158.82 19.53 34.12 110.23 -317.35 422.86 887.19 1,279.47 2.50 17.72 671.91
INT056 -660.92 6,155.36 966.54 787.39 993.68 613.93 797.06 740.74 179.42 1,425.27 3.01 422.14 892.68 -6.28 -250.61 1.10 -330.97 -120.70 509.82 795.19 908.44 1.43 6.83 475.00
INT057 -525.24 1,583.92 661.99 798.10 266.80 3,354.22 1,203.51 861.18 766.71 2,809.72 4.51 19.94 386.21 997.33 -121.70 -23.50 -113.71 779.01 -635.49 -4.53 636.03 464.43 318.91 872.84 -1,199.89 -92.54 186.32
INT058 1,940.56 659.99 803.92 4,082.01 0.00 941.37 0.00 796.81 7,000.40 10.07 0.41 664.00 885.34 -546.68 -16.21 4.89 746.22 -1,379.87 7.07 592.00 495.00 442.75 359.67 770.40 15.25 -106.00 193.60
INT059 1,371.69 640.96 847.30 473.69 3,651.91 421.10 1,019.02 0.03 694.61 91.64 7,001.00 0.42 664.00 898.14 826.43 5.60 7.76 679.73 22.38 592.00 99.64 307.94 342.48 804.12 13.10 0.10 228.18
INT060 992.92 651.55 471.34 469.22 3,569.16 794.93 849.09 0.06 643.40 7,000.97 -8,397.38 484.70 1,869.71 974.54 879.36 -37.06 -100.21 680.35 -105.36 52.11 592.00 294.64 799.05 -1,437.63 2.20 284.85
INT061 221.28 1,034.60 674.38 576.00 102.97 1,299.17 799.57 790.00 37.10 1,095.07 33.16 1,080.92 25.56 632.16 410.00 4,867.37 -275.96 680.89 197.55 27.33 596.13 475.00 324.50 -340.40 759.41 43.91
INT062 716.27 1,306.87 676.44 635.66 145.92 1,047.56 992.61 799.45 20.61 1,193.63 6.51 776.54 1.10 720.65 6,999.00 -358.01 2,130.92 223.59 824.12 562.00 475.00 324.44 785.21 36.61 855.97
INT063 475.00 817.69 688.94 596.23 13.99 1,015.44 832.99 879.80 2.88 791.76 785.83 -3.47 874.18 1,601.43 -19.97 717.33 677.35 390.00 -236.49 637.76 336.65 385.53 796.79 5.62 3,467.15 400.59
INT064 -61.23 2,608.77 783.13 732.52 13.07 1,169.97 667.11 925.63 200.70 792.54 2.49 853.23 210.10 943.76 846.79 -59.29 400.00 690.67 289.46 -27,603.94 623.39 379.06 785.40 805.61 0.50 6,432.30 1,018.82
INT065 612.25 3,341.28 475.00 764.85 -30.77 1,174.51 869.73 965.03 323.46 340.52 329.60 -2,291.08 899.68 11.32 -718.46 240.31 246.58 319.46 7.03 620.72 3,093.31 765.99 -154.29 1,995.57 0.00
INT066 475.00 6,034.53 913.58 809.65 -321.70 1,144.12 863.44 844.32 190.50 -1,020.21 237.15 -1,344.06 395.00 -2,444.51 3,805.14 877.84 -294.41 67.94 375.15 0.00 262.87 622.51 6,999.69 2,021.42 374.27 4,570.00 4,998.38
INT067 581.16 5,042.09 776.50 1,054.26 -1,598.84 1,140.82 731.13 951.01 187.39 76.93 635.00 -2,899.64 -862.19 0.00 1,550.73 -301.96 400.00 2,140.53 390.00 148.68 636.25 6,999.79 4,948.39 684.88 4,748.61 6,242.51
INT068 588.98 5,586.22 812.60 966.42 -75.83 1,178.20 976.61 962.83 631.00 -108.72 901.82 1,663.30 204.05 210.11 580.36 -1,160.26 1,076.47 1,983.73 -1,445.57 710.05 3,147.59 819.61 694.22 7,000.00 7,000.55 4,964.03 2,429.64
INT069 333.59 5,844.88 792.58 5.43 2,317.66 880.68 929.13 223.68 83.10 758.56 2,742.19 179.16 592.81 -196.86 1,483.25 -673.59 -885.73 -91.45 689.54 178.71 208.61 831.55 7,366.70 6,411.16 963.26 3,880.08
INT070 343.57 4,860.04 1,023.41 -480.95 1,526.53 1,043.75 39.18 742.61 1,575.17 294.85 1,203.94 2,056.35 390.00 1,174.76 251.39 139.10 609.57 390.00 769.47 150.74 833.97 7,000.00 4,128.38 1,099.25 4,449.89
INT071 325.93 1,061.95 221.02 278.38 6,640.12 1,044.08 707.12 761.43 739.32 1,448.21 2,907.17 2,931.77 0.00 1,189.93 222.22 10,711.84 223.57 1,313.17 0.00 874.24 3,205.64 2,832.77 793.70 4,506.24
INT072 302.54 219.09 2,696.16 155.30 941.74 857.95 770.82 1,314.50 2,785.67 4,120.95 2,273.13 0.00 1,696.59 107.60 5,139.40 116.90 1,323.75 1,786.38 943.44 2,506.79 3,264.00 3,403.70
INT073 142.38 709.69 329.58 1,703.40 1,224.12 702.29 1,257.82 765.91 0.00 1,427.15 235.79 -1,399.76 0.00 229.61 2,059.64 252.03 789.27 1,500.82 800.00 -827.56 1,696.54 1,648.41 1,464.80 799.37 313.64 1,917.53
INT074 6.52 252.68 782.60 239.59 353.78 3,067.69 1,278.49 1,504.47 5,329.47 1,468.33 1,692.31 253.58 450.00 111.45 3,098.27 242.85 1,251.74 799.49 259.77 2,007.18 1,585.17 1,420.06 868.47 259.42 2,106.76
INT075 2.24 329.32 769.64 197.04 226.94 3,462.25 988.46 1,724.89 2,815.85 4,268.71 1,363.58 1,616.79 410.00 -514.32 450.00 1,773.60 972.94 1,018.01 1,416.72 1,576.88 1,406.54 798.95 315.79 2,304.99
INT076 9.40 258.40 289.98 134.76 1,548.76 1,457.47 2,867.21 2,016.13 1,115.69 2,582.82 1,074.16 5,807.70 4,025.94 235.72 -153.02 1,060.62 -394.39 995.14 272.04 1,561.30 1,778.22 1,755.12 2,127.41
INT077 165.79 371.03 319.75 2.15 1,898.08 799.10 1,901.51 1,881.65 1,415.38 1,085.14 2,106.59 410.55 327.98 -1,448.98 5,291.99 -542.36 1,026.98 335.30 1,805.75 30.62 232.79 1,333.75 2,112.46 3,023.47 227.77 1,943.58
INT078 150.86 321.72 333.34 299.27 1,958.48 4,575.96 1,236.03 838.04 1,505.18 405.60 402.00 -872.00 -3,693.89 248.11 287.20 1,823.23 -884.12 -3,629.70 315.85 1,608.60 1,883.23 799.00 1,679.43
INT079 150.90 251.75 338.01 198.76 289.87 3,076.13 128.57 1,510.04 1,493.09 1,576.56 2,052.67 400.71 -2,380.16 -611.30 5,157.91 324.19 938.29 126.97 1,952.49 -1,243.01 -1,542.99 3,537.49 1,977.46 786.88 1,561.52
INT080 150.30 252.39 282.35 118.28 2,755.56 305.23 3,224.44 1,709.28 1,353.26 402.00 1,194.81 408.00 400.47 -3,038.22 3,115.65 265.50 1,173.45 312.84 2,001.33 -786.03 123.19 2,599.70 248.07 1,825.66 369.82 761.79 1,670.25
INT081 2.89 279.53 -104.34 379.10 1,608.54 277.67 2,617.64 399.82 4,259.20 402.00 1,055.02 411.78 32.83 3,490.40 259.14 1,281.22 266.87 2,710.81 67.93 285.19 232.16 324.88 1,700.67 400.00 1,658.00
INT082 1.70 213.29 73.97 222.48 1,188.62 313.91 1,631.86 398.39 2,899.12 402.00 798.96 23.03 3,971.51 30.18 227.35 1,653.40 136.52 226.62 267.18 266.10 1,202.02 400.00 795.85 1,547.90
INT083 30.12 271.82 55.52 843.56 257.88 1,476.00 298.49 1,359.32 260.40 1,662.16 253.39 868.83 74.46 5,213.90 798.92 1,111.18 127.13 797.59 142.53 226.42 223.41 3,292.13 400.00 1,513.11
INT084 21.55 264.99 204.17 1,401.67 372.49 1,666.62 306.68 1,446.44 259.15 1,677.98 700.00 -309.81 811.57 331.48 1,229.48 50.89 245.02 1,034.93 234.51 1,144.39 137.79 188.18 652.63 1,245.09 329.42 769.54 1,901.71
INT085 155.47 241.15 190.86 3,742.33 267.48 952.71 213.14 4,617.13 367.01 1,432.64 1,001.16 116.32 325.67 250.08 -106.50 296.38 3,032.53 272.06 29.22 -275.51 230.96 674.76 796.39 799.29 124.18 143.52
INT086 21.33 271.81 968.18 3,723.75 358.44 1,300.73 1,931.67 322.93 1,441.04 1,283.48 264.99 799.47 328.61 322.67 182.42 226.89 211.62 1,272.50 -72.98 881.81 -50.63 208.63 1,094.93 795.35 267.47
INT087 -42.91 256.91 1,033.78 1,031.53 1,334.60 -135.44 1,204.27 350.36 1,547.48 863.49 306.81 -278.31 340.12 260.54 237.53 410.18 1,382.96 147.26 796.10 -277.02 167.46 778.38
INT088 -633.33 242.53 1,091.36 73.08 220.55 1,258.58 -366.05 1,469.71 313.46 3,270.47 824.21 334.75 -751.42 144.51 352.20 165.75 365.05 179.82 -534.32 287.91 223.51 400.00
INT089 -415.64 253.41 882.29 169.06 1,463.10 2,149.75 1,946.07 252.68 1,252.69 1,383.67 283.17 -13.68 405.00 1,328.60 322.91 1,224.00 181.73 1,372.43 1,111.38 -112.58 1,619.68 798.82 400.00 799.93
INT090 86.88 252.81 1,345.48 1,033.73 1,673.31 -2,684.10 1,241.31 851.30 217.99 324.78 746.83 343.49 1,154.25 297.41 219.75 1,296.31 3,174.31 -180.89 1,832.95 796.85 400.00 1,409.46
INT091 124.73 251.55 3,661.67 234.18 302.80 1,010.63 210.80 1,064.61 -202.10 1,215.35 799.39 296.51 1,400.48 354.35 227.54 1,910.43 387.05 252.81 3,225.63 -92.02 3,429.55 774.21 400.00 1,464.11
INT092 -319.51 256.65 4,461.26 198.52 1,035.43 4.96 1,091.87 5.37 1,675.74 1,201.67 -2,149.35 326.09 235.23 70.18 980.94 -1,667.79 -4,361.80 847.17 -601.92 165.83 4,523.52 766.64 257.77 799.72
INT093 263.41 249.09 4,924.31 323.38 283.10 4,563.44 1,326.08 -249.50 916.58 965.43 730.00 -65.86 337.26 3,489.27 1.64 -1,801.29 -427.65 770.86 921.92 225.90 813.99
INT094 245.10 257.78 3,474.03 225.09 244.76 3,587.96 282.03 1,476.51 916.00 810.63 696.80 335.49 316.12 362.14 924.50 750.00 1,249.12 352.53 254.15 320.12 799.78 -79.03 1,182.72 1,057.37 793.43 611.87 393.67 1,283.10
INT095 192.74 4,771.35 -174.61 270.52 1,061.54 315.41 1,023.37 247.38 1,143.20 2,819.21 842.69 401.45 364.70 965.34 712.00 403.20 316.00 333.87 6.68 969.62 241.18 851.11 627.10 347.94 3,163.69
INT096 755.90 233.33 1,431.33 30.56 226.77 2,955.85 299.33 878.63 -113.63 1,098.47 5,407.12 690.00 255.20 325.59 795.08 712.00 351.95 252.72 46.47 364.72 799.93 -722.06 1,128.67 38.48 -1,627.82 790.00 791.74 800.00
INT097 131.41
INT098 53.83
INT099 44.27
INT100 -212.30
Pret Final Unic din luna Octombrie 2025
1/1