PDF PAGE 1
Data: 24.03.2025
lei/MWh
Interval/Data 01.02.2025 02.02.2025 03.02.2025 04.02.2025 05.02.2025 06.02.2025 07.02.2025 08.02.2025 09.02.2025 10.02.2025 11.02.2025 12.02.2025 13.02.2025 14.02.2025 15.02.2025 16.02.2025 17.02.2025 18.02.2025 19.02.2025 20.02.2025 21.02.2025 22.02.2025 23.02.2025 24.02.2025 25.02.2025 26.02.2025 27.02.2025 28.02.2025
INT001 -388.45 374.44 995.49
INT002 404.94 353.92 910.84
INT003 700.00 413.77 324.15 872.58 876.69
INT004 975.00 121.76 1,267.57 189.73 373.06 874.49 901.76 194.03
INT005 1,096.81 992.94 527.76 418.80 490.50
INT006 894.80 377.09 364.23
INT007 999.64 386.90 978.56 199.06 997.42 454.88
INT008 897.40 170.31 141.09
INT009 840.00 380.68 418.07 1,000.00
INT010 750.00 381.12 174.50 182.30
INT011 945.18 157.48 876.51 840.00 382.84
INT012 872.70 531.12
INT013 1,081.43 325.78
INT014 161.05 184.54
INT015 224.38 276.91
INT016 163.92 170.81 455.43 174.41 660.00
INT017 700.00 113.79 888.18 997.34 564.37 392.63
INT018 982.36 193.20 682.50 795.00
INT019 397.58 280.81 203.49 997.32
INT020 253.33 344.08
INT021 799.00 477.80 726.73 391.77 1,000.20
INT022 267.15 956.46 174.91 1,093.99 1,119.22
INT023 364.61 293.08 900.48 999.50 999.42 1,134.99
INT024 365.50 121.57 304.52 317.89
INT025 1,164.67 1,922.24
INT026 112.90 459.44 387.54
INT027 333.63 886.48 1,069.08 991.05 496.32 3,794.35 899.43
INT028 366.57 174.84 339.53 -507.31
INT029 936.27 993.85 1,065.14 899.72
INT030 17.03 990.50 971.06 451.23 61.29 893.15
INT031 1,029.88 1,227.62
INT032 987.31 308.12 1,022.46
INT033 1,001.31 927.04 431.82 989.48 1,326.82 1,928.28 923.55 248.62
INT034 993.59
INT035 574.25
INT036 656.10 482.22 2,444.21 517.10 436.54 672.97 187.22
INT037 955.77 59.48 383.47 993.78
INT038 1,490.02 921.06 336.65 199.82 1,092.64 387.36 840.19 458.20
INT039 6,165.73 141.82 409.34
INT040 1,946.75 1,119.69 1,336.15 3,058.80 412.34
INT041 395.75 1,309.85 146.68 5,287.22 1,443.59 1,165.05
INT042 904.80 1,511.54
INT043 169.44 63.85 1,177.89
INT044 2,664.85 606.44 822.54 1,044.50 796.71 1,951.00 334.26 367.65 199.95
INT045 1,587.37 496.37 317.53 733.37 32.27
INT046 932.75 322.33 -425.40 96.17
INT047 963.36 691.15 1,192.26 160.13 171.44 78.96 1,124.91
INT048 813.78 184.00 16.97 162.45 219.93 310.99 848.79 1,173.94
INT049 672.16 935.66 266.10 186.59 621.32 240.69
INT050 278.39 292.73 403.38
INT051 308.50 349.99
INT052 1,259.77 319.02 840.00 733.49 379.46
INT053 1,215.73 870.19 436.94 249.45 500.65
INT054 1,377.98 207.69 433.27 219.29 254.93
INT055 -10.76 179.53 638.17
INT056 4,084.80 57.76 166.83 -1,178.51
INT057 4,278.15 164.41 157.45 152.38 819.08
INT058 3,564.19 172.03 179.63 5,928.51 388.77 3,306.98 163.96 331.19
INT059 134.37 266.92 166.99 714.64 240.10 442.73
INT060 113.18 455.55 1,055.95 76.63 1,098.35 240.18
INT061 357.54 1,068.16 234.73
INT062 157.14 903.12 840.00 456.57
INT063 180.43 324.22 3,820.46 1,091.03 3,349.44 3,903.08 493.72
INT064 130.78 82.85 1,718.79 5,714.34 261.20 1,664.21 5,774.42 5,588.28 5,441.85
INT065 966.64 472.50 443.59
INT066 281.65 6,321.99 3,376.82 125.53 456.72 6,095.09
INT067 995.02 1,837.29 3,639.56 2,978.79 413.11 899.70 1,282.80 4,592.95 579.27 4,198.20
INT068 5,398.74 4,157.71 6,340.45 407.26 382.62 907.03 488.18 3,747.42 1,088.66
INT069 990.19 1,666.75 1,308.54 1,439.77
INT070 1,572.83 503.18
INT071 568.33 605.85 445.01 411.83 520.59 544.23
INT072 996.68 1,021.50
INT073 998.05 419.66 894.89 1,447.08 996.88
INT074 983.99 397.24 754.18 3,308.84 986.13
INT075 1,181.82 387.73 998.98 899.13 2,200.49
INT076 1,173.87 888.48 1,079.83 489.49 761.06
INT077 804.92 476.78 356.64 368.57 875.52 543.33 5,741.30 1,567.31
INT078 1,234.10 998.74 386.51 331.40 394.00 897.10 519.29 1,461.23
INT079 997.27 935.12 458.90 895.76 386.56 1,159.23
INT080 205.42 337.30 917.95 887.28 426.39 1,069.60
INT081 345.30 19.00
INT082 256.03 367.18 1,335.34 898.07 898.64 366.00
INT083 445.23 195.88 387.62
INT084 462.00 886.67 883.68 912.52 877.75
INT085 898.69 898.74 281.94
INT086 416.86 995.88 390.69 402.00 375.43
INT087 988.77 336.80 414.14 840.00
INT088 982.42 972.91 896.23 840.00 1,236.29
INT089 1,329.07 -196.34
INT090 999.28 426.36 1,181.91 1,097.59 997.17
INT091 240.64 995.19 866.78 897.38 856.00 112.53 350.53
INT092 998.29 893.01 899.00 298.41 319.67 890.58 895.56 227.92
INT093 196.23 993.50 998.34
INT094 800.00 996.56
INT095 990.78 901.33 623.81 800.00 852.00
INT096 840.00 997.05 531.34 180.63
Pret final de deficit din luna Februarie 2025