PDF PAGE 1
Data: 30.05.2025
lei/MWh
Interval/Data 01.03.2025 02.03.2025 03.03.2025 04.03.2025 05.03.2025 06.03.2025 07.03.2025 08.03.2025 09.03.2025 10.03.2025 11.03.2025 12.03.2025 13.03.2025 14.03.2025 15.03.2025 16.03.2025 17.03.2025 18.03.2025 19.03.2025 20.03.2025 21.03.2025 22.03.2025 23.03.2025 24.03.2025 25.03.2025 26.03.2025 27.03.2025 28.03.2025 29.03.2025 30.03.2025 31.03.2025
INT001 193.28 278.22 105.42 16.01 1,006.15 0.00
INT002 362.52 192.41 170.32 861.25 178.82 188.13
INT003 73.58 179.63 822.68 599.16 304.29
INT004 62.96 104.95 49.25 186.46 -3,225.44
INT005 898.18 222.64 -0.62 210.33 0.00 673.00 -1,194.49
INT006 824.04 956.29 303.59
INT007 742.67 361.86 1,100.12 175.47 224.54
INT008 198.93 641.37 847.82 381.16 101.52
INT009 834.33
INT010 769.57 910.95 250.45 961.63 43.75 919.64
INT011 114.58 923.87 708.79 56.68 187.55 0.00 891.22
INT012 687.21 864.53 869.10 54.19 365.15 175.24 367.83 57.85
INT013 795.83 207.86 789.46
INT014 183.73 631.28 249.22
INT015 364.43 108.48 372.40 629.32 231.07 308.48
INT016 645.13 171.09 146.39 380.53 593.47 624.23
INT017 388.23 816.75 891.85 536.76
INT018 534.11 1,263.99 995.68 1,088.80 96.96 141.28 0.00 0.00 124.49
INT019 1,015.80 562.21 1,081.44 58.77 279.32 963.63 867.46
INT020 1,102.80 0.70 218.11 391.28 272.38 176.36 1,096.43 897.14 626.66
INT021 393.99 818.12 643.34 47.25 874.18 155.39 476.32
INT022 965.30 0.87 1,045.05 160.33 331.18 262.15 107.88
INT023 1,050.28 399.00 931.09 749.57 0.00 693.13 634.34 132.80
INT024 1,060.58 288.66 489.70 375.19 195.48
INT025 923.65 1,194.90
INT026 1,138.83 887.99 386.62 338.92 207.63 102.04
INT027 361.06 997.10 938.61 362.25 261.51 101.32 225.49
INT028
INT029 361.23 1,060.98 1,156.99 962.53 1.25 280.99
INT030 199.16 368.33 512.88 216.04 368.12 100.95 390.00 0.40 1,040.06
INT031 -336.59 361.01 374.65 377.86 344.46 371.33
INT032 96.17
INT033 432.63 2,055.42 191.87 1,422.28
INT034 185.39 361.13 357.52 357.21
INT035 836.58 201.45 -2,813.48 -1,759.41 -3,972.64 1,065.27 291.97 300.00 -1,751.69 -2,915.05
INT036 -3,017.79 1,345.63 536.83 254.05
INT037 359.51 359.23
INT038 -4,787.30 229.27 1,483.80 -164.10 376.67 -411.33
INT039 -34.53 844.88 398.83
INT040 -263.33 707.26 -2,173.72 -159.70 -6,909.90 362.27 1,129.16
INT041 -939.23 289.16 -194.70
INT042 300.22 2,292.03 0.20 1,288.29 -6.49 294.34
INT043 380.71 -1,119.61 -3,930.81
INT044 -123.72 0.41 1,374.46 -1,508.07 -2,014.09
INT045 646.90 269.74 0.20 288.24 311.12 -109.04 -264.94
INT046 -5,093.50 2.18 -4,248.92 682.50 -285.37 4.42 383.13
INT047 167.17 -3,676.12 1,819.32 107.79 -135.96 -284.48 -63.20 -3,775.78
INT048 974.11 2.63 277.01 -2,334.44 104.66 -960.12 20.46
INT049 1.87 17.08
INT050 362.36 125.53 536.55 -3,475.02 0.30 414.18
INT051 233.99 6.02 84.20 31.21 304.94 110.30
INT052 192.58 -82.03 292.24 45.52 1.52 165.23 -158.03
INT053 -2,441.72 530.08 -3,096.45 63.37
INT054 -145.99 4,538.64 191.10 1.22
INT055 185.61 37.73 1.62 122.72 1.56
INT056 166.47 8.51 58.86
INT057 114.08 403.82 -51.08
INT058 0.12
INT059 362.59 9.65 628.44 830.64
INT060 1,078.60 0.11 22.15 422.00 -46.58
INT061 193.41 -1,169.01 0.10 -861.76 -49.61 106.45
INT062 -4,987.46 222.30 1,543.84 -950.26 -79.99
INT063 362.82 111.58 -10.00 561.98 1,545.30
INT064 1,475.21
INT065 19.98 280.85 399.00 1,298.71
INT066 382.71 250.94 440.82 4.91 394.26 98.59 3.90 188.66 776.97 163.04
INT067 373.37 0.00 358.30 582.26
INT068 1,017.61 8,077.13 394.00 6,702.33 249.58
INT069 1,676.89
INT070 367.27 179.72 365.02 390.76 365.19 223.59 386.46
INT071 0.00 359.14
INT072 1,298.57 369.75 399.00 339.13
INT073 926.58 -3,547.91 -4,229.67
INT074 270.25 294.44 -320.08 198.77
INT075 1,558.66 368.45 1,020.15 981.37 340.52 588.09 588.07 811.85
INT076 965.41 0.80 636.06 400.00
INT077 381.35 864.33 1.10 -52.61 1,177.84 799.08 -1,631.38
INT078 1,191.82 388.14 480.34 -172.35 376.84 1,334.14 829.52
INT079 1,032.75 398.02 375.73 390.00
INT080 991.61 893.01 386.50 374.00 1,067.41 931.42 319.02
INT081 390.52 678.36 387.71
INT082 362.15 428.77 142.87 944.56
INT083 359.33 193.55 145.39 387.98
INT084 986.59 321.28 228.45 -1,417.29 737.29 163.76 573.88 383.15
INT085 318.27 -158.89 -324.50
INT086 932.83 400.00 1,055.48 0.30
INT087 360.16 959.23 326.30 111.00 187.62 361.53 1,076.01 365.31
INT088 977.37 293.58 707.43 158.95 19.90 966.47
INT089 929.45 359.05 7.15 1,177.85
INT090 -1,743.99 361.61 996.81 297.82 285.96
INT091 -347.74 368.64 -4,071.51 305.64 0.40
INT092 98.78 91.59 364.43 -5,010.84 723.38
INT093 -1,450.84 718.38 280.03 740.65 9.94 637.94 996.95
INT094 1.23 390.87 810.97 -2,913.70 330.45 224.24 369.36 985.49 157.83 874.78 764.23
INT095 529.92 993.06 142.47 351.91 152.32
INT096 838.94 902.00 133.48 367.27 967.06 861.07 -240.82
Pret final de excedent din luna Martie 2025
1/1