PDF PAGE 1
Data: 01.07.2025
lei/MWh
Interval/Data 01.05.2025 02.05.2025 03.05.2025 04.05.2025 05.05.2025 06.05.2025 07.05.2025 08.05.2025 09.05.2025 10.05.2025 11.05.2025 12.05.2025 13.05.2025 14.05.2025 15.05.2025 16.05.2025 17.05.2025 18.05.2025 19.05.2025 20.05.2025 21.05.2025 22.05.2025 23.05.2025 24.05.2025 25.05.2025 26.05.2025 27.05.2025 28.05.2025 29.05.2025 30.05.2025 31.05.2025
INT001 937.59 4,281.72 1,371.13 1,447.40 901.62 -2,484.37 59.71 5,150.71 1,454.93 3,768.82 877.10 4,917.45 7,001.00 3,918.32 169.36 988.78 1,063.14 -435.75 5,092.69 5,913.60 -565.81 1,849.24 1,989.44
INT002 2,677.33 83.76 -11.62 3,627.45 815.75 -17,470.14 222.86 3,469.04 3,326.94 858.73 1,054.65 5,058.95 2,440.32 1,704.92 707.69 -358.40 2,098.96 5,133.63 348.47 2,362.09 980.49
INT003 932.45 -2,583.66 -775.46 -1,541.84 -1,786.62 894.34 737.37 -3,982.70 72.09 944.91 883.06 -262.23 1,718.96 5,122.10 1,652.98 731.85 200.69 881.25 -2,772.60 802.50 836.71 148.27 349.45 1,412.77 980.09
INT004 733.75 -307.95 -53.82 -101.22 -2,703.31 914.45 173.71 108.62 180.09 874.69 1,047.37 1,473.77 986.73 905.53 814.86 -701.29 -1,992.50 850.44 650.00 185.80 269.98 873.86 988.79
INT005 4,380.60 110.10 243.43 6.77 -803.81 266.87 5,768.29 156.84 1,393.33 -2,871.72 956.00 1,768.40 1,095.64 881.48 -119.39 4,021.02 1,520.12 1,064.18 170.31 -136.34 1,278.75 180.50 841.02 11.01 155.95 243.38 891.84 1,426.74
INT006 6,936.38 7.61 144.13 77.29 -34.58 189.83 3,751.23 1,520.51 158.90 940.99 788.95 841.90 857.10 933.93 -28.35 894.44 1,033.92 1,039.40 868.99 906.96 -222.58 -1,419.95 863.45 893.78 89.69 835.69 861.06 1,405.10
INT007 4,872.72 -0.18 -106.27 -218.97 -2,067.40 222.88 740.29 254.28 999.38 232.31 720.95 714.52 731.22 848.76 924.66 99.09 975.40 1,234.35 978.90 1,140.37 156.77 -806.93 258.20 -48.53 832.68 145.01 919.38 650.00 762.90
INT008 1,768.88 -3.40 -21.59 -779.82 -3,250.72 211.80 854.38 276.12 253.58 725.92 705.84 713.16 962.34 151.88 77.59 1,064.56 110.45 902.63 -60.20 246.20 8.55 801.34 650.00 -4.07 3,085.60 650.00
INT009 6,779.67 -51.65 -821.82 88.44 48.05 336.07 1,750.79 260.12 289.74 3,117.82 1,737.93 886.91 889.00 925.04 1,527.41 83.33 107.90 904.98 1,149.33 310.74 909.37 699.00 244.18 204.87 1,059.33 650.00 66.76 1,021.85 889.36 961.69
INT010 4,310.85 -83.22 -738.52 -1,714.03 47.79 937.84 203.55 208.65 969.93 1,171.89 873.96 892.42 862.38 951.56 728.14 197.95 810.32 2,066.72 69.92 871.77 80.18 193.80 2,583.73 833.99 51.43 1,406.24 954.90
INT011 923.86 26.61 -993.97 842.05 895.78 358.81 0.76 808.46 855.24 912.82 361.00 931.49 1,043.12 884.72 133.99 1,017.58 2,477.80 35.21 392.31 814.22 145.65 812.49 650.00 247.06 662.30 68.23 960.94
INT012 1,076.35 -124.07 -2,552.08 -1,584.10 744.00 842.25 259.92 8.11 1,098.92 713.28 858.14 361.00 884.72 3,387.10 752.33 0.80 819.43 15.52 69.38 699.00 159.75 890.69 650.00 265.13 -2,707.30 961.50
INT013 2,304.57 744.00 101.66 -1,431.73 766.01 827.43 -32.09 261.17 13.83 3,656.18 785.83 2,832.69 297.18 884.89 3,935.84 4,655.89 3.89 976.58 -1,404.27 -28.09 227.13 225.16 699.00 263.48 178.24 998.08 894.91 299.96 178.65 -151.76 958.31
INT014 897.76 196.28 23.91 -4,517.16 886.19 169.93 210.36 1,618.14 880.26 3,632.95 109.85 2,696.65 1,733.19 15.78 3,851.63 321.15 -42.51 159.21 724.98 699.00 194.46 -51.39 904.03 2,961.40 183.35 650.00 -746.52 3,813.08
INT015 899.19 744.00 47.75 -470.35 746.43 1,202.72 187.21 242.64 729.20 5,239.31 184.96 959.91 4,649.63 2,988.31 7.24 1,954.07 208.44 -101.41 244.51 898.71 854.61 117.58 85.53 995.13 915.65 118.19 650.00 -4,499.00 925.22
INT016 891.75 744.00 52.06 -3,335.24 1,940.98 -2,043.70 203.08 1,562.71 937.93 738.28 5,217.07 -2,511.82 924.00 5,999.00 14.25 945.74 47.50 252.82 322.99 4,076.17 699.23 167.36 1,204.25 936.29 817.11 650.00 -2,950.20
INT017 893.79 393.73 -2,530.12 112.69 834.44 -760.38 261.80 217.37 2,392.51 269.35 -503.60 171.98 927.86 2,057.75 7.09 971.70 234.30 291.13 5,568.23 107.63 104.76 868.60 1,268.15 324.87 894.99 -843.72 937.33
INT018 893.70 744.00 -9.27 34.53 202.21 3,083.37 991.25 155.31 280.82 927.11 827.48 1.69 910.47 729.38 235.45 309.64 4,867.75 135.27 182.01 891.03 314.10 899.27 -107.70 859.64
INT019 897.12 185.11 16.10 901.49 101.40 879.41 3,728.31 152.33 932.58 857.75 -13.13 700.00 928.27 339.05 1,848.16 145.54 170.15 869.49 864.29 338.34 2,239.16 -107.29 780.83
INT020 906.13 21.98 26.22 897.77 226.69 130.17 931.62 316.93 2,356.37 -1,879.16 759.88 896.97 821.72 -251.06 702.35 1,266.56 288.19 1,144.30 893.18 194.67 127.92 368.23 895.05 -101.34 758.83
INT021 901.66 744.00 551.08 46.01 100.40 0.00 2.20 957.31 308.36 4,534.80 -408.44 5,889.61 4,559.83 115.58 814.87 3,959.63 317.95 3,911.24 189.28 192.52 181.82 -1,646.77 237.08 246.90 898.82 18.07 848.43
INT022 909.89 16.14 551.08 210.85 352.74 721.28 -1,219.88 1,102.30 193.40 7,319.58 77.52 4,770.81 1,223.37 116.25 732.17 1,145.68 266.04 1,122.79 163.88 203.83 213.84 206.41 74.51 895.79 -1.41 917.38
INT023 2,567.07 203.24 144.17 551.08 750.58 276.52 722.81 -2,855.16 -1,037.69 247.01 210.39 7,692.17 74.29 1,223.15 848.08 116.29 204.82 245.76 908.56 62.46 32.20 85.04 230.18 213.13 41.51 828.94 14.59 840.84
INT024 772.20 -4,736.53 551.08 788.05 700.00 26.46 281.09 -188.93 8,636.26 -1,179.91 245.88 1,497.56 835.38 117.69 169.29 252.15 975.72 269.36 65.60 166.04 159.10 796.82 18.37
INT025 3,205.15 254.21 -1,250.75 59.58 914.24 258.76 177.34 1.13 192.60 1,366.10 -2,060.17 -43.25 1,505.94 35.56 950.55 28.61 51.53 131.98 1,110.99 253.81 99.19 220.75 -337.70 146.40 -59.62 -87.60 124.25
INT026 3,363.90 131.39 2.27 16.16 184.69 1,126.64 113.14 346.45 1.00 -123.99 987.47 105.71 1,077.86 119.28 878.64 217.14 1,778.70 258.72 943.36 153.27 -416.11 46.12 304.52 772.27 661.40 63.62
INT027 1,077.19 2.52 -2,470.34 -485.05 887.09 919.81 325.95 365.86 0.70 962.08 -76.15 1,877.56 136.92 72.69 1,954.78 168.37 747.17 159.53 1,402.21 268.40 947.62 139.03 -77.78 143.22 3,006.42 1,477.43 867.16 119.00
INT028 -73.36 -5,166.21 -338.93 896.09 922.97 -714.12 -250.73 -2,362.95 1,037.01 101.85 898.89 1,069.97 170.61 775.44 99.25 981.18 -0.10 1,505.89 194.25 -1,005.89 -2,686.47 5,755.48 913.86 881.68 42.46 671.25 -2,679.51
INT029 6,500.90 -264.00 -2,491.20 -3,521.68 954.65 970.99 -1,023.67 291.51 20.72 1,078.43 190.14 49.26 1,050.06 975.65 2,365.46 -176.79 6,545.68 -84.06 1,101.20 55.66 -1.91 1,085.75 971.12 170.05 -78.37 886.56
INT030 5,580.92 -78.98 83.37 -573.18 975.43 982.68 2.50 373.13 -390.50 1,020.71 188.03 222.71 1,043.89 1,047.15 242.13 908.27 158.47 1,677.94 -90.08 1,143.54 8.93 1,093.25 1,058.65 81.23 1,444.80
INT031 897.01 -356.89 -3,908.16 981.59 1,002.94 21.24 72.38 -51.52 941.69 242.52 361.00 202.67 907.92 1,007.96 195.26 881.16 -247.35 1,159.90 15.85 2,509.70 318.69 722.57 14.29 1,557.73 2,804.11 390.00 45.61 899.26 894.87
INT032 2,428.34 -1,125.40 -5,603.59 517.81 952.58 976.53 1.81 62.92 945.66 190.80 -90.22 225.51 755.39 1,004.00 213.18 817.12 1,191.26 -36.97 2,792.19 398.14 7.09 997.12 3,055.15 -248.63 794.12 850.66
INT033 7,001.00 3,135.83 938.33 -80.40 3,766.55 972.40 198.48 1,130.88 363.93 2,065.71 364.11 163.09 816.28 1,130.50 -320.80 2,419.39 1,125.55 772.79 -244.35 1,054.31 359.18 -205.45 785.75 5,517.32
INT034 2,346.24 867.39 779.73 308.43 1,051.87 -85.40 353.18 2,711.72 917.16 39.43 -848.06 1,420.92 897.95 -240.63 861.97 4.75 1,124.48 -545.23 2,901.46 1,125.75 728.81 1,245.93 398.77 -281.87 -2,417.31 827.76 846.52
INT035 810.58 21.51 867.39 485.61 235.46 3,635.31 -77.61 160.59 1,064.30 1,082.09 49.56 896.89 371.88 740.63 19.00 1,795.57 -769.15 1,301.35 899.59 711.79 -91.40 2,682.31 316.69 -853.28 793.60 846.61
INT036 851.77 485.72 -920.98 1,045.51 -207.36 195.38 757.67 36.51 -1,343.12 847.37 367.26 1,708.57 1,831.06 11.64 -1,413.66 -460.68 1,061.63 909.49 65.88 1,162.96 -733.42 1,090.13 1,869.68
INT037 2,125.28 1.26 782.99 461.26 73.36 936.06 -107.07 2,364.16 1,190.69 145.79 109.61 -2,364.72 8.34 860.50 5,909.44 6,294.47 18.70 179.11 39.76 990.13 1,054.51 -3,333.25 178.20 3,059.13 358.68 -129.05 715.08 2,936.81
INT038 807.67 12.62 -3,096.41 461.05 -1,893.24 938.00 -213.82 5.45 1,828.16 810.90 0.39 700.00 -1,813.17 13.88 845.76 863.65 2,970.09 3,024.75 5.08 266.89 990.44 962.66 -6.76 14.53 1,347.80 254.56 715.00 1,437.94
INT039 1,846.60 -710.64 -4,008.33 460.58 -3,360.08 928.20 -300.85 928.98 809.90 -66.01 729.73 150.14 742.37 1,344.12 1,457.91 -18.65 1,486.17 991.27 892.71 41.76 -2,393.52 1,117.22 -113.86 262.95 241.31 1,217.67 716.77
INT040 1,696.57 -6,622.60 930.45 -279.26 -879.65 930.04 890.28 7.77 847.37 729.14 756.23 771.22 -1,670.83 135.83 -6,372.90 1,189.48 288.07 650.00 -4,732.15 1,113.76 49.01 787.49 -3,912.88 -4,068.37
INT041 553.79 17.07 -222.64 450.00 176.23 902.98 -3,511.97 881.31 1,599.15 -31.93 880.61 -439.96 -104.92 550.00 453.10 2,558.82 5,854.40 -216.51 898.93 2,795.01 582.16 -3,584.34 894.50 -347.55 685.64 597.24
INT042 648.07 0.92 193.36 450.00 137.05 905.35 -5,904.85 881.31 539.26 -32.36 827.61 15.98 550.00 580.26 682.04 5,303.72 0.32 840.31 740.00 512.00 -150.65 895.80 -362.64 90.83 756.71 597.24 8.66
INT043 1,072.72 6.41 25.39 450.00 99.85 1,151.28 -4,907.48 29.47 497.93 -91.34 -2,783.02 3.79 -8.65 550.00 916.85 493.66 4,620.63 -1,260.02 -98.76 211.09 743.40 512.00 -1,500.51 844.61 -2,500.80 16.54 757.70 142.81 -2,813.88
INT044 882.00 -607.46 -5,524.00 209.33 136.69 -281.90 499.75 9.87 28.44 8.57 550.00 765.81 493.66 906.94 -900.25 -1,549.79 -1,397.49 512.00 -144.74 876.29 -916.99 757.94 -1,446.44 -5,589.41
INT045 504.14 9.53 450.05 2,049.68 240.37 -664.55 799.00 -219.24 748.34 450.02 696.94 550.00 7.02 519.45 716.64 4,342.25 450.00 4,854.45 -83.13 142.72 -1,904.57 4,631.26 -163.59 95.48 -31.00 -261.57 564.82 -845.32 -2,800.67
INT046 446.56 0.72 450.05 450.00 744.00 -3,888.47 220.70 17.11 461.50 2.70 191.15 2.07 0.37 519.45 550.00 4,824.07 450.00 820.24 14.32 4,673.07 -335.35 854.96 -469.92 541.13 -4,642.53 -2,767.78
INT047 540.12 0.48 744.00 -2,438.60 859.59 16.03 568.98 450.02 45.23 -22.63 0.53 67.34 4,813.07 4,229.79 1,065.80 -642.58 5,635.25 -124.83 839.69 14.75 86.54 -280.00
INT048 446.00 -612.29 22.38 125.43 744.00 137.18 1.32 450.01 -913.14 10.77 500.56 4.13 1,716.10 7,001.00 115.41 2,925.94 -411.65 531.66 -69.40 874.83 79.94
INT049 897.02 250.47 450.00 241.57 -500.36 118.88 0.40 944.13 450.07 -733.15 -2.95 4,553.13 493.02 4,235.77 7,001.00 63.70 -4,499.00 -274.66 190.01 610.70 -77.72 847.04 -991.82 -70.65 450.93
INT050 446.00 -229.93 23.38 188.79 -857.07 156.52 0.71 509.06 450.06 39.58 0.40 513.75 493.02 2,478.37 6,916.30 2.61 241.57 0.49 1,765.64 -60.44 4,137.24 689.17 -43.63 -104.71 450.93
INT051 -152.82 83.75 361.10 -4,100.88 744.00 0.51 -1,700.10 6.84 645.15 541.72 513.69 493.02 582.99 937.81 -3,741.84 2.54 191.00 0.11 1,156.30 -288.89 2,804.93 27.95 6.92 -272.77 450.92
INT052 -3,248.21 -4.09 146.71 744.00 744.00 -27.80 -3,811.58 1,204.94 528.45 513.69 527.85 550.90 634.61 196.30 -4,079.37 3.02 190.27 734.40 542.70 -436.28 2,641.01 -31.36 3.32 -1,178.26 450.92
INT053 -1,085.82 120.44 41.03 698.87 -1,907.43 -497.51 190.24 18.41 31.99 450.04 868.55 -8.17 538.80 6.82 232.58 1,096.96 201.49 -4,499.00 -112.84 642.12 0.51 641.22 642.92 645.17 59.39 -270.53 -140.02 450.46
INT054 20.42 -121.92 83.28 103.21 698.87 -2,326.59 744.00 740.60 17.87 450.04 731.41 548.91 540.58 -2,350.73 251.33 448.00 -2,098.24 -67.02 192.23 550.00 592.76 186.68 740.48 75.91 -145.52
INT055 450.00 263.48 75.26 702.50 779.79 515.12 -49.23 450.04 305.67 549.97 538.83 -635.34 258.28 810.94 450.00 -1,052.32 558.60 550.00 789.19 -4.27 622.02 3,705.40 139.17 -105.65 20.54
INT056 -252.88 -149.51 -25.83 698.87 -355.38 798.46 1,763.74 -133.70 450.04 731.35 549.99 538.74 -4,343.05 671.56 629.41 450.00 -246.94 -0.52 -517.01 645.90 550.00 585.46 14.49 635.10 795.37 193.96 -106.90 -1,238.28
INT057 20.75 52.37 8.13 80.91 4,651.54 -407.62 3,605.01 1,382.22 -0.12 450.02 4,429.01 568.76 520.29 -543.77 837.72 949.87 450.00 0.00 6.26 -103.19 278.69 -557.41 94.12 612.62 459.31 1,047.12 -295.00 453.87 -473.83
INT058 4.56 95.29 -6.33 5,999.00 -327.46 1,341.38 1,759.40 3.44 -149.55 2,699.26 144.00 560.59 3,744.48 816.24 10.15 36.74 5.52 -110.56 53.25 539.83 96.98 -1,349.48 927.18 -600.00 453.87 -1,817.16
INT059 -326.42 192.23 -1,570.65 1,378.07 0.40 0.00 451.14 0.03 -1,438.80 745.73 32.58 545.31 2,558.31 529.44 -2,465.19 -2.69 2.46 5.03 3.97 190.00 827.46 539.83 72.30 -1,455.96 642.02 453.87 -3,594.50
INT060 -37.91 -5,292.64 -4,409.81 2,251.85 0.19 5,936.47 757.99 -13.67 1.71 0.12 746.43 116.34 522.28 1,498.49 601.45 -349.69 12.08 0.20 2.26 21.65 -0.82 1,425.89 539.83 -146.87 -4,424.96 212.44 -8.27 453.87 -2,953.69
INT061 450.00 -460.09 -2,196.38 -2,121.05 854.05 0.50 930.09 201.95 -65.88 -21.57 -2,031.46 737.19 -909.60 -2,511.68 -89.89 709.09 1,200.97 -957.02 -112.75 5.01 3,438.11 3,456.59 -1,471.79 -378.92 201.73 1.74 450.20 -1,545.41
INT062 450.00 -2,148.12 -286.14 -1,014.31 768.25 32.66 190.00 -22.48 -49.89 -3,013.41 290.93 -23.21 6.66 4,828.53 798.11 -304.51 -223.09 -37.09 0.71 -47.29 2.29 5,402.27 5,469.44 7.59 -145.62 281.85 511.00 450.20 -802.82
INT063 450.00 12.29 90.10 1,398.20 5,081.59 190.00 -191.66 4.01 -1,491.89 298.51 39.88 -3,441.31 4.92 5,999.00 585.32 450.00 13.54 9.91 1.67 0.28 715.02 6,724.91 5,999.00 86.66 -370.89 43.07 450.20 31.57
INT064 565.73 -93.61 7.21 -15.01 766.14 3,731.06 167.97 -170.06 450.09 -669.59 761.06 190.56 11.71 5,434.91 811.95 450.00 490.85 0.53 211.43 0.25 7,001.00 5,999.00 28.68 -319.43 12.14 28.85 450.20 450.74
INT065 5,012.54 6.99 -451.68 262.54 194.79 -5,185.13 -21.46 837.31 248.00 878.08 448.02 450.00 686.09 -1,911.20 -3,058.36 6,403.64 818.39 51.55 0.06 -41.02 -552.83
INT066 1,033.92 1.17 134.14 376.66 845.83 -858.78 -2,831.49 -1,032.38 332.96 91.72 4.85 5,219.26 465.08 450.00 780.01 95.50 -3,158.54 3,479.22 627.26 94.97 664.89 -108.79 31.00
INT067 2,375.18 75.81 -10.22 450.00 397.19 1,367.59 0.30 28.54 113.06 -118.46 1,136.23 198.84 5.19 5,594.55 537.67 450.00 595.38 16.65 101.22 0.38 71.90 3,887.24 513.85 525.90 550.00 -222.45 -14.75 284.62
INT068 4,958.33 -52.74 656.39 5,329.96 3,956.11 -2,537.92 0.30 701.10 190.10 -5,016.66 1,277.57 235.19 6,880.43 455.05 484.23 595.18 -763.35 43.41 0.30 4,383.03 515.21 525.90 550.00 -8.23 -32.90 189.23
INT069 729.52 -4,666.80 7.08 2,686.37 965.43 390.00 -2,116.60 361.00 -3,587.75 -5,819.99 -5,541.36 -5,426.35 1,063.95 607.45 451.56 1,066.10 13.41 0.40 99.45 2,425.65 601.03 741.34 2.32 550.00 191.04 -2,710.95
INT070 2,323.44 -353.12 13.30 515.47 900.00 373.66 -38.31 69.31 -5,464.37 -5,641.97 370.83 -1,065.61 920.54 558.91 555.79 813.86 3,548.61 127.67 1,351.29 500.18 745.53 4.81 831.62 222.76 -5,570.66
INT071 1,455.65 -20.07 -66.54 456.27 972.09 2,463.68 -323.43 2,440.14 818.59 -294.24 -5,828.63 388.04 1.64 -807.27 1,076.28 575.56 958.67 809.95 27.13 3,948.34 727.01 751.21 1,239.83 743.63 1,148.38 275.72 -563.54
INT072 2,320.45 1,394.54 1,134.84 466.94 1,147.43 4,894.88 -201.48 4,506.17 4,615.39 240.61 -28.21 375.68 1.00 0.10 1,317.06 522.87 648.90 867.55 255.25 190.08 963.72 715.91 755.13 2,088.73 748.27 550.00 3,399.02 1,356.43 -2.92 -305.83
INT073 58.66 9.58 -895.77 -73.65 157.71 4,284.55 -215.42 -6,646.14 16.45 -3,801.88 -2,943.85 4.59 13,176.26 0.74 933.41 809.80 123.08 1,220.22 2,302.16 1,011.81 13.08 -5,433.03 -2,314.37
INT074 1,165.54 -38.19 -243.44 164.96 -4,612.48 -164.26 3,243.52 249.30 -7,001.00 11.15 550.00 579.31 66.01 211.86 378.89 966.00 1,602.79 238.22 634.37 939.30 -6,380.90 1,005.71 190.81 -224.39
INT075 1,183.41 1,559.48 1,165.67 927.94 -5,607.03 -288.97 1.00 858.83 1,462.33 924.48 4,187.39 1,045.44 1,775.11 106.79 3,353.70 955.74 70.29 538.58 944.11 -125.94 1,009.61 835.42
INT076 2,501.30 1,529.60 4,492.52 -901.34 1,611.39 1,025.56 915.68 226.00 190.00 984.46 3,188.65 5,571.28 990.86 2,107.77 367.62 5,835.74 937.17 98.52 1,038.18 1,631.25 138.17 1,009.95 2,283.94 0.10
INT077 57.58 -2,823.36 15.89 -130.92 6.78 -1,566.24 -101.99 -1,965.39 1,349.99 243.09 -4,304.02 -441.96 -746.69 1,337.02 -3,853.38 827.78 59.44 -1,154.52 -170.98 101.55
INT078 1,738.42 160.79 37.40 20.37 966.23 269.13 2,852.77 133.52 108.48 899.96 166.46 3,122.82 1,704.14 257.08 -3,850.20 3,501.87 88.15 2.97 1,081.36 4.72 793.71 133.45 74.87 3,064.52 102.41
INT079 4,811.46 948.23 119.11 -52.75 1,906.80 409.28 2,780.71 268.15 1,546.55 3,082.74 147.88 1,150.49 6.08 1,260.13 4,527.93 5,745.96 5,751.71 4,422.82 290.10 1,476.10 2.78 2,215.01 1,979.70 262.20 120.80 1,437.83
INT080 3,084.20 3,054.42 856.71 865.10 -130.05 1,435.46 398.77 1,228.79 201.00 947.69 369.07 5,507.40 101.52 1,162.50 1,192.88 5,563.15 6,702.08 7,001.00 2,324.86 153.72 7,001.00 1,086.05 0.68 1,848.42 5,318.14 889.98 870.31 900.00
INT081 1,041.74 66.79 -456.47 3,656.32 325.65 926.25 296.34 1,007.90 229.00 -29.42 -4,704.73 894.32 1,362.13 1,615.58 1,858.12 1,310.83 207.96 6,987.56 -616.29 -1,473.13 952.28 1,237.79 -3,723.49 831.36 -982.18
INT082 3,534.31 249.66 909.57 1,249.86 308.38 877.18 309.07 1,079.44 289.54 1,487.05 267.52 -3,063.20 1,446.95 1,590.94 1,214.85 2,296.40 1,935.46 256.21 6,106.00 -854.29 8.36 1,146.85 1,228.39 214.49 1,101.76 -2,264.08
INT083 2,894.57 1,103.99 179.80 931.13 1,199.80 368.76 3,684.14 154.39 1,503.32 134.82 1,098.35 1,238.39 3,785.46 1,981.06 4,120.69 254.26 7,001.00 -1,676.91 0.83 1,107.57 1,238.72 196.39 -4.31 985.59 143.07
INT084 3,880.15 6,556.39 23.18 4,651.83 1,116.18 4,939.68 187.30 381.90 6,275.27 1,796.51 1,292.98 1,281.45 1,166.22 6,746.61 4,809.96 1,494.15 5,999.00 253.95 4,146.33 -42.23 1,683.66 1,229.08 894.71 1,080.80 995.23
INT085 1,503.33 1,215.77 43.71 2,205.70 1,711.33 1,120.75 398.58 2,060.14 -308.28 2,302.78 2,700.98 2,149.42 900.63 4,316.96 3,501.93 49.34 1,637.60 3,994.78 1,744.19 -23.57 1,028.53 1,609.36 2,021.68 889.18 900.28 998.47 61.91
INT086 1,267.80 1,179.31 236.77 4,243.03 899.99 227.95 5,437.82 2,861.02 6,253.31 2,949.27 898.71 3,759.98 154.62 5,194.38 1,805.90 -233.78 1,079.28 6,738.35 5,999.00 899.75 975.83 809.32
INT087 1,318.30 1,075.71 313.02 1,222.51 900.00 276.86 369.58 390.53 285.37 4,977.85 9,635.58 2,014.16 2,859.86 5,199.72 316.87 2,984.86 246.50 -4,014.84 5,962.57 251.05 234.78 -386.70 1,004.66 5,186.20 5,999.00 368.16 1,112.31 898.74 1,474.86
INT088 1,362.88 201.90 306.39 980.93 20.35 167.57 189.63 351.78 373.68 2,133.18 1,661.93 2,111.65 4,592.73 2,432.34 239.18 -3,160.20 1,846.12 20.08 -78.88 5,806.30 27.15 196.30 220.75 9.60 1,330.62 3,699.50 4,946.54 1,196.48 1,016.58
INT089 3,149.97 5,962.95 964.65 19.16 1,147.57 6,937.06 957.10 1,284.90 3,719.26 931.87 1,042.37 2,709.68 3,326.19 1,061.96 5,999.00 1,165.51 99.80 862.41 1,445.57 3,873.31 4,392.94 2,233.70 4,243.73 3,936.23 5,078.97
INT090 1,892.00 3,002.77 22.09 968.37 55.43 227.48 260.33 253.18 4,817.22 756.35 1,273.30 1,226.22 1,172.37 333.06 1,710.98 44.36 5,564.12 1,000.68 25.09 234.27 -401.18 1,016.13 1,273.58 6,546.68 948.25 1,312.56 1,975.15 1,362.37
INT091 1,137.20 247.90 -14.08 1,115.97 -3,041.85 -2,995.03 181.28 202.15 247.68 1,078.66 700.00 700.00 48.42 366.65 3,904.42 114.46 948.95 2,331.08 147.00 235.89 -35.48 1,010.10 6,938.04 1,016.42 3,624.81 1,413.65
INT092 1,968.88 -3,981.19 179.29 1,671.77 -3,667.13 -2,940.65 22.02 -870.51 305.54 730.97 58.64 -4,795.28 -1,833.13 -2,849.86 1,667.92 82.43 757.43 898.02 -2,502.14 150.08 -44.64 2,140.79 -354.81 4,614.73 84.14 865.68 2,140.68 1,920.92
INT093 3,288.74 950.96 879.58 936.76 -453.09 973.70 1,256.17 6,656.63 1,054.45 4,541.95 1,380.35 -1,742.09 -167.29 4,293.94 9,813.19 3,419.22 1,110.42 4,923.93 3,981.13 21.96 2,055.05 915.87 4,132.35 1,022.14 2,368.67 1,062.60 1,989.99
INT094 942.26 102.84 983.61 251.48 4,706.43 779.97 1,169.49 1,059.07 -3,626.66 87.78 9,999.00 4,821.25 14.01 846.00 840.79 -47.70 1,403.94 2.64 650.00 86.32 1,965.79 894.00 1,075.71 1,096.47
INT095 1,863.50 321.24 61.47 1,803.26 914.15 242.43 -82.37 -492.63 324.38 900.32 839.86 889.51 -1,029.87 145.74 1,008.89 9,999.00 5,346.54 -542.91 1,010.04 1,069.30 -111.22 877.86 -3,326.05 650.00 67.24 946.15 45.99 848.27 1,752.08 1,103.41
INT096 194.47 48.50 -2,182.21 4.28 -478.72 -215.31 135.59 -1,421.29 160.43 7,001.00 5,999.00 -32.32 720.30 848.91 -75.42 917.17 -4,499.00 650.00 -887.69 65.63 839.27 695.24 1,192.98
Pret Final Unic din luna Mai 2025
1/1