PDF PAGE 1
Data: 16.04.2025
lei/MWh
Interval/Data 01.02.2025 02.02.2025 03.02.2025 04.02.2025 05.02.2025 06.02.2025 07.02.2025 08.02.2025 09.02.2025 10.02.2025 11.02.2025 12.02.2025 13.02.2025 14.02.2025 15.02.2025 16.02.2025 17.02.2025 18.02.2025 19.02.2025 20.02.2025 21.02.2025 22.02.2025 23.02.2025 24.02.2025 25.02.2025 26.02.2025 27.02.2025 28.02.2025
INT001 -408.50 373.52 995.49
INT002 398.22 355.47 910.84
INT003 700.00 406.63 322.35 872.58 876.69
INT004 121.65 1,270.68 190.42 372.29 874.49 901.76 194.25
INT005 992.94 539.21 418.52 487.54
INT006 894.80 376.38 364.11
INT007 999.64 385.96 978.56 198.22 997.42 450.70
INT008 897.40 169.71 141.27
INT009 840.00 379.79 415.61 1,000.00
INT010 750.00 380.41 174.69 182.19
INT011 945.18 154.67 876.51 840.00 382.06
INT012 872.70 524.19
INT013 1,078.54 324.80
INT014 163.18 184.41
INT015 225.97 280.50
INT016 168.57 171.02 451.42 174.63 660.00
INT017 700.00 113.41 888.18 997.34 549.84 391.56
INT018 982.36 192.95 682.50 795.00
INT019 398.43 279.40 201.71 997.32
INT020 249.88 342.30
INT021 799.00 479.66 712.26 391.26 977.60
INT022 266.98 956.46 174.93 1,093.99 1,119.22
INT023 365.41 290.48 900.48 999.50 999.42 1,149.13
INT024 364.96 120.85 303.70 317.59
INT025 1,165.63 1,965.22
INT026 112.97 458.55 386.90
INT027 333.74 886.48 1,069.08 991.05 510.64 3,794.35 899.43
INT028 367.96 172.76 340.61 -504.67
INT029 936.27 993.85 1,065.14 899.72
INT030 17.77 990.50 971.06 450.56 60.75 893.15
INT031 1,029.88 1,230.40
INT032 998.01 309.72 1,022.46
INT033 1,001.31 927.04 421.86 989.48 1,305.55 1,901.24 921.46 248.16
INT034 993.59
INT035 576.05
INT036 658.97 481.72 2,458.99 521.13 437.89 706.09 187.15
INT037 955.77 67.06 390.33 993.78
INT038 1,521.94 921.06 341.80 200.65 1,003.11 385.13 864.36 465.44
INT039 6,489.84 145.76 419.44
INT040 1,999.89 1,135.27 1,336.15 3,119.26 400.90
INT041 395.19 1,304.96 146.93 5,287.22 1,416.43 1,165.05
INT042 899.19 1,515.33
INT043 170.60 69.02 1,177.89
INT044 2,772.09 669.87 847.25 1,044.50 796.71 1,936.07 329.06 399.28 196.58
INT045 1,623.60 496.37 316.24 729.64 39.40
INT046 932.75 327.76 -420.51 96.34
INT047 963.36 695.99 1,192.26 158.58 192.48 538.31 79.21 1,124.91
INT048 841.09 184.63 25.99 162.49 314.76 848.79 1,257.38
INT049 686.44 935.66 266.47 200.18 627.35 290.21
INT050 284.26 309.72 404.37
INT051 352.99
INT052 1,285.50 336.67 840.00 741.95 379.57
INT053 1,263.64 870.19 444.19 252.84 509.91
INT054 1,409.55 210.59 434.60 223.06
INT055 5.51 181.75 708.61
INT056 4,123.79 70.96 168.42
INT057 4,305.37 163.95 163.35 153.40 819.08
INT058 3,556.94 175.96 183.38 5,928.51 387.75 3,980.99 163.19 369.82
INT059 133.97 272.30 170.01 829.32 248.87 458.77
INT060 112.83 456.23 1,055.95 90.99 1,163.78 246.91
INT061 363.06 1,068.16 246.08
INT062 157.19 891.32 840.00 461.25
INT063 180.58 331.78 3,809.00 1,091.03 3,397.29 3,946.79 500.11
INT064 131.28 96.63 1,694.49 5,714.34 261.27 1,680.93 5,774.42 5,588.28 5,504.87
INT065 966.64 473.08 443.13
INT066 282.95 6,626.84 3,383.07 125.74 453.04 6,198.03
INT067 995.02 1,764.27 3,640.02 2,926.42 417.84 899.70 1,297.02 4,592.95 578.33 4,041.25
INT068 5,398.74 4,157.71 6,357.80 410.23 383.52 903.80 486.03 3,652.10 1,082.14
INT069 990.19 1,666.75 1,301.87 1,171.79
INT070 1,572.83 491.80
INT071 569.89 598.86 445.10 410.41 517.65 538.80
INT072 996.68 1,021.50
INT073 998.05 418.79 894.89 1,447.08 996.88
INT074 983.99 396.34 736.31 3,244.14 986.13
INT075 387.57 998.98 899.13 2,200.49
INT076 888.48 1,079.83 489.16 755.37
INT077 470.75 356.74 368.28 840.86 536.29 5,741.30 1,567.31
INT078 998.74 384.79 331.96 393.32 897.10 518.87 1,467.84
INT079 997.27 935.12 454.94 895.76 386.49 1,159.23
INT080 203.30 338.04 917.95 887.28 425.00 1,069.60
INT081 344.29 20.05
INT082 254.94 367.27 1,335.34 898.07 898.64 365.41
INT083 443.21 195.58 387.78
INT084 462.00 886.67 883.68 912.52 877.75
INT085 898.69 898.74 282.07
INT086 418.71 995.88 390.30 399.88 375.76
INT087 988.77 337.42 413.04 840.00
INT088 982.42 972.91 896.23 840.00 1,236.29
INT089 1,329.07 -196.67
INT090 999.28 422.74 1,181.91 1,097.59 997.17
INT091 241.36 995.19 866.78 897.38 856.00 112.43 350.61
INT092 998.29 893.01 899.00 297.63 323.48 890.58 895.56 227.55
INT093 181.36 993.50 998.34
INT094 800.00 996.56
INT095 990.78 901.33 617.83 800.00 852.00
INT096 840.00 997.05 524.08 180.69
Pret final de deficit din luna Februarie 2025