PDF PAGE 1
Data: 28.08.2026
lei/MWh
Interval/Data 01.08.2025 02.08.2025 03.08.2025 04.08.2025 05.08.2025 06.08.2025 07.08.2025 08.08.2025 09.08.2025 10.08.2025 11.08.2025 12.08.2025 13.08.2025 14.08.2025 15.08.2025 16.08.2025 17.08.2025 18.08.2025 19.08.2025 20.08.2025 21.08.2025 22.08.2025 23.08.2025 24.08.2025 25.08.2025 26.08.2025 27.08.2025 28.08.2025 29.08.2025 30.08.2025 31.08.2025
INT001 888.42 219.89 94.30 -3,598.76 699.22 6,099.14 50.95 -339.06 78.72 697.67 243.75 696.27 265.82 -153.37 199.39 -49.33 39.61 215.65 787.52 126.65 190.02 96.19
INT002 781.21 750.54 244.49 693.24 -4,857.96 751.67 694.67 153.22 165.45 -409.29 244.50 699.99 -130.86 620.25 59.54 902.74 275.08 258.82
INT003 284.01 193.16 -1,079.22 646.00 699.17 858.78 -94.84 182.94 16.65 268.00 207.35 131.09 173.62 13.94 698.96 291.74 699.22 197.77 343.14
INT004 699.78 -809.48 146.50 -97.31 290.77 698.21 688.35 -431.15 150.39 646.00 -59.08 205.45 -5,473.23 39.17 88.28 -97.97 659.40 697.65 815.80 10.63
INT005 850.57 1,348.19 -340.50 186.71 6,402.30 682.65 192.14 356.75 4,090.28 190.49 247.91 699.69 226.02 13.14 16.52 213.59 2,041.62 61.01 613.00 -1,395.18 632.64 -125.20 -158.22 173.19 186.84 172.64 699.97 821.55 155.99
INT006 3,957.32 699.90 698.57 181.39 -30.61 3,967.11 -414.50 171.62 282.81 691.12 699.52 196.99 290.99 701.04 413.99 -115.09 247.04 252.45 5,328.69 348.94 613.49 -20.21 475.00 -50.24 -128.47 321.98 196.13 205.08 700.00 901.91 239.81
INT007 699.79 698.62 117.88 -500.00 692.13 -4,620.75 214.41 684.18 696.33 189.72 699.18 3,256.39 321.49 -96.09 198.27 3,890.20 266.88 650.04 105.83 90.26 76.47 188.76 287.22 700.00 1,520.74 349.76
INT008 699.33 -2,782.93 1,106.11 224.81 643.37 646.00 10.83 687.02 699.63 154.25 -29.90 196.86 2,281.22 -1,141.97 569.00 118.69 -13.10 109.42 136.12 269.40 697.28 700.00 4,216.42 37.90
INT009 816.99 829.73 3,384.27 258.22 -3,807.82 6,277.20 2,957.12 345.90 225.15 313.46 888.18 179.67 690.36 363.04 89.84 187.26 219.85 7,264.44 -477.06 681.58 697.39 97.66 210.33 328.53 378.92 807.85 236.13
INT010 699.83 1,063.71 -4,999.00 6,499.00 1,137.56 222.83 230.52 133.25 173.59 420.00 125.51 120.64 222.97 2,239.86 318.33 693.73 693.84 110.36 420.00 407.12 699.44 166.88
INT011 699.00 699.60 -168.37 6,175.11 923.08 582.00 335.98 214.85 195.38 140.71 286.60 125.67 188.29 205.45 872.12 -133.52 646.89 40.95 694.78 110.82 600.00 235.12 246.55 244.78 699.00 263.37
INT012 344.08 699.00 698.81 -19.23 1,184.55 893.33 307.27 642.00 209.05 -200.70 157.75 146.17 166.72 968.14 -3,061.17 683.18 201.53 695.70 112.68 633.73 141.38 699.49
INT013 764.58 2,458.01 201.18 -10.22 300.80 4,636.45 176.62 328.77 180.00 113.90 373.97 646.00 201.72 208.21 239.18 -214.43 322.94 692.58 653.60 95.04 173.16 232.67 221.83 781.10 157.41
INT014 699.88 699.47 -1.27 -302.88 1,593.03 -130.94 251.01 -113.77 -174.22 364.48 229.66 206.08 256.31 4.34 699.28 145.64 645.27 599.65 108.01 166.09 167.30 724.32
INT015 367.36 699.00 1,965.32 575.00 987.10 148.02 294.65 208.80 -151.96 -427.64 347.05 195.56 228.58 222.98 420.00 1.85 699.37 133.09 670.62 617.45 86.15 224.76 230.91 -119.48 699.79
INT016 3,910.03 575.00 -77.26 1,074.05 -986.16 124.22 -981.98 252.27 330.99 69.72 196.00 189.04 140.21 420.00 1.23 700.00 146.23 643.54 688.45 97.68 190.00 211.12 -87.24 699.98 338.89
INT017 699.88 6,390.99 578.50 -343.54 699.98 855.34 -432.86 343.61 324.09 137.33 -211.80 248.76 389.98 161.72 14.47 355.54 -96.17 697.73 119.56 199.88 73.31 173.77 136.68 302.09 223.63 734.24 59.85
INT018 699.43 799.47 546.00 -185.46 655.48 855.04 184.78 195.91 -109.45 404.00 582.00 2.35 -236.72 -82.00 927.59 144.13 836.02 230.88 67.02 184.22 202.22 204.23 772.26
INT019 699.74 801.83 8.26 698.09 853.95 245.71 88.87 613.00 -1,000.02 259.49 691.76 2.33 89.82 -566.30 4,526.92 151.45 164.38 241.91 206.42 783.22 117.12
INT020 699.84 801.81 -122.61 699.85 648.22 266.38 212.54 199.39 393.38 225.15 196.98 21.43 319.39 -495.25 2,726.02 180.68 -79.87 -526.75 216.52 202.40 -81.44 788.41
INT021 420.01 787.30 129.38 -187.86 793.20 646.00 168.10 314.11 190.09 280.38 420.00 249.61 230.37 47.34 334.63 -825.70 93.26 345.52 339.79 67.90 219.38 194.02 85.40 175.93 699.16
INT022 210.94 790.35 98.58 -57.97 711.07 873.21 125.78 361.28 168.64 154.72 659.34 420.00 143.57 209.91 58.71 404.91 213.12 292.24 296.64 84.39 -185.87 199.17 175.16 699.91 815.58
INT023 -4,086.86 895.04 107.76 47.33 2,751.70 870.17 219.81 383.77 190.00 2,237.95 80.87 141.19 289.98 121.26 34.07 420.00 269.77 200.40 201.40 -454.12 189.04 167.02 765.58 1,000.00
INT024 -4,999.08 863.34 196.65 6,095.57 873.46 233.68 250.24 5,517.43 190.06 740.44 201.17 233.05 170.59 5.94 420.00 211.70 333.09 259.23 697.39 699.45 715.79 946.76
INT025 -672.65 1,245.15 209.85 788.17 183.62 552.00 -243.14 193.05 830.69 334.16 214.86 19.22 359.80 673.85 146.65 211.37 780.55 129.26 733.09 799.39
INT026 0.25 1,844.67 212.38 312.70 678.29 141.46 694.83 160.85 699.77 239.21 235.54 171.78 14.93 357.79 559.89 332.82 259.11 266.61 715.13 157.65 699.73 755.65
INT027 4.09 492.00 202.48 691.36 142.16 698.89 198.58 5,413.60 183.41 163.66 700.00 396.82 267.19 241.20 33.35 296.08 411.34 -480.07 236.58 699.32 192.34 699.85 791.50
INT028 -1,160.67 264.74 74.92 97.86 211.71 4,349.06 277.50 133.56 821.82 278.76 320.66 226.57 -19.63 198.16 297.43 689.37 350.86 230.06 48.19 1,062.44 26.74 785.47 799.95
INT029 -163.46 261.17 -487.10 -2,392.47 698.81 193.86 693.16 -3,159.83 618.59 795.67 -1,976.01 301.33 380.92 853.81 692.94 -2,764.84 688.49 -2,411.06 780.21 699.83 -228.00 906.56 877.61
INT030 699.89 -107.97 270.55 475.00 237.47 -2,671.85 646.00 163.54 659.68 -73.58 646.00 787.49 215.70 184.15 13.40 147.55 276.02 692.12 689.69 -4,803.71 642.88 172.01 724.78 699.67 876.68 814.78
INT031 699.77 -33.37 259.76 657.53 30.42 646.00 263.38 646.00 151.91 547.35 700.00 264.89 86.11 12.27 277.45 643.90 698.33 -4,999.00 603.08 209.91 699.88 699.00 804.05 801.01
INT032 116.49 -41.06 253.39 675.14 241.53 697.37 672.04 646.00 699.96 699.72 33.73 -90.49 284.85 644.31 700.00 -3,330.45 -2,672.52 346.71 699.85 344.50 783.20 88.91
INT033 -196.48 681.64 252.79 692.70 741.67 740.87 791.56 1,873.60 1,066.47 4,360.72 409.00 6,233.19 641.04 -108.41 346.32 316.64 698.22 -12.31 252.05 211.51 643.93 699.84 699.00 354.04 4,865.00 88.26
INT034 -324.79 699.12 687.83 387.73 112.85 662.57 696.78 688.48 687.41 808.08 -925.79 813.50 694.57 322.79 6,127.55 51.73 -244.82 -53.02 640.35 692.28 -37.64 -21.88 86.86 387.39 699.40 4,352.10 142.53
INT035 -3,863.58 699.00 -1,040.25 304.55 286.22 -1,107.96 15.40 646.00 645.36 606.00 810.32 -774.32 694.39 287.68 260.29 6,344.90 -27.12 -1,566.92 228.43 645.74 367.00 -1,703.54 372.37 316.94 721.27 166.88
INT036 -10,471.12 -1,747.65 -3,509.53 -158.68 -375.95 646.00 192.05 1,500.53 -5,402.47 646.00 374.34 92.35 680.81 -4,662.59 -1,521.74 247.98 274.96 -361.02 -3,381.07 122.59 286.24 -1,130.63 214.09
INT037 -904.41 557.55 -885.08 191.55 2,575.69 160.34 697.91 681.63 529.55 -9.96 5,317.57 -135.91 344.83 3,900.36 -1,943.97 238.45 688.75 766.81 -1,261.22 1,066.89 -3,194.51 385.12 2,431.06 289.64 563.16
INT038 699.00 506.76 698.00 192.93 550.40 -296.38 698.97 665.40 533.31 1,134.25 288.06 344.17 102.90 204.14 765.11 -3,421.81 369.27 769.10 724.59 643.41 220.56 420.00 -3,035.75 699.00 563.16
INT039 -1,183.45 697.37 -1,267.15 698.00 -447.33 212.82 559.67 -171.57 691.29 -3,104.43 674.84 -21.32 420.00 63.20 736.19 -4,294.96 387.91 682.59 747.37 645.48 -2,540.36 -4,999.00 253.21 -1,888.39 -7,366.42 699.66 563.16
INT040 -1,336.65 752.23 -2,950.22 698.00 -209.59 183.65 412.19 91.46 -235.03 558.36 -8,134.84 -252.68 118.05 0.94 151.00 657.65 -879.37 644.33 705.97 645.14 -1,139.85 -5,281.27 -778.98 -4,991.54 699.00 563.16
INT041 698.00 5,343.70 673.43 614.00 -24.86 668.06 19.79 -3,350.73 646.97 230.51 2,320.42 -2,132.90 -425.85 -1,471.64 113.64 646.00 9.83 193.32 727.37 4,138.04 658.21 457.66 170.53 45.58 31.88 736.99 18.10 179.77 4,744.96
INT042 137.82 797.67 730.60 614.00 -48.43 621.37 -51.12 649.89 683.51 -245.30 38.73 -997.58 336.37 65.65 646.00 -57.49 20.92 724.17 5,020.32 657.29 139.73 -1,202.04 12.98 -73.78 229.10 492.27
INT043 134.31 683.54 509.45 614.00 582.00 -9.89 539.12 604.25 -500.77 219.59 -59.87 652.12 24.27 518.97 646.00 -167.01 -88.80 690.37 707.95 680.47 22.74 74.25 28.14 -70.71 699.09 473.11
INT044 699.00 454.88 614.00 -114.63 582.00 -2,568.83 -99.96 595.38 -2,092.61 514.88 -2,039.65 199.22 24.31 24.28 524.94 247.47 -140.89 645.82 550.22 644.48 -2,132.31 61.36 -103.18 4,827.85 658.78
INT045 34.61 699.82 190.00 -220.53 534.02 1.10 569.35 450.00 729.80 14.09 597.51 620.96 550.00 487.71 -837.77 3,005.31 511.05 488.59 -1,994.85 125.17 20.33 543.89 2,699.67 4,738.29
INT046 81.47 745.27 -13.10 191.14 -209.90 450.06 585.62 -112.42 559.51 625.68 -249.95 550.00 582.73 550.00 487.71 699.77 510.49 488.59 0.01 6,786.23 2.20 17.58 3,859.25 722.20
INT047 87.25 550.00 129.59 570.00 -1,895.26 -5,351.41 556.70 31.53 588.67 525.38 504.00 50.14 527.74 51.39 537.10 733.65 510.49 488.59 -2,125.77 5,865.12 696.38 45.87 651.18 531.73
INT048 550.00 -1,463.92 570.00 -624.23 -4,322.16 -5,620.06 475.00 530.23 492.77 527.77 6.26 514.77 31.65 109.47 487.71 8.93 1,045.17 510.49 488.59 -4,732.25 -2,173.62 665.20 0.06 720.67 525.93
INT049 51.82 579.01 450.00 207.56 -44.80 -2,914.12 -6,949.19 -21.15 556.37 613.40 -46.13 -179.29 45.90 633.39 465.19 651.91 451.99 5,743.49 1,951.84 -23.04 550.00 81.72 0.17 -85.76 642.01
INT050 31.50 550.00 196.71 -1,720.85 -4,992.22 475.84 627.29 -45.24 -287.59 550.00 824.96 465.19 633.29 528.13 8.68 0.28 2,584.18 3,066.85 86.26 59.59 41.19 0.07 -90.39 254.21 781.40
INT051 109.14 550.00 505.00 -33.09 100.87 3.55 8.58 601.24 832.36 27.85 0.09 699.13 3,524.86 -293.27 0.12 52.97 5.31 0.03 -94.53 169.56 471.60
INT052 96.27 619.19 450.00 571.42 -2,232.95 -575.51 -1,328.98 2.88 555.23 -1,872.59 -1,302.81 39.55 623.36 -1,131.49 198.74 -3,402.86 31.29 0.76 699.97 2,957.60 0.00 -3,836.93 0.03 0.06 -94.10
INT053 112.62 666.96 450.00 45.18 -800.22 -911.29 -4,730.56 -191.01 515.20 257.23 323.35 628.43 668.63 -4,660.37 2.08 -4,999.20 0.14 -54.39 27.15
INT054 104.78 550.00 450.00 26.66 -148.69 -3,949.81 -4,999.00 -4,822.51 -174.10 61.59 450.41 65.02 384.54 23.85 544.53 675.67 -2,641.82 141.51 -1,514.63 -5,416.19 -649.48 0.05 -50.40 -14.15 475.90
INT055 98.14 550.00 450.00 86.96 -25.76 -104.00 -2,273.55 -4,999.37 -2,854.47 20.19 -395.84 569.47 194.17 -163.28 549.88 192.63 -51.29 -4,999.12 -4,315.18 0.00 -2,271.68 -61.60 -51.23
INT056 101.05 550.00 450.00 420.61 581.95 641.09 -346.02 -1,828.43 -4,999.00 -0.21 -1,990.67 44.09 158.14 313.99 450.04 -162.67 6.07 597.13 644.20 -3,282.56 -5,815.41 -1,745.78 12.75 -2,020.43 -68.12 17.18
INT057 -398.52 102.67 -1,243.74 562.56 792.49 699.85 234.00 -2,689.90 115.47 -151.21 -4,999.00 -41.17 -1,180.21 78.58 136.76 -107.18 672.12 190.48 645.84 -130.00 -1,274.05 -2,339.29 -2,627.20 24.62 -62.62 177.30 159.46
INT058 77.79 550.00 -418.11 299.35 863.32 611.65 234.00 -55.47 -2,676.79 465.21 -257.39 56.02 -770.83 -2,481.33 1.10 -371.68 61.53 -168.51 -5,611.00 -159.19 24.47 22.08 10.22 -55.55 8.82 234.40
INT059 36.89 550.00 271.00 1,145.73 474.94 -44.94 200.44 -1,105.49 -2,358.06 465.21 -89.55 87.89 -1,428.55 -464.30 450.00 -3,720.58 175.79 -4,829.81 114.51 -359.11 -1,291.01 -127.64 475.00 71.29 0.24 -40.19 91.20
INT060 128.90 271.00 696.36 -700.74 -2,495.96 -4,019.36 64.17 200.62 -2,640.57 465.21 29.90 547.87 123.30 450.00 166.59 -3,552.78 46.63 -245.79 -2,420.36 -128.49 -2,724.86 18.86 14.34 -80.52 433.43 63.87
INT061 -4,617.42 208.54 309.61 -172.56 -24,976.53 9,317.75 -1,122.54 -116.01 -22.05 -764.75 178.90 518.41 135.90 450.00 -2,616.39 -3,870.77 624.20 -1,851.06 -1,408.24 -2,558.08 -4,999.15 -1,113.68 4.73 -86.24 464.87 40.03
INT062 -4,999.00 550.00 193.20 244.43 490.98 250.00 -94.80 -3,979.67 -26.72 574.93 475.00 190.00 450.00 581.29 -4,896.95 304.63 -182.30 95.70 -2,333.45 475.00 0.93 -93.24 435.09 -4,144.03
INT063 -2,027.63 615.43 160.55 452.33 682.66 4,292.26 -280.79 340.86 450.00 -1,091.99 621.63 532.34 191.08 531.46 450.00 -165.00 675.58 -3,110.53 300.23 -342.11 -1,066.78 475.00 12.19 36.27 -66.11 562.51 -4,999.81
INT064 -654.37 550.00 253.00 648.51 1,526.00 -245.60 372.53 516.66 -3,421.73 -2.08 621.65 626.77 175.38 522.00 283.62 159.77 628.79 268.19 -630.99 452.06 -242.89 28.97 8.24 -165.00 475.02 -87.82 777.57 -4,999.97
INT065 -3,217.63 176.11 -389.34 -141.37 -125.13 356.38 484.30 -16,778.95 190.20 478.00 -2,708.50 522.00 -42.18 262.92 -27,144.81 -4,041.71 253.50 -2,817.01 -4,829.95 50.20 -2,130.13
INT066 -19.45 -3,345.95 -834.01 -9,469.83 5,878.72 -202.83 622.56 -280.45 671.32 625.50 -1,853.32 522.00 -243.96 174.46 -45.67 190.69 692.59 -105.68 -4,063.81 -3,229.43 -573.89 64.87 0.50 632.90 -118.22
INT067 -146.37 -182.96 41.53 -4,899.51 6,752.63 -221.17 55.91 581.78 -7,345.73 557.00 190.25 -1,116.03 257.95 0.40 190.16 770.36 473.66 -3,596.62 -3,757.93 -135.61 185.18 19.38 551.96 -150.62
INT068 167.66 540.14 512.66 110.53 -2,026.21 2,972.65 -166.28 805.13 2,543.65 190.00 70.53 646.49 683.89 369.89 623.28 631.46 604.37 691.67 511.24 27.16 -138.58 -159.10 267.28 25.80 534.06 2,362.59
INT069 160.81 77.81 -3,343.82 17.15 -1,721.02 -4,974.26 81.93 -1,303.87 172.29 855.30 538.79 -4,652.55 -3,020.73 22.60 -5,153.21 475.00 -6,578.75 -6,741.28 69.96 -358.82 183.03 -1,319.06 77.60 4,672.44
INT070 171.93 658.03 655.96 89.53 -1,283.97 628.15 -16.66 190.00 5,970.25 675.20 -46.02 50.43 194.61 1.58 -5,484.28 110.99 684.88 -4,618.04 -5,744.49 475.00 143.77 -722.01 352.13
INT071 182.54 2,792.67 618.61 -155.99 78.72 10.73 687.91 190.00 7,001.00 1,315.95 280.32 52.86 219.89 216.80 -977.64 -101.99 1,289.24 45.79 -109.69 475.00 1.38 174.33 -555.39 381.97 76.30
INT072 372.92 6,435.34 932.09 3,999.64 4,544.56 0.00 670.60 6,742.50 190.00 3,339.09 6,544.99 2,769.20 666.29 5,701.76 131.02 121.14 -194.58 1,382.28 210.52 1,015.09 -338.93 497.59 0.80 597.26 757.53 222.01
INT073 200.00 608.54 -5,871.47 -6,472.12 -4,360.44 -142.32 -104.09 1,109.98 270.09 164.34 181.85 317.60 187.52 -3,058.26 -1,962.57 805.60 -5,397.24 558.70 -1,455.36 390.00 -488.28 0.00 -4,120.56
INT074 817.81 680.64 3,544.27 699.95 -136.00 158.34 -2,741.21 522.50 2,272.15 276.61 475.00 317.04 230.51 26.31 282.08 -360.48 155.95 858.88 -3,795.15 6,193.10 209.56 26.16 753.83 -298.64 199.73 -109.72
INT075 390.00 4,664.03 920.08 3,546.48 74.30 259.53 165.32 855.03 1,726.06 767.17 224.20 259.22 209.15 -207.21 111.53 980.59 -1,806.22 3,606.18 390.00 575.21 914.13 -38.54 210.06
INT076 730.60 6,899.97 4,103.22 768.84 6,649.30 674.53 246.94 2,089.12 5,306.39 6,588.13 3,826.78 2,519.25 6,545.56 644.29 5,997.15 713.38 73.99 94.91 162.44 1,900.71 172.92 1,215.14 192.77 645.42 3,968.25 5,192.35 692.13 3,030.38
INT077 631.32 803.35 700.00 696.88 591.86 -3,138.72 -3,220.40 0.00 5,588.30 269.57 241.72 368.77 220.54 26.63 -2,199.51 92.89 699.92 25,460.87 92.31 989.62 607.16 666.40 682.73 1,472.59 -108.82 272.63 311.11
INT078 937.59 773.18 875.46 704.46 665.01 1.48 220.71 635.08 6,830.47 217.60 121.38 4,220.50 699.92 188.48 970.39 185.24 -3,251.16 700.00 110.09 611.40 1,019.99 666.64 3,807.47 181.59 108.18 316.50
INT079 1,217.58 2,290.03 2,034.86 762.42 -38.26 241.36 3,942.63 3,697.61 289.60 4,528.80 1,761.62 208.85 1,094.89 65.32 -3,565.80 1,004.10 -267.54 -321.76 1,083.12 695.81 4,201.92 -75.82 12.88 335.46
INT080 5,355.19 988.16 3,343.08 6,483.76 1,189.81 1,036.36 4,089.36 718.32 6,724.15 5,794.41 1,272.17 232.43 8.75 922.74 1,121.20 318.23 260.37 319.72 892.95 5,001.69 1,567.00 3,409.32 1.08 313.21
INT081 100.25 223.82 1,707.98 -234.83 295.30 1,651.16 375.42 1,917.90 1,438.29 173.87 941.38 11.96 193.09 722.65 841.30 -198.17 200.38 -1,586.39 553.06 863.94 38.70 68.95 -29.21 222.37
INT082 321.79 192.65 246.45 249.00 915.12 342.79 329.94 1,691.00 356.00 1,664.51 699.98 313.21 969.81 49.10 233.34 514.63 1,023.97 -141.81 281.08 -3,735.34 813.86 1,338.08 700.00 169.55 1.07
INT083 269.58 264.53 2,397.42 1,090.23 230.39 1,285.31 96.52 251.01 1,791.42 383.97 1,692.63 1,190.29 165.19 1,199.81 123.21 251.68 1,053.20 -338.83 620.32 231.83 854.78 1,080.35 1,011.52 3,262.42 184.62 1.54
INT084 270.65 849.40 5,906.74 1,425.04 296.53 3,090.86 3,459.11 1,489.04 390.00 1,165.38 1,689.03 1,235.29 344.35 1,270.31 211.34 50.12 755.05 305.04 1,015.50 31.33 252.02 776.52 1,145.67 1,243.66 1,439.59 1.73
INT085 240.82 740.87 1,517.15 700.00 295.24 1,535.57 5,946.28 1,134.17 1,382.52 2,034.43 699.37 206.97 999.87 367.31 54.40 700.00 951.86 -95.88 136.18 9.28 1,223.06 1,060.78 1,101.53 -538.39
INT086 364.06 700.00 306.56 4,331.92 6,696.95 1,135.95 1,397.16 2,358.12 5,553.09 1,773.78 133.85 992.66 303.43 93.83 251.75 697.00 -1,455.49 -2,868.36 10.41 360.55 978.47 3.26
INT087 757.76 1,237.85 1,843.94 1,667.10 947.66 351.31 106.21 5,181.13 1,903.42 1,806.15 -261.16 -77.49 95.10 214.33 -30.15 126.00 -144.34 -4,148.78 2.99 385.36 387.97 -379.12 34.01 4.32
INT088 700.00 2,272.80 307.79 1,509.17 1,884.93 353.62 -1,715.79 -332.88 1,445.31 2,358.41 -2,116.91 -133.38 31.47 245.61 -1,873.62 262.79 8.46 -3,592.75 3.88 180.77 -388.23 97.56 -1,392.40 267.13 7.48
INT089 1,671.83 1,131.46 1,107.86 962.63 3,524.24 1,154.32 4,645.35 0.00 5,327.38 1,414.52 5,176.87 -349.02 3.10 322.41 -248.28 -5,182.25 1.64 164.26 849.75 -617.37 696.16 -7.64
INT090 1,003.82 158.07 159.13 917.25 2,169.81 2,851.02 1,332.97 391.20 323.44 -926.65 4,808.65 266.95 1,701.31 72.48 -227.55 310.90 -249.66 291.24 -243.41 -5,882.33 -826.63 178.07 658.62 -61.50 -721.39
INT091 183.59 699.97 293.25 126.77 937.80 1,232.28 -2,375.35 2,955.58 420.00 341.86 -2,488.70 3,313.96 -101.90 161.06 258.35 -102.40 -1,565.44 150.03 -138.16 -1,543.33 -1,759.29 61.21 158.71 -535.85 11.06
INT092 237.76 -980.43 94.82 -5,875.66 -21.47 -3,263.85 -4,928.51 -3,457.58 -33.16 193.78 37.55 75.53 -4,605.28 -34.11 -1,368.56 -1,989.56 -1,266.97 -608.09 -399.03 -2,956.00 -131.96 -2,428.66
INT093 842.01 222.64 794.53 872.07 4,095.40 -655.27 6,883.86 259.12 -2,060.83 889.76 -1,700.41 716.68 152.71 239.67 1,213.74 -366.33 -1.65 112.05 699.69 1,148.86 103.59 -155.89
INT094 739.84 86.17 752.77 -4,465.65 -904.71 5,021.04 -433.37 700.00 -2,674.81 1,080.66 235.26 236.66 60.67 1,084.55 210.37 740.10 -75.05 -5.44 696.53 276.31 206.48 121.46 -686.00
INT095 318.13 301.69 -4,239.79 82.96 6,213.25 696.47 218.89 -726.23 700.00 -2,481.54 247.89 265.34 155.14 1,413.06 245.89 698.65 3.99 630.39 11.63 198.25 643.53 225.80 105.03 3.62
INT096 310.08 -1,758.50 215.59 206.39 -4,999.75 50.41 781.87 244.06 53.05 -3,900.56 -716.16 207.09 245.02 249.02 49.83 699.78 214.49 698.95 -150.49 -46.69 160.74 642.42 -152.10 260.15 -376.48 -389.37 -3,878.17
Pret Final Unic din luna August 2025
1/1