PDF PAGE 1
Data: 08.05.2026
lei/MWh
Interval/Data 01.05.2025 02.05.2025 03.05.2025 04.05.2025 05.05.2025 06.05.2025 07.05.2025 08.05.2025 09.05.2025 10.05.2025 11.05.2025 12.05.2025 13.05.2025 14.05.2025 15.05.2025 16.05.2025 17.05.2025 18.05.2025 19.05.2025 20.05.2025 21.05.2025 22.05.2025 23.05.2025 24.05.2025 25.05.2025 26.05.2025 27.05.2025 28.05.2025 29.05.2025 30.05.2025 31.05.2025
INT001 937.59 4,268.04 1,356.11 1,447.40 901.62 -2,491.06 61.87 5,150.71 1,454.93 3,768.82 877.10 4,917.45 7,001.00 3,918.32 169.36 988.78 1,063.14 -276.08 5,092.69 5,913.60 -37.39 -565.81 1,849.24 1,989.44
INT002 2,677.33 86.83 -11.39 3,627.45 815.75 -17,584.06 227.92 3,469.04 3,326.94 858.73 112.77 1,054.65 5,058.95 2,440.32 219.95 1,704.92 707.69 -227.33 2,098.96 5,133.63 311.48 348.47 2,362.09 980.49
INT003 932.45 -2,583.66 -775.46 -1,541.84 -1,793.43 894.34 737.37 -3,997.14 73.16 944.91 883.06 138.52 -240.65 1,710.19 5,122.10 1,652.98 731.85 222.39 200.69 881.25 -2,772.60 802.50 836.71 206.90 349.45 1,412.77 980.09
INT004 733.75 -307.95 -53.75 -101.22 -2,713.12 914.45 173.71 110.68 179.16 874.69 25.70 214.97 1,047.37 1,473.77 986.73 905.53 157.99 -566.72 -1,998.83 850.44 650.00 210.95 269.98 873.86 988.79
INT005 4,380.60 110.10 243.43 6.77 -810.49 271.31 5,768.29 156.84 1,393.33 -2,871.72 956.00 1,768.40 1,095.64 881.48 -119.39 4,008.91 1,520.12 1,064.18 247.67 -29.73 1,269.59 182.67 841.02 119.55 155.95 243.38 891.84 1,426.74
INT006 6,936.38 7.61 147.23 77.29 -34.59 189.83 3,751.23 1,520.51 161.25 940.99 788.95 841.90 857.10 933.93 -28.35 894.44 1,031.87 1,068.93 868.99 906.96 -68.43 -1,419.95 863.45 893.78 108.57 835.69 861.06 1,405.10
INT007 4,872.72 -0.15 -107.77 -218.97 -2,067.40 222.88 740.29 258.08 992.85 236.18 720.95 714.52 731.22 848.76 924.66 99.09 975.40 1,268.77 978.90 1,140.37 191.91 -376.56 258.20 -48.64 832.68 145.01 919.38 650.00 762.90
INT008 1,768.88 -3.24 -21.58 -779.82 -3,250.72 214.62 854.38 276.12 253.58 725.92 705.84 713.16 962.34 151.88 77.59 1,060.26 186.60 902.63 127.70 -111.20 246.20 8.98 801.34 -4.07 3,085.60 650.00
INT009 6,779.67 -51.91 -821.82 88.44 49.21 336.07 1,750.79 263.59 289.74 3,117.82 1,723.14 886.91 925.04 1,527.41 83.33 107.90 904.98 1,196.60 324.10 699.00 244.18 207.28 1,059.33 66.76 1,021.85 889.36 961.69
INT010 4,310.85 -83.70 -738.52 -1,714.03 47.79 937.84 208.60 208.65 969.93 1,165.67 873.96 892.42 862.38 951.56 728.14 197.95 810.32 2,187.82 69.92 871.77 80.18 195.97 2,583.73 833.99 51.43 1,406.24 954.90
INT011 923.86 26.61 -993.97 842.05 895.78 358.81 0.76 808.46 855.24 912.82 361.00 931.49 1,043.12 884.72 133.99 1,017.58 2,995.11 35.21 257.77 814.22 145.65 812.49 650.00 255.07 68.23 960.94
INT012 1,076.35 -125.17 -2,552.08 -1,588.99 744.00 842.25 259.92 8.11 1,098.92 713.28 858.14 361.00 884.72 3,387.10 752.33 0.80 819.43 16.73 213.71 699.00 160.72 890.69 650.00 271.82 -2,707.30 961.50
INT013 2,304.57 744.00 101.66 -1,431.73 766.01 827.43 -28.63 264.60 13.83 3,656.18 785.83 2,832.69 297.18 3,935.84 4,721.24 3.89 976.58 -904.60 0.20 301.87 699.00 263.48 178.24 1,006.91 894.91 299.96 207.86 -151.76 958.31
INT014 897.76 196.98 23.91 -4,517.16 886.19 172.00 210.36 1,618.14 880.26 3,632.95 109.85 2,696.65 1,733.19 15.78 3,851.63 331.33 -4.98 159.21 724.98 699.00 194.46 -50.85 909.83 2,961.40 196.14 650.00 -746.52 3,813.08
INT015 899.19 744.00 47.75 -471.99 746.43 1,202.72 189.90 242.64 729.20 5,239.31 184.96 959.91 4,649.63 2,988.31 7.24 1,954.07 208.44 -67.68 256.84 898.71 854.61 117.58 85.53 1,002.93 915.65 142.51 650.00 -4,499.00 925.22
INT016 891.75 744.00 53.01 -3,335.24 1,940.98 -2,043.70 203.08 1,562.71 937.93 738.28 5,217.07 -2,511.82 924.00 5,999.00 14.25 945.74 69.00 252.82 342.23 4,076.17 699.23 167.36 1,211.05 936.29 817.11 650.00 -2,950.20
INT017 893.79 393.73 -2,530.12 112.69 834.44 -760.38 265.39 217.37 2,392.51 273.07 -503.60 194.11 927.86 2,057.75 7.09 971.70 250.09 243.36 298.28 5,568.23 148.80 104.76 868.60 324.87 894.99 -841.04 937.33
INT018 893.70 744.00 -9.32 34.53 202.21 3,083.37 991.25 155.31 294.15 927.11 827.48 1.69 910.47 729.38 242.15 318.46 4,867.75 135.27 182.01 894.46 318.58 899.27 -105.36 859.64
INT019 897.12 185.11 16.10 901.49 101.40 879.41 3,728.31 152.33 932.58 857.75 -13.12 700.00 928.27 344.34 1,848.16 145.54 172.81 869.49 864.29 338.34 2,239.16 -104.95 780.83
INT020 906.13 21.98 26.22 897.77 223.30 130.17 931.62 320.79 2,356.37 -1,879.16 896.97 821.72 -251.95 702.35 1,266.56 292.83 1,144.30 893.18 194.67 140.86 372.67 895.05 -101.34 758.83
INT021 901.66 744.00 551.08 46.01 100.40 0.00 2.20 957.31 312.67 4,534.80 -408.44 5,889.61 4,559.83 115.58 814.87 3,959.63 322.17 3,911.24 191.19 194.49 181.82 -1,608.23 241.03 250.81 898.82 18.07 848.43
INT022 909.89 16.14 551.08 214.64 352.74 721.28 -1,219.88 1,083.69 193.40 7,319.58 77.52 4,770.81 1,223.37 116.25 732.17 1,150.70 266.04 1,122.79 163.88 203.83 216.79 206.41 74.51 895.79 -1.41 917.38
INT023 2,567.07 208.57 144.17 551.08 750.58 276.52 722.81 -2,855.16 -1,037.69 251.09 210.39 7,692.17 74.29 1,223.15 848.08 116.29 204.82 245.76 908.56 62.46 32.20 85.04 230.18 213.13 42.30 828.94 14.59 840.84
INT024 772.20 -4,736.53 551.08 788.05 700.00 26.46 284.87 -188.93 8,636.26 -1,179.91 245.88 1,497.56 835.38 117.69 171.37 254.12 975.72 269.36 65.60 167.65 159.10 796.82 18.37
INT025 3,205.15 257.47 -1,250.75 59.58 914.24 258.76 177.34 1.13 192.60 1,366.10 -2,060.17 -45.57 1,495.92 35.56 950.55 28.61 46.39 131.98 1,110.99 253.81 99.19 220.75 -337.70 143.76 -59.77 -92.92 124.25
INT026 3,363.90 131.39 2.27 16.16 186.87 1,117.26 113.14 346.45 1.00 -123.99 987.47 106.25 1,066.03 119.28 878.64 217.14 1,778.70 258.72 943.36 131.89 -416.11 46.12 309.49 772.27 661.40 63.62
INT027 1,077.19 2.52 -2,470.34 -485.05 887.09 919.81 329.37 365.86 0.70 962.08 -76.56 1,877.56 137.72 67.91 1,827.93 168.37 747.17 159.53 1,402.21 267.85 947.62 139.03 -77.78 143.22 3,006.42 1,477.43 867.16 216.58 119.00
INT028 -73.75 -5,166.21 -338.93 896.09 922.97 -714.12 -251.62 -2,362.95 1,037.01 102.91 898.89 1,069.97 171.94 775.44 981.18 -13.80 1,505.89 186.00 -1,005.89 -2,686.47 5,755.48 913.86 881.68 18.65 671.25 -2,679.51
INT029 6,500.90 -264.68 -2,491.20 -3,538.66 954.65 970.99 -1,023.67 295.13 20.72 1,078.43 190.14 49.26 88.17 1,050.06 975.65 2,365.46 -176.79 6,545.68 -104.47 1,101.20 55.66 -1.91 1,085.75 971.12 170.81 -168.50 886.56
INT030 5,580.92 -79.31 83.37 -576.48 975.43 982.68 2.50 373.13 -392.47 1,020.71 190.49 222.71 1,043.89 1,047.15 242.13 908.27 131.56 1,677.94 -130.58 1,143.54 8.93 1,093.25 1,058.65 77.90 1,444.80
INT031 897.01 -360.19 -3,908.16 981.59 1,002.94 21.24 74.10 -50.74 941.69 242.52 361.00 202.67 907.92 1,007.96 195.26 881.16 -490.24 1,159.90 -1.14 2,509.70 318.69 722.57 14.29 1,557.73 2,804.11 390.00 -42.62 899.26 894.87
INT032 2,428.34 -1,134.58 -5,603.59 517.81 952.58 976.53 1.81 65.96 945.66 190.80 -86.12 225.51 755.39 1,004.00 213.18 817.12 1,191.26 -54.48 2,792.19 398.14 7.25 997.12 3,055.15 794.12 850.66
INT033 7,001.00 3,135.83 938.33 -80.25 3,766.55 971.37 199.04 1,130.88 363.93 2,065.71 364.11 164.64 816.28 1,130.50 -465.82 2,419.39 1,125.55 772.79 -246.07 1,054.31 359.18 -219.81 785.75 5,517.32
INT034 2,346.24 867.39 779.73 308.43 1,051.87 -84.48 361.87 2,711.72 917.16 39.43 -851.15 -1,260.52 1,420.92 897.95 -241.13 861.97 4.75 1,124.48 -744.14 2,901.46 1,125.75 728.81 1,245.93 398.77 -291.45 -2,417.31 827.76 846.52
INT035 810.58 21.51 867.39 485.61 235.46 3,635.31 -76.66 166.34 1,064.30 1,080.11 49.56 896.89 371.88 740.63 19.00 1,706.99 1,301.35 899.59 711.79 -91.40 2,682.31 316.69 -853.28 793.60 846.61
INT036 850.79 485.72 -920.98 1,045.51 -207.72 204.67 757.67 36.51 -1,350.06 847.37 367.26 1,708.57 1,848.60 11.64 -1,413.66 -581.58 1,061.63 909.49 65.88 1,162.96 356.11 -733.42 1,059.58 1,873.01
INT037 2,125.28 1.26 782.99 461.26 73.36 936.06 -105.64 2,364.16 1,188.37 145.79 109.61 -2,364.87 8.34 860.50 5,909.44 6,294.47 18.70 179.11 39.76 990.13 1,054.51 -3,333.25 179.69 3,059.13 358.68 -160.43 715.08 2,936.81
INT038 806.96 12.62 -3,096.41 461.05 -1,893.24 938.00 -213.94 12.95 1,828.16 810.90 0.39 700.00 -1,814.93 13.88 845.76 863.65 2,970.09 3,024.75 5.08 266.89 990.44 962.66 -6.72 14.53 1,347.80 357.78 254.56 715.00 1,437.94
INT039 1,844.70 -710.64 -4,008.33 460.58 -3,360.08 928.20 -301.60 928.98 809.90 -66.34 729.73 -560.51 150.14 742.37 1,344.12 1,457.91 -18.65 1,486.17 991.27 892.71 42.54 -2,393.52 1,117.22 -113.86 262.95 241.31 1,194.99 716.77
INT040 1,695.93 -6,622.60 930.45 -280.03 -888.24 930.04 888.31 7.77 847.37 729.14 756.23 771.22 -1,670.83 135.83 1,159.58 288.07 650.00 -4,732.15 1,113.76 49.01 787.49 -3,912.88 -4,039.01
INT041 553.32 17.07 -241.80 450.00 176.23 902.98 -3,473.01 881.31 1,599.15 -32.00 880.61 -439.96 -104.92 550.00 453.10 2,558.82 5,854.40 -216.51 898.93 2,795.01 582.16 -3,584.34 894.50 -347.55 685.64 597.24
INT042 646.34 0.92 193.36 450.00 137.05 905.35 -5,851.11 881.31 539.26 -32.47 827.61 -830.39 15.98 550.00 580.04 682.04 5,303.72 0.32 840.31 740.00 512.00 -150.65 895.80 -362.64 90.83 756.71 597.24 8.66
INT043 1,071.03 6.41 25.39 450.00 99.85 1,143.72 -4,880.31 29.47 497.93 -92.85 -2,783.02 3.79 -8.65 550.00 917.91 493.66 4,620.63 -98.76 211.09 743.40 512.00 -1,500.51 844.61 -2,500.80 16.54 757.70 142.81 -2,813.88
INT044 871.54 -607.46 -5,632.24 221.74 136.69 -281.90 497.68 9.87 28.44 8.57 550.00 765.02 493.66 906.94 -900.25 -1,549.79 -1,397.49 512.00 -144.74 862.88 -916.99 -3,848.80 757.94 -1,446.44 -5,568.77
INT045 504.14 9.53 450.05 2,049.68 240.37 -664.55 799.00 -219.24 748.34 450.02 696.94 550.00 7.02 519.45 716.64 4,342.25 450.00 4,854.45 -83.13 142.72 -1,904.57 4,631.26 -163.18 95.48 -31.00 -261.57 564.82 -845.32 -2,800.67
INT046 446.56 0.72 450.05 450.00 744.00 -3,888.47 220.70 17.11 461.50 2.70 190.80 2.07 0.37 519.45 550.00 4,824.07 450.00 820.24 14.32 82.17 -353.90 4,673.07 -334.70 854.96 -469.92 541.13 -4,642.53 -2,767.78
INT047 536.41 0.45 744.00 -2,438.60 859.59 16.03 564.75 450.02 45.23 -22.63 0.53 67.53 4,813.07 4,229.79 1,032.75 -642.58 -603.86 5,635.25 -124.83 839.69 -2,753.07 14.75 86.77 -280.00
INT048 446.00 -612.29 22.38 128.84 744.00 137.18 1.32 450.01 -913.14 10.77 500.56 8.96 1,716.10 7,001.00 115.41 2,765.57 -411.65 -52.63 531.66 -69.40 874.83 -271.46 -166.59 80.54
INT049 882.37 250.47 450.00 241.57 -490.45 118.88 0.40 922.10 450.07 -733.15 -2.95 4,553.13 493.02 4,235.77 7,001.00 63.70 -4,499.00 -274.66 190.01 610.70 -77.72 847.04 -991.82 -64.96 450.93
INT050 446.00 24.09 23.38 188.79 -859.13 156.52 0.71 500.42 450.06 39.58 0.40 513.75 493.02 2,478.37 6,916.30 195.95 2.61 241.57 0.49 1,765.64 -60.44 4,137.24 689.17 10.95 -39.64 -104.71 450.93
INT051 -149.53 83.75 360.48 -4,143.20 744.00 0.51 -1,700.10 7.04 645.15 541.72 513.69 493.02 582.99 937.91 -4,765.54 2.54 191.00 0.11 1,158.17 -288.60 2,804.93 27.40 6.92 -272.77 450.92
INT052 -3,313.06 -4.06 146.71 744.00 744.00 -27.80 -3,847.24 1,204.94 528.45 513.69 527.85 550.90 632.85 196.30 -4,513.57 -0.08 3.02 190.27 734.40 543.81 -438.08 2,641.01 -28.27 3.32 -1,178.26 450.92
INT053 -1,085.82 120.44 41.03 698.87 -1,923.18 -498.74 190.24 18.32 31.99 450.04 868.55 -8.17 538.80 9.50 231.10 1,082.31 201.49 -4,499.00 -112.84 642.12 0.51 642.23 642.92 645.17 59.39 -206.96 -140.02 450.46
INT054 20.42 -120.37 83.28 109.57 698.87 -2,344.30 744.00 740.60 17.96 450.04 731.41 548.91 540.58 -2,350.73 249.35 448.00 -2,098.24 -67.02 192.23 550.00 594.35 185.88 740.48 75.91 -1,567.28 -145.52
INT055 450.00 263.48 78.25 702.50 779.79 515.12 -49.23 450.04 304.72 549.97 538.83 -635.34 258.28 807.61 450.00 -515.30 2.17 -1,052.32 558.60 550.00 790.60 -4.39 622.02 3,705.40 139.17 -105.65 20.54
INT056 -248.12 -149.51 -27.03 698.87 -356.37 798.46 1,763.74 -135.00 450.04 731.35 549.99 538.74 -4,343.05 671.56 629.07 450.00 -182.02 -0.52 -517.01 645.90 550.00 589.89 14.54 635.10 795.37 193.96 -106.90 -1,238.28
INT057 21.09 52.37 8.13 -129.10 4,651.54 -409.43 3,605.01 1,382.22 -0.12 450.02 4,429.01 568.76 520.29 -543.77 837.72 945.81 450.00 0.00 6.26 -103.19 278.69 -557.41 94.12 612.62 459.31 1,047.12 -295.00 453.87 -473.83
INT058 4.56 95.29 -6.77 5,999.00 -328.50 1,341.38 1,759.40 3.44 -152.46 2,699.26 144.00 560.59 -1,006.95 3,744.48 813.03 10.15 35.68 5.52 -110.56 53.25 539.83 96.98 -1,349.48 927.18 -600.00 453.87 -1,817.16
INT059 -309.61 192.23 -1,570.65 1,378.07 0.40 0.00 451.14 0.03 -1,445.00 745.73 32.58 545.31 2,558.31 528.20 -2,465.19 0.43 2.46 5.03 3.97 190.00 830.53 539.83 72.30 -1,455.96 642.02 453.87 -3,594.50
INT060 -37.60 -5,292.64 -4,409.81 2,251.85 0.19 5,936.47 757.99 -13.74 1.71 0.12 746.43 116.34 522.28 1,498.49 602.64 -345.80 12.08 0.20 2.26 21.65 -0.82 1,425.89 539.83 -146.87 212.44 1.09 453.87 -2,953.69
INT061 450.00 -492.35 -2,196.38 -2,121.05 854.05 0.50 930.09 201.95 -66.36 -21.75 -2,031.46 737.19 -909.60 -2,511.68 -89.89 709.09 1,208.88 -957.02 -112.75 5.01 3,438.11 3,456.59 -1,471.79 -410.21 201.73 1.74 450.20 -1,533.71
INT062 450.00 -2,548.99 -286.14 -1,014.31 768.25 32.66 190.00 -22.61 -50.54 -3,028.74 290.93 -23.21 6.66 4,828.53 798.49 -297.08 -193.72 -37.09 0.71 -122.25 2.29 5,402.27 5,469.44 7.59 -157.55 281.85 511.00 450.20 -797.02
INT063 450.00 12.29 91.86 1,398.20 5,081.59 190.00 -186.69 3.89 -1,498.71 297.97 39.88 -3,843.41 4.92 5,999.00 585.11 450.00 16.10 9.91 1.67 -37.14 715.02 6,724.91 5,999.00 86.67 -391.62 43.78 450.20 31.57
INT064 565.73 -91.90 7.21 -17.65 766.14 3,731.06 167.97 -166.96 450.09 -691.81 761.06 190.95 11.71 5,434.91 811.95 450.00 490.85 0.53 211.43 0.25 7,001.00 5,999.00 33.13 -345.08 12.14 28.85 450.20 450.74
INT065 5,012.54 6.99 -490.55 262.54 194.79 -5,220.98 -21.85 837.31 248.00 878.08 448.02 450.00 686.09 -1,911.20 -3,058.36 6,403.64 818.39 52.47 0.06 -40.34 -552.83
INT066 1,033.92 1.17 6.57 375.05 845.83 -858.78 -2,831.49 -1,033.15 332.96 91.72 4.85 -372.44 5,219.26 465.08 450.00 780.01 95.50 0.68 -3,158.54 3,479.22 626.94 93.78 664.89 -106.05 31.00
INT067 2,375.18 75.81 -10.16 450.00 397.19 1,367.59 0.30 28.54 113.06 -118.46 1,136.23 198.84 5.19 5,594.55 537.67 450.00 595.38 16.65 101.22 0.38 71.90 3,887.24 513.85 525.90 550.00 -335.95 -14.56 284.62
INT068 4,958.33 -53.12 656.39 5,329.96 3,956.11 -2,537.92 0.30 701.10 190.10 -5,016.66 1,277.57 235.19 11.47 6,880.43 455.05 484.23 595.18 -763.35 43.41 0.30 4,383.03 515.21 525.90 550.00 -8.23 -32.45 189.48
INT069 729.52 -4,666.80 7.08 2,686.37 965.43 390.00 -2,120.90 361.00 -3,587.75 -5,835.18 -5,804.89 1,056.54 606.45 451.56 1,094.47 13.41 0.40 99.45 2,419.87 602.46 741.34 2.32 550.00 191.04 -2,710.95
INT070 2,323.44 -346.89 13.30 509.46 900.00 373.66 -36.09 69.31 -5,464.37 -5,653.70 370.83 -1,065.61 920.54 558.82 555.79 813.86 33.34 3,500.24 127.67 1,348.12 503.07 745.53 4.81 831.62 222.76 -5,570.66
INT071 1,455.65 -20.86 -67.18 456.27 972.09 2,463.68 -323.46 2,440.14 818.59 -294.24 -5,828.63 388.04 1.64 -901.90 1,067.51 575.44 958.67 809.95 27.13 190.03 3,948.34 727.01 751.21 1,239.83 743.63 1,148.38 275.72 -1,300.07 -563.14
INT072 2,320.45 1,394.54 1,118.47 463.25 1,147.43 4,894.88 -201.60 4,506.17 4,615.39 240.61 -28.88 375.68 1.00 0.10 1,302.36 522.87 675.58 867.55 255.25 190.08 963.72 715.91 755.13 2,097.80 748.27 550.00 3,399.02 1,356.43 -2.76 -304.10
INT073 61.18 9.58 -895.77 -71.40 155.43 4,284.55 -213.65 -6,646.14 16.45 -3,819.86 -3,099.77 4.59 12,949.63 -3,954.89 0.74 933.41 809.80 124.80 1,234.85 2,302.16 1,011.81 13.08 -5,433.03 -2,314.37
INT074 1,160.62 -33.31 -247.03 169.12 -4,637.51 -164.47 3,243.52 249.30 -7,001.00 11.15 550.00 66.01 211.86 966.00 1,602.79 240.52 639.50 939.30 -6,469.19 1,005.71 190.81 -224.39
INT075 1,183.41 1,559.48 1,165.67 927.94 -5,607.03 -289.94 1.00 858.83 1,450.85 924.48 4,187.39 1,045.44 1,775.11 167.30 3,353.70 955.74 70.29 539.35 944.11 -149.60 1,009.61 835.42
INT076 2,501.30 1,529.60 4,477.67 -908.41 1,611.39 1,025.56 915.68 226.00 190.00 984.46 3,188.65 5,571.28 990.86 2,107.77 5,835.74 937.17 99.40 1,038.18 1,977.53 115.23 1,009.95 2,283.94 0.10
INT077 59.18 -2,823.36 15.89 -131.02 6.85 -1,575.66 -84.69 -1,996.26 1,344.76 243.09 -4,304.02 -338.28 -592.00 1,275.57 -3,853.38 827.78 -1,154.52 -153.75 101.55
INT078 1,738.42 160.79 37.40 20.37 966.23 273.96 2,810.48 135.48 117.98 899.96 166.46 3,095.36 1,701.69 257.08 -2,693.78 3,501.87 134.39 68.64 1,081.36 4.72 804.48 133.45 84.79 3,064.52 102.41
INT079 4,811.46 948.23 119.11 -52.75 1,910.29 409.28 2,737.31 271.64 1,529.10 3,082.74 170.71 1,150.49 19.39 1,256.28 4,527.93 5,745.96 5,751.71 4,422.82 304.14 1,460.23 2.78 2,215.01 1,979.70 274.61 133.37 1,437.83
INT080 3,084.20 3,054.42 856.71 865.10 -130.47 1,436.32 398.77 1,228.79 204.82 947.69 369.07 5,507.40 196.77 1,162.50 1,192.88 5,563.15 6,702.08 7,001.00 2,324.86 170.72 7,001.00 1,086.05 0.68 1,880.13 5,318.14 889.98 870.31 900.00
INT081 1,041.74 66.79 -458.03 3,668.91 325.65 926.25 299.79 1,007.90 231.39 -11.65 -4,704.73 894.32 1,359.38 1,613.28 1,858.12 1,310.83 207.96 7,841.75 -618.17 -1,475.00 952.28 1,237.79 72.25 -3,723.49 831.36 -982.18
INT082 3,534.31 253.73 909.57 1,249.86 312.88 877.18 313.04 1,079.44 292.33 1,487.05 277.69 -3,063.20 1,443.86 1,589.26 1,214.85 2,296.40 1,935.46 256.21 6,106.00 -855.61 8.36 1,146.85 1,228.39 232.86 1,101.76 -2,264.08
INT083 2,894.57 1,103.99 183.52 931.13 1,193.38 368.76 3,684.14 155.97 1,503.32 130.39 173.46 1,098.35 1,238.39 3,785.46 1,981.06 4,120.69 254.26 7,001.00 -1,681.96 0.83 1,107.57 1,238.72 220.06 96.11 985.59 143.07
INT084 3,880.15 6,556.39 24.59 4,651.83 1,116.18 4,939.68 192.97 381.90 6,275.27 1,796.51 1,292.98 1,281.45 1,164.83 6,746.61 4,809.96 1,494.15 5,999.00 253.95 4,146.33 -42.18 1,683.66 1,229.08 894.71 1,080.80 995.23
INT085 1,503.33 1,215.77 45.01 2,205.70 1,711.33 1,120.75 398.58 2,060.14 -309.19 2,302.78 2,700.98 2,293.93 900.63 4,307.85 3,501.93 49.34 1,637.60 3,994.78 105.08 1,954.06 -23.49 1,028.53 1,609.36 2,021.68 889.18 900.28 998.47 62.74
INT086 1,267.80 1,179.31 241.14 4,243.03 899.99 233.69 5,437.82 2,861.02 6,253.31 2,949.27 3,759.98 154.62 5,194.38 248.19 2,098.92 -235.16 1,140.98 6,738.35 5,999.00 975.83 809.32
INT087 1,316.33 1,075.71 317.64 1,222.51 900.00 281.20 374.62 390.53 288.82 4,966.16 9,596.78 2,014.16 3,075.32 5,199.72 340.46 2,984.86 246.50 -2,183.06 5,962.57 251.05 237.60 -388.08 1,004.66 5,186.20 5,999.00 368.16 1,112.31 898.74 1,474.86
INT088 1,359.73 205.23 306.39 980.93 20.35 170.03 192.83 351.78 373.68 2,126.04 1,661.93 2,111.65 5,294.26 3,434.13 239.18 -3,158.08 1,844.12 20.08 -19.67 5,806.30 87.32 275.70 222.99 9.60 1,478.61 3,699.50 4,946.54 1,196.48 1,016.58
INT089 3,149.97 5,962.95 964.65 19.50 1,147.57 6,937.06 957.10 1,284.90 3,719.26 931.87 1,042.37 2,709.68 3,326.19 1,061.96 5,999.00 1,165.51 200.81 862.41 1,445.57 3,873.31 4,392.94 2,233.70 4,243.73 3,936.23 5,078.97
INT090 1,892.00 2,982.46 22.09 968.37 55.43 227.48 260.33 256.04 4,817.22 756.35 1,390.17 1,226.22 1,172.37 333.06 1,709.50 44.36 175.61 5,564.12 1,000.68 27.20 237.07 -402.61 1,016.13 1,273.58 6,546.68 948.25 1,312.56 1,975.15 1,362.37
INT091 1,135.45 247.90 -13.89 1,110.03 -3,041.85 -2,995.03 181.28 207.00 250.32 1,078.66 700.00 48.42 3,904.42 114.46 948.95 2,331.08 147.00 238.22 -35.67 1,024.26 6,938.04 283.59 1,016.42 3,624.81 1,413.65
INT092 1,965.34 -3,981.19 179.29 1,657.30 -3,667.13 -2,940.65 22.67 -873.30 306.83 730.97 58.64 -4,131.73 -1,657.88 -2,849.86 1,654.66 82.43 757.43 274.27 -2,502.14 151.66 -44.54 2,464.87 -302.52 4,614.73 185.75 865.68 2,130.11 1,916.36
INT093 3,288.74 950.96 879.58 936.76 -454.81 973.70 1,244.73 6,656.63 1,054.45 4,541.95 1,380.35 -1,742.09 -71.03 4,293.94 9,813.19 3,419.22 1,110.42 4,923.93 3,981.13 21.96 2,055.05 915.87 4,132.35 1,022.14 2,368.67 1,062.60 1,989.99
INT094 942.26 102.84 979.07 256.41 4,686.60 779.97 1,169.49 1,059.07 -3,626.66 139.42 9,999.00 4,821.25 840.79 1.96 1,403.94 2.64 650.00 86.32 1,965.79 211.45 894.00 1,075.71 1,096.47
INT095 1,861.30 321.24 61.47 1,782.38 914.15 242.43 -82.37 -494.95 325.83 900.32 839.86 889.51 -833.73 176.38 1,008.89 9,999.00 5,346.54 -336.86 1,010.04 1,069.30 -39.06 877.86 -3,326.05 650.00 67.24 946.15 64.76 848.27 1,743.48 1,103.41
INT096 194.47 48.50 -2,182.21 4.59 -481.39 -216.18 177.09 136.91 -1,421.29 162.44 7,001.00 5,999.00 47.39 720.30 -11.98 917.17 -4,499.00 -887.69 65.63 839.27 695.24 1,185.18
Pret Final Unic din luna Mai 2025
1/1