PDF PAGE 1
Data: 27.04.2026
lei/MWh
Interval/Data 01.03.2026 02.03.2026 03.03.2026 04.03.2026 05.03.2026 06.03.2026 07.03.2026 08.03.2026 09.03.2026 10.03.2026 11.03.2026 12.03.2026 13.03.2026 14.03.2026 15.03.2026 16.03.2026 17.03.2026 18.03.2026 19.03.2026 20.03.2026 21.03.2026 22.03.2026 23.03.2026 24.03.2026 25.03.2026 26.03.2026 27.03.2026 28.03.2026 29.03.2026 30.03.2026 31.03.2026
INT001 654.47 743.27 -101.17 183.12 1,042.69 331.62 1,109.46 4,870.00 1,191.36 57.77 1,082.40 1,324.47 -1,722.53 94.17 -766.48 1,428.39 1,031.37 3,658.40 1,036.54 -215.39 5,854.18 -1,556.79 832.42 -221.14 700.00 -1,959.43
INT002 912.04 749.67 -482.10 261.12 1,116.70 787.45 1,170.12 1,072.83 1,016.25 232.06 -1,139.92 275.12 846.51 1,028.51 1,077.05 1,036.72 -137.61 4,459.07 664.10 8.89 748.64 223.74 400.00
INT003 912.64 1,024.47 -157.36 722.01 -353.08 138.75 780.35 274.13 289.58 1,557.85 1,046.05 248.21 -1,351.88 153.47 -389.19 929.79 1,260.50 981.67 1,294.00 -43.07 767.71 194.32 677.33 -195.71 911.41 -284.27 400.00
INT004 781.98 2,246.04 -160.27 691.50 -150.97 -467.93 1,079.49 1,177.31 1,850.53 -3,906.72 -1,296.17 1,028.70 1,029.51 777.28 -16.32 867.40 983.52 -246.32 761.77 -107.43 884.68
INT005 821.70 -367.74 34.85 788.39 -341.87 273.14 700.00 265.68 1,178.34 -1,730.61 1,277.38 1,534.27 -17.49 1,140.12 -108.88 765.58 1,118.12 809.98 166.36 -487.39 906.26
INT006 969.35 1,445.74 -30.35 -23.00 806.79 197.28 255.30 778.58 39.53 1,165.70 2,157.82 -710.66 766.30 2,292.93 1,337.41 36.69 132.53 -597.15 463.47 -46.72 851.49 896.01 87.29 67.17 -338.95 890.23
INT007 782.00 -218.48 23.73 978.87 223.19 198.60 778.13 -14.15 979.95 870.87 1,954.37 700.00 -182.47 986.16 998.82 263.90 67.20 1.34 -319.55 662.58 853.61 99.19 47.29 600.00 882.40
INT008 781.59 762.71 -373.68 1,064.78 -28.27 61.74 756.12 778.55 150.52 775.51 1,072.93 1,073.70 269.46 983.46 999.00 258.77 699.87 3.04 -70.47 738.42 864.12 692.56 -141.45 647.54 700.00
INT009 774.92 772.14 819.58 973.78 -185.36 1,061.07 175.72 123.91 1,056.38 1,115.35 194.52 969.27 1,218.31 1,013.26 1,083.05 226.90 2.63 774.57 773.50 1,069.50 63.12 850.63
INT010 775.94 749.11 738.02 769.97 -116.26 938.93 1,119.05 124.39 82.82 704.52 1,184.14 109.64 775.73 767.47 1,411.35 -30.37 600.00 976.48 802.52 317.29 743.34 1.40 -367.44 838.90 773.56 880.05 -212.14 -194.16 855.65
INT011 781.52 727.42 740.30 773.72 -19.25 1,653.59 1,265.19 -219.17 758.15 1,164.15 768.75 1,427.81 275.70 985.30 886.90 268.82 702.57 0.68 -272.87 730.80 796.30 695.80 -195.39 -425.65 274.58
INT012 781.83 701.96 -153.25 1,355.85 984.58 -304.06 -92.71 1,108.90 797.07 600.00 114.97 709.98 1,138.52 759.21 -50.20 998.36 775.00 270.13 712.68 -516.10 17.96 282.66 700.00 6,564.36 7.21 -590.16
INT013 768.88 748.94 -235.83 1,083.93 0.00 -92.17 120.18 822.93 765.41 963.91 1,651.60 -238.72 132.10 -104.68 995.92 803.94 135.05 724.41 700.00 700.00 828.92 904.75 183.34 -42.01
INT014 769.04 721.35 -234.38 742.74 -126.93 -326.32 736.46 783.11 921.82 1,393.47 -318.75 213.55 -387.52 1,005.68 770.86 214.84 707.76 -645.36 715.25 776.61 837.93 907.92 364.43 -3.82
INT015 769.15 695.05 -111.02 -113.63 1,258.16 734.69 1,308.64 149.44 1,184.67 6.94 -74.35 1,196.11 777.45 280.79 763.65 -645.57 504.13 876.03 1,665.77 311.06 -6.61 114.98
INT016 769.15 -121.52 -76.90 261.68 1,238.49 788.00 1,130.53 912.43 -73.66 1,437.74 -412.28 -254.02 1,921.57 874.93 284.84 773.02 252.80 386.12 1,037.91 999.40 -66.44 704.91
INT017 796.11 -1,265.20 23.47 1,534.00 886.47 1,084.28 219.76 765.04 1,643.36 -342.95 -65.24 -80.75 1,796.34 973.74 120.88 775.99 822.14 1,373.50 96.59 793.19 -813.15
INT018 814.07 -62.17 -92.03 1,089.47 1,184.07 -26.85 140.24 772.95 1,579.12 -479.36 -58.48 1,454.66 1,196.71 768.05 706.93 917.52 887.03 252.97 1,676.62
INT019 768.11 151.32 -340.35 313.50 1,254.89 1,384.44 998.81 946.09 727.11 1,172.85 -196.24 1,465.37 1,095.06 235.18 771.37 725.05 700.00 944.49 306.63 2,134.17 590.03
INT020 772.27 239.59 -132.06 842.89 2,663.16 990.49 -58.22 1,128.24 777.32 1,171.34 -234.49 1,160.88 1,004.98 97.27 1,739.56 700.00 737.96 280.56 871.42
INT021 783.44 -299.78 -469.18 1,513.99 1,497.15 1,174.48 346.82 939.06 1,118.69 -3,156.91 1,189.28 954.23 715.63 296.14 10.71 1,179.10 700.00 872.94 238.59 823.14 -6.11
INT022 783.38 599.00 215.65 -2,325.80 831.12 969.16 1,573.05 700.00 843.51 700.00 730.03 777.30 -6,047.78 747.83 261.10 974.85 947.80 355.61 740.67 1,384.66 700.00 811.92 353.01 128.35 838.61 872.72
INT023 786.80 692.60 774.42 1,140.66 -60.17 697.90 1,448.65 1,506.48 771.37 1,130.69 700.00 734.40 1,113.98 -7,811.51 877.52 768.97 1,319.15 955.33 -184.29 843.37 3,536.14 853.77 785.99 289.14 -69.68 813.99 877.90
INT024 782.52 1,028.30 -24.88 1,103.14 2,067.13 885.77 1,300.02 2,903.50 719.99 715.31 -7,101.79 778.51 751.01 2,739.68 949.65 -419.05 947.25 2,365.45 1,194.73 971.47 238.42 211.76 837.21 292.85
INT025 800.00 722.79 760.36 1,082.73 -32.78 893.61 1,111.25 2,420.43 765.55 725.56 -5,276.02 740.57 1,307.45 948.46 753.65 -83.33 896.83 1,337.73 705.85 60.81 10.74 904.69
INT026 801.95 742.56 732.25 987.14 -48.58 1,118.01 2,790.66 1,024.45 1,358.46 -2,801.42 700.00 741.07 -101.81 -480.23 1,074.62 2,123.25 948.88 -207.25 803.78 1,034.26 762.15 -177.11 -194.33 884.45 101.04
INT027 799.22 921.94 796.69 1,174.88 -51.22 1,021.42 951.09 1,156.27 1,173.57 -2,246.80 1,012.19 700.00 700.00 -170.30 802.31 1,108.44 987.65 -49.97 873.23 772.12 700.00 871.19 -426.22 -200.78 885.00 1,069.85
INT028 798.86 1,103.29 1,018.43 -243.65 -179.13 1,257.18 786.02 1,034.25 2,926.08 -3,967.03 1,025.46 700.00 -140.03 694.05 700.00 2,112.01 1,094.01 -290.65 0.40 834.71 940.45 700.00 760.82 -416.37 938.68 1,621.14
INT029 800.87 -2,339.96 817.43 -887.34 258.29 1,178.31 760.37 1,022.81 1,256.51 -283.51 -526.65 -125.83 187.15 -72.35 188.43 1,769.41 4,389.61 -207.17 -384.19 125.44 778.55 81.79 -945.74 -11.91 1,133.91
INT030 800.48 755.54 761.95 -8.64 316.96 964.21 1,257.80 -291.59 -590.91 777.24 -605.39 252.46 -795.50 238.37 1,250.16 4,316.15 -137.11 257.56 864.99 728.34 39.92 23.19 -84.84 1,170.35 320.09
INT031 797.13 599.00 -109.43 -95.92 -122.80 -1.21 1,288.33 -434.93 -2,942.38 727.37 612.50 -993.51 20.22 2,973.21 2,726.66 699.32 -202.73 271.36 130.24 194.17 764.71 211.08 -18.74 4,998.15 399.65
INT032 799.17 599.00 -992.70 16.78 -599.45 -621.95 -53.65 -1,169.95 286.38 -22,452.66 905.28 -568.53 702.90 -1,578.01 -142.02 5,283.45 3,794.38 699.00 -102.64 243.58 -5.21 261.65 840.37 372.13 674.22 -105.05 5,618.91 401.00
INT033 2,102.55 764.82 -480.40 -215.80 -158.74 1,603.58 -1,039.51 1,186.16 699.20 812.90 -659.98 -267.25 4,118.47 6,886.53 699.45 -197.41 281.13 -137.91 296.73 2,439.85 1,287.87 884.63 -128.60 401.00
INT034 678.06 1,639.52 76.96 -246.02 -25.76 -1,606.18 112.87 4,817.20 -611.93 995.76 896.23 -753.72 284.54 -340.19 -812.82 3,604.83 4,734.11 690.53 -248.77 -41.98 1.35 1,482.81 1,009.48 741.97 -566.97 401.00
INT035 552.92 1,279.31 -845.74 -4,565.39 -254.66 -1,967.25 -2,650.94 1,006.73 -1,260.33 699.00 -343.96 880.64 -335.06 742.74 -729.63 -12.05 3,289.84 1,808.31 -1,701.19 35.99 12.97 1,150.55 1,011.08 818.27 -272.87 302.24
INT036 541.35 1,221.27 -895.74 -8,317.23 -680.09 -14,882.40 -4,166.16 -14,162.03 -868.80 -563.51 699.00 -1,170.44 881.89 -332.08 -2,488.12 -2,841.24 -4.74 3,323.11 -1,954.96 -1,107.91 -215.48 -323.46 -23.08 3,334.37 -3,629.71 704.12 -51.22 52.59
INT037 2,080.97 1,101.23 -3,091.52 695.40 861.34 -272.82 5,507.35 -797.86 9.26 900.91 1,022.78 -469.70 -17.49 -4,521.66 -97.87 4.38 838.43 -1,396.49 2,265.86 -15.77 189.11 1,262.69
INT038 484.95 1,086.83 -2,379.96 611.39 -1,289.51 -158.83 -161.01 862.17 0.40 2,718.04 -108.20 -119.24 976.75 -2,702.47 -4,757.53 -3.29 -1,590.36 -99.26 0.10 836.27 -198.65 840.43 2.42 273.25 4,322.18
INT039 465.97 1,354.07 -369.10 1,079.42 0.40 598.05 937.94 -122.79 -750.49 1,396.92 -2,966.91 -2,075.17 1.87 3.41 6.68 667.29 1,174.77 -70.91 793.11 -26.10 -186.23 6,223.06
INT040 499.49 1,093.13 -1,294.85 -1,578.59 -493.73 914.94 -27.24 573.93 -452.64 -352.64 1,099.98 -2,882.09 -213.54 -28.97 7.44 -171.84 8.74 -5,323.22 -126.21 794.01 -355.87 -336.94 2,543.45
INT041 2,782.47 912.56 -11,422.38 750.98 -302.55 -161.59 743.19 9.11 2,144.66 491.86 -94.91 -1,014.31 906.05 -191.76 -31.40 -269.54 -129.80 -62.45 -23.66 -7,000.49 529.38 679.39 141.22 1,219.11
INT042 2,677.17 1,818.94 -20,161.36 730.71 -74.77 -164.98 745.82 2.43 472.52 22.50 -2,101.65 909.28 -314.04 -32.93 -217.15 -125.51 -0.14 -22.05 600.00 1.05 261.36 1,224.98
INT043 502.45 1,108.10 -198.70 -164.84 745.85 2.20 561.93 -48.94 906.38 -28.43 -50.77 -330.14 -36.86 -647.20 -66.36 740.10 679.39 -63.69 279.88 1,236.67
INT044 753.27 9,399.41 -1,045.78 -164.70 745.85 13.86 582.93 -240.90 906.87 -87.86 -32.22 -200.78 -244.80 -198.95 686.13 679.39 290.73 1,236.67
INT045 3,060.81 768.82 -44.13 674.37 -173.82 -287.65 -164.39 583.89 11.94 1,659.98 -96.46 811.42 9.02 -163.18 -140.67 -224.91 -110.81 2.37 712.52 539.59 299.75 -506.86
INT046 10,760.66 608.17 3.41 -3,749.07 743.89 -681.04 -105.50 574.28 -407.48 0.96 -161.81 909.53 687.79 -198.58 -145.94 0.65 708.19 511.08 854.83 809.74 -74.24
INT047 5,840.85 608.17 0.06 460.14 -57.98 -14.14 71.49 -33.46 7.16 16.43 -171.34 813.78 699.15 -481.29 0.63 2.60 956.89 542.13 822.67 691.92 275.44
INT048 669.87 -44.69 460.14 -178.50 -254.67 -107.13 -6.93 450.00 -399.29 -161.79 -161.76 770.48 677.11 663.96 -35.83 9.00 975.60 535.74 -332.03 -209.70
INT049 555.93 1,211.95 -373.98 572.09 -171.75 -28.88 -648.61 -82.32 679.30 -394.42 -105.98 -163.74 504.59 907.49 9.44 926.66 571.39 694.84 -594.57 1.44
INT050 551.88 -572.41 -151.40 -113.67 -347.77 -208.13 707.95 -406.85 -488.28 -164.36 502.45 698.62 19.27 -99.84 0.35 889.71 588.42 353.67 349.37
INT051 43.44 912.52 -286.10 -25.47 -152.58 -25.99 -1,100.38 -4.27 946.20 -878.79 -78.13 -106.79 502.45 256.44 15.69 -67.23 2.32 2.02 902.96 545.78 700.00 333.96
INT052 83.58 1,125.57 -238.73 26.09 107.44 -149.40 -112.17 -878.72 -50.51 -392.83 -23.17 4.21 512.26 264.67 4.19 -163.40 0.00 12.21 915.41 559.29 -92.63 714.92 245.83
INT053 4,509.01 -225.30 10.01 -2,704.42 -164.44 -32.63 -356.83 -218.81 -43.82 -1,651.56 6.37 -5.91 492.98 1,040.28 23.21 -314.84 -153.40 -10.07 471.62 109.79 505.08 52.53 700.00 46.80
INT054 72.69 1,935.82 -234.75 -1.47 -6,866.89 -165.00 -107.28 -1,998.29 -39.42 94.48 -83.45 0.68 6.93 497.68 1,027.30 23.21 -37.17 -161.63 -0.61 520.34 600.00 481.22 -87.98 700.00 228.65
INT055 -196.85 606.10 -835.79 -238.94 2.15 -7,999.00 -19.78 7.85 -4,721.96 -17.41 -1.39 -55.05 449.22 1.75 517.65 101.62 -520.41 -35.59 0.10 -164.62 -27.85 719.84 664.14 542.75 55.91 700.00 -1.51
INT056 -2,515.58 606.07 -851.99 -249.43 -235.18 -9.39 -720.65 9.65 -3.91 0.30 -108.14 -32.08 471.45 -766.49 491.53 104.71 -659.34 0.40 0.94 -622.22 1,384.08 600.00 480.18 -295.61 700.00 -179.47
INT057 727.35 -941.03 -289.58 -29.60 -296.02 5.21 -19.04 -5,392.29 -108.35 -101.09 -199.97 503.94 -442.00 594.98 12.59 -9.99 1.49 0.38 4.92 -156.86 674.47 700.00 499.29 153.80 694.67
INT058 -259.29 693.15 -233.13 10.15 -64.42 4.51 2.50 -233.05 -22.50 -139.44 -212.52 574.77 13.85 584.85 7.29 -364.18 1.26 -13.09 0.11 15.14 4,376.79 739.38 508.37 267.98 710.32
INT059 668.02 -145.88 -155.34 -586.56 -886.34 0.00 0.58 6.06 0.60 -93.59 -1,760.90 241.98 2.37 624.07 46.04 -21.11 2.50 1.26 0.87 -25.55 839.00 795.44 576.41 -174.34 383.86 864.37
INT060 668.04 -161.82 519.93 -159.81 -723.62 -5,774.23 0.00 300.00 7.04 6.66 -129.87 650.41 0.60 770.31 6.80 3.12 0.20 21.42 -84.70 673.16 613.25 783.32 133.08 -25.51 128.22
INT061 -9,893.03 1,037.04 0.03 -510.99 -7,384.84 -6.19 -4.09 -14.89 -1,045.39 5.38 -201.60 230.35 -20.08 633.55 821.64 -200.95 -39.76 0.72 16.10 -4,105.26 665.54 860.05 56.04 -126.51 890.67
INT062 896.99 3.52 1.63 -1,864.26 0.17 2.96 -80.20 -418.34 -99.20 306.47 1,123.29 1,019.55 -0.22 -232.68 1.20 0.63 -4,442.99 700.00 944.41 1,105.89 450.00 400.00
INT063 864.74 5.11 1,354.72 -272.93 -25.00 1,019.90 -2,614.51 -338.58 61.94 890.39 1,535.38 5.87 -11.13 0.10 -24.50 -178.84 700.00 577.27 961.96 405.58 772.49
INT064 697.54 856.67 945.62 1,253.87 -295.33 -3,337.77 -5.79 -541.29 -26.84 -565.19 958.87 19.39 735.84 1,040.43 0.11 157.19 8.04 0.27 0.40 8.88 724.02 606.20 1,341.16 -89.31 872.77
INT065 650.52 1,359.25 2,265.63 222.89 274.38 -84.67 -7,906.76 -2,728.68 1,640.58 -23.53 -241.01 845.85 3,451.20 0.20 -46.35 7.62 255.68 -833.19 743.72 2,116.67 758.88 764.21 -107.30 255.30
INT066 726.59 908.06 3.19 -314.77 290.79 263.65 -8,750.39 0.13 -3,057.79 0.41 -2,011.77 3,271.20 -250.12 1,098.45 4,797.42 0.20 -241.05 7.18 251.87 -947.25 735.51 1,131.35 -18.75
INT067 956.14 908.52 0.10 262.24 -261.08 1.07 1,308.13 -8,775.12 1,081.68 8.33 0.41 -456.17 1,105.05 1,107.79 3,481.63 5,636.80 1.02 -368.24 310.22 182.43 942.61 1,487.06 63.19
INT068 692.13 1,673.97 844.87 1,058.57 2,993.56 26.86 254.30 861.67 1,343.81 173.77 1,212.23 1,135.13 0.40 0.40 6,050.36 5,089.92 2,015.88 266.65 -252.65 349.98 1,033.48 3,123.42 2,124.92 1,820.10 71.83 -197.39 145.65
INT069 772.80 87.20 -1,309.33 -870.10 -59.28 -236.03 -3,835.25 -232.19 11.65 251.55 -130.84 1,044.68 30.32 12.53 3,701.97 1,097.06 960.39 -541.94 276.91 7.40 271.77 2,322.27 1,246.17 3,570.42 270.38
INT070 736.99 34.68 0.85 -54.76 908.68 -289.49 775.16 0.79 1,138.51 860.67 4,195.65 100.00 4,582.02 1,093.07 5,418.77 -46.25 832.09 303.30 955.14 1,046.21 5,263.39 171.34
INT071 820.65 1,070.38 1,585.89 0.00 108.47 772.69 -1,294.50 1,138.63 400.00 1,205.51 1,144.82 3,946.19 -40.44 400.00 0.00 3,925.24 1,280.58 5,787.32 -163.37 943.03 699.00 376.15 257.18 1,028.97 3,756.14 261.59
INT072 1,037.65 1,037.74 134.05 276.82 4,842.45 102.83 1,481.16 1,025.12 1,283.80 1,004.93 4,373.92 1,462.49 3,901.85 1,147.52 1,618.63 809.23 1,020.18 998.21 127.67 1,151.35 1,423.69 65.63
INT073 1,192.28 3,101.08 272.49 80.98 259.37 1,228.55 113.69 1,066.76 -1.24 981.44 185.98 5,508.99 -411.72 1,142.45 1,366.79 1,150.18 3,949.75 52.62 1,156.71 255.63 50.14 -955.59 326.05 1,194.29 278.70 -429.08
INT074 952.25 3,562.90 307.43 271.47 2,246.32 -202.45 -57.19 -163.89 1,333.36 253.66 6,359.37 -1,004.49 333.16 1,218.14 3,866.26 1,150.36 3,373.73 -342.37 0.00 1,203.01 65.86 -76.98 1,162.16 -153.05
INT075 1,120.59 1,392.46 -862.27 1,181.98 1,127.35 1,462.74 215.08 2,613.26 304.87 1,239.93 8,076.54 -323.71 1,630.49 1,357.21 1,144.71 2,021.76 1,289.65 1,318.35 122.93 178.58 759.66 1,569.90 945.45 -2,801.95 -939.96
INT076 1,077.88 1,447.15 -383.45 767.29 1,391.94 2,881.72 105.07 1,150.27 400.00 3,388.58 -11.13 2,248.59 1,383.98 -1,497.49 1,958.43 1,523.86 1,145.80 1,974.67 691.47 900.05 3,791.28 1,055.00 321.35 -399.56 917.65 1,444.48 1,028.14 -3,716.10
INT077 1,097.37 2,354.72 8.97 768.85 1,501.00 -62.59 767.27 1,303.86 100.81 1,445.44 1,799.48 1,669.11 1,241.09 1,325.54 1,485.49 646.74 310.93 5,012.52 883.41 -979.52 1,609.83 816.70 -3,238.71
INT078 1,060.33 1,604.42 -45.69 281.84 1,404.27 -414.98 1,374.30 363.92 1,427.52 906.03 1,364.95 1,631.78 1,229.37 1,496.81 688.89 6,999.00 6,887.38 4,752.15 735.80 -664.85 140.80
INT079 1,060.33 1,443.28 -138.09 1,324.84 -379.14 269.56 1,088.18 400.00 1,518.99 1,220.89 1,500.34 962.18 960.66 3,682.94 1,454.62 1,529.26 844.78 328.66 4,460.72 5,792.50 1,837.19 716.61 -29.42
INT080 1,129.80 158.26 1,300.02 1,378.52 1,618.90 1,125.41 1,270.61 774.19 2,029.07 1,227.82 1,880.85 856.82 1,764.98 2,403.53 5,917.89 -138.82 3,431.65
INT081 2,555.06 -533.11 2,106.81 777.41 276.53 677.63 1,420.50 1,144.26 1,479.99 1,280.76 104.27 1,747.28 2,516.10 6,871.67 985.90
INT082 2,351.25 291.44 -373.91 -79.69 772.79 1,862.15 -75.42 264.45 777.84 400.00 897.72 2,139.62 2,019.21 1,184.86 -55.38 228.38 1,911.04 4,845.57 62.82 -408.65 1,565.65 1,395.33
INT083 1,186.53 383.88 -85.79 1,584.05 777.79 1,084.12 1,490.86 69.13 920.33 1,057.85 1,147.98 128.83 269.16 1,697.50 4,479.28 1,114.41 34.85
INT084 1,082.18 267.52 1,885.00 -322.72 777.65 250.05 767.48 796.76 1,743.32 -6.50 1,125.76 976.85 1,267.22 923.88 -941.86 -130.87 -99.50 1,701.22 1,734.16 2,936.68 281.75 -12.23
INT085 1,122.50 1,000.04 1,184.61 777.02 777.19 1,190.54 803.63 814.55 1,211.42 1,164.97 708.86 3,057.01 1,158.88 -994.23 -88.82 3,164.93 2,153.35 600.00 4,260.17 17.19 764.58 267.52 1,535.33
INT086 921.31 -236.78 818.20 1,180.48 -42.54 912.75 888.03 773.51 885.17 1,211.42 -176.14 1,194.81 1,009.68 2,985.18 2,234.17 308.41 1,488.33 3,260.17 163.45 4,882.39 71.99 47.07
INT087 889.80 107.52 1,354.96 -13.03 197.41 186.95 1,933.38 -159.66 1,173.12 851.26 1,171.03 5,069.17 70.29 868.37 -22.39 1,028.85 2,269.89 512.19 2,105.35 -37.55 -466.53 400.00
INT088 706.36 360.79 -302.67 179.46 1,183.84 7.15 -259.23 45.39 110.10 279.87 0.82 2,049.09 -246.59 1,139.89 1,851.56 71.22 1,657.93 -69.11 1,709.03 1,273.22 105.82 -13.41 -1,479.81
INT089 647.78 142.06 683.33 769.52 1,138.11 769.02 720.28 254.82 1,185.43 1,142.50 42.16 1,159.86 897.20 1,149.58 4,464.92 1,013.82 -98.41 2,398.13 1,263.50 860.48 432.81 1,226.55 203.52 909.99
INT090 759.60 -297.91 683.33 1,074.39 1,227.03 768.77 716.02 -12.14 1,194.46 1,099.63 -7.25 1,998.88 1,094.29 2,675.28 4,544.09 -295.82 5,633.92 1,263.25 255.00 266.72 1,190.20 400.00
INT091 793.65 -988.80 38.30 1,364.98 1,893.69 -216.17 -19.86 268.37 -482.20 885.10 262.93 1,149.31 -2.34 1,064.84 -97.98 782.15 1,259.62 1,900.01 -60.44 1,875.57 4,943.20 256.80 149.63 1,070.32 -126.81 400.00 277.36
INT092 1,071.92 -674.46 -533.79 -80.38 770.61 -599.39 701.14 -469.20 935.16 1,107.00 -206.35 774.51 -665.75 1,076.37 1,168.16 6,580.34 9.67 1,257.55 3,025.37 -1,079.88 -3.95 1,072.44 81.51 -2,444.27 -12.47 -1,412.46
INT093 1,308.15 -448.27 1,246.15 -12.46 168.62 1,011.71 1,459.68 1,922.12 68.91 1,956.56 768.92 1,572.84 -361.15 1,215.95 -62.48 1,096.31 1,067.04 4,064.02 3,620.08 861.22 5,221.51 880.87 1,653.35 757.09 140.04
INT094 1,319.17 -26.67 -247.89 275.13 94.06 1,872.22 319.99 2,192.74 1,005.58 873.34 -214.94 -86.01 1,164.60 1,063.08 3,178.72 1,217.62 -78.76 2,060.12 6,959.99 859.44 1,281.21 837.11 91.26
INT095 1,171.87 -79.66 678.45 -158.42 299.15 84.00 1,225.89 -7.07 1,109.86 1,042.32 865.85 -189.02 -658.45 763.43 1,245.01 1,071.69 1,092.56 -127.14 1,327.75 6,635.59 263.94 781.42 974.20 704.48 32.88
INT096 883.54 -108.07 768.07 157.87 284.91 178.05 -636.81 1,614.73 1,075.68 995.20 1,092.14 -2,416.83 1.07 -1,036.52 852.88 1,330.43 0.95 1,099.93 -340.14 807.87 2,886.74 750.37 -0.63 700.00 385.66 122.83
Pret Final Unic din luna Martie 2026
1/1