PDF PAGE 1
Data: 25.06.2026
lei/MWh
Interval/Data 01.05.2026 02.05.2026 03.05.2026 04.05.2026 05.05.2026 06.05.2026 07.05.2026 08.05.2026 09.05.2026 10.05.2026 11.05.2026 12.05.2026 13.05.2026 14.05.2026 15.05.2026 16.05.2026 17.05.2026 18.05.2026 19.05.2026 20.05.2026 21.05.2026 22.05.2026 23.05.2026 24.05.2026 25.05.2026 26.05.2026 27.05.2026 28.05.2026 29.05.2026 30.05.2026 31.05.2026
INT001 15.67 119.39 919.49 793.25 228.83 339.94 153.45 294.60 222.44 -2,449.72
INT002 830.80 139.98 311.47 -325.00 120.44 -18.12 33.07 1.10
INT003 859.42 -28.55 -90.51 0.00 10.34 -134.00 -27.44 59.53
INT004 -56.58 -170.35 -65.39 -297.52
INT005 -588.24 192.80 1,331.15 -165.96 397.75 0.86 -223.46
INT006 230.29 282.40 925.21 -165.16
INT007 158.66 266.62 896.85 1.45 899.40 -5.36 -221.27
INT008 -17.01 -80.81 -564.78 400.00
INT009 3.21 272.80 -221.86
INT010 -44.46 189.57 2,166.07 26.29 124.10 985.53
INT011 314.47 121.46 -97.30 51.51 220.45
INT012 748.94 -137.03 -56.50 -573.82 187.83
INT013 288.30 7.86 -858.14 -5,262.89
INT014 926.33 400.00 197.00 321.73 -143.39 287.95 0.00 8.03 400.00 -4,373.81
INT015 288.95 -7.60 281.28 10.76 -2,345.47 141.31 329.29
INT016 279.44 271.63 -174.96 486.49 930.37 110.23
INT017 938.88 -107.37 -40.08 400.00 -22.46 372.43
INT018 264.10 -105.18 1.89 -125.69 271.88 -127.52 335.53
INT019 -76.57 282.82 28.94 302.57 -72.96
INT020 916.68 64.53 825.23 360.59 183.27 400.00 17.53 0.00
INT021 -15.87 288.40 340.95 878.21 901.62 -3,187.58 386.00 -2,145.80
INT022 315.00 0.00 872.30 -146.43 280.81 135.11 -322.67
INT023 367.21 400.00 50.61 78.07
INT024 368.02 290.09 255.16 -135.20 70.49 120.08 0.26 95.74 0.20
INT025 149.56 233.97 294.09 763.28
INT026 124.21 0.24
INT027 198.80 1.45 326.75 123.78 863.48
INT028 875.92 5.88 258.33 95.82 1.27 816.13 -1,160.76
INT029 818.87 785.89 -74.62 17.70
INT030 5.06 810.16 4.98 -5.78 793.58 0.74 400.00
INT031 326.09 -22.58 129.35 2.02 -123.87 806.98
INT032 -25.78 130.18 -230.97 854.02 375.63 -1,334.45
INT033 -399.97 -2,929.14 0.20 42.18 550.95
INT034 -196.37 -399.22 -2,444.56 0.20 5.14 577.37
INT035 -123.96 -492.48 -66.14 -464.35 8.82 678.76
INT036 -122.25 -10.84 3.07 2,095.77
INT037 634.01 276.13 -213.72
INT038 -146.53 -1,040.88 0.60 -515.99 -15.65 748.85
INT039 646.69 -1,415.42 -905.40 24.50
INT040 97.62 -633.68 36.56
INT041 169.34 -162.52 510.43
INT042 140.52 56.03 2.29
INT043 -680.32 -106.48 -9.55
INT044 -208.88 -471.79 -2,322.52 -2,397.42 413.00 -6,520.77 -114.75
INT045 -543.60
INT046 -164.00 551.74 11.84 492.43 61.13
INT047 1,052.53 -46.21
INT048 51.43 -27.42
INT049 -1,624.52 495.38
INT050 640.86 -1,262.59 -22.08
INT051 251.41 432.70 -206.46 8.37
INT052 468.91 256.15 -0.69 419.66
INT053 407.45 333.29 -7,536.61 -20.25 -165.05
INT054 298.02 356.36 -6,910.19 -106.00 -140.12 93.70
INT055 16.88 4.91 280.14
INT056 -162.34 -6,884.39 0.57 -675.63 -4,845.48
INT057 -163.54 675.35 -2,705.82 -132.27
INT058 -143.03 2.20
INT059 -144.21 730.08 -23.28 -161.05 -970.34
INT060 -3,239.73 -901.01 -1,651.53 289.90
INT061 -142.46 -481.54 54.16
INT062 450.83 -1,776.43 -223.00 474.84
INT063 -7,628.85 -106.00 -199.19
INT064 -6,480.04 179.09 -106.00 -1,702.49
INT065 -1,074.88 0.18 89.86 -3,656.10
INT066 -184.95 -106.00 -6,970.67 -6,318.43
INT067 -331.90 -113.04 -100.79 -4,516.99 -6,530.83
INT068 468.01 747.72 -296.46 -94.10 -194.03 -158.67
INT069 1,121.98 12.54 -333.75
INT070 -174.36 763.25 -271.92 400.00 0.54 3.02 669.31
INT071 0.70 300.67 -179.22 -255.30 12.32 472.01
INT072 -8.44 -331.69 -274.44 0.04 372.44 498.74
INT073 811.91 -5,188.72 -123.43 1.94 1.29 -5,814.30 -179.28 5.37 -0.78 282.07
INT074 9.63 2.89 273.60 883.70 -2.42 1.28 -18.06 0.60 -3,271.32
INT075 17.93 109.73 0.70 0.50 0.50 -165.30 728.76 99.78
INT076 970.71 300.24 351.41 794.24 -157.51 1.88
INT077 0.60 256.76 401.00 903.34 -196.49 -3,488.82 -4.59 -1,590.24
INT078 124.57 0.95 401.00 305.49 1,046.81 401.00 344.22 1.97 998.67
INT079 0.70 0.88 1.10 16.49 -45.21 0.60 0.50 362.12 5.01
INT080 857.98 963.62 732.37 133.36 858.77 401.00 1,170.24 0.60 0.65 0.50 0.40 400.00 798.75
INT081 401.00 301.83 271.88 222.34 124.89 400.00 14.63 269.47 3,605.04 0.60 -0.02 263.86
INT082 348.64 274.42 286.83 1.19 383.93 3.82 1,308.43 80.23 799.57
INT083 311.31 333.28 -368.91 867.56 256.28 275.17 359.58 0.60 239.35 280.16
INT084 1,027.84 255.12 331.42 -87.63 281.09 306.72 0.87 943.40 638.56
INT085 1,086.67 796.81 117.17 0.60 277.89 251.00
INT086 257.83 295.57 400.00 312.03 -95.78 401.00
INT087 289.76 338.11 158.39
INT088 393.36 320.63
INT089 354.16 881.78 1,098.37 -358.07 0.60 -167.17 0.60 -87.38
INT090 889.70 -144.96 0.60 156.38 0.60 935.26
INT091 859.53 401.00 71.86 7.22 271.06 0.60
INT092 0.00 491.80 -77.96 227.74 293.23 -178.06 897.90 -1,090.61 -109.88 -109.80 -69.84
INT093 0.60 890.95 286.10 630.17 -210.05 39.93 977.64
INT094 0.60 194.99 912.21 395.04
INT095 1,316.49 1,006.62 393.62 313.44 276.67 271.56 -152.35
INT096 0.97 154.17 -70.02 384.27 171.26 264.86 2.42
Pret final de excedent din luna Mai 2026
1/1