PDF PAGE 1
Data: 13.10.2025
lei/MWh
Interval/Data 01.08.2025 02.08.2025 03.08.2025 04.08.2025 05.08.2025 06.08.2025 07.08.2025 08.08.2025 09.08.2025 10.08.2025 11.08.2025 12.08.2025 13.08.2025 14.08.2025 15.08.2025 16.08.2025 17.08.2025 18.08.2025 19.08.2025 20.08.2025 21.08.2025 22.08.2025 23.08.2025 24.08.2025 25.08.2025 26.08.2025 27.08.2025 28.08.2025 29.08.2025 30.08.2025 31.08.2025
INT001 883.36 214.15 93.38 -3,598.76 699.22 6,099.14 44.37 -339.06 78.72 697.67 243.75 696.27 265.82 -153.14 188.39 -49.33 39.61 208.97 787.52 119.74 190.02 96.19
INT002 781.21 750.54 244.49 693.24 -4,857.96 751.67 694.67 152.45 165.45 -409.29 244.50 699.99 -132.12 620.25 59.54 902.74 267.57 252.35
INT003 280.18 192.80 -1,074.69 646.00 699.17 858.78 -94.84 182.94 16.65 268.00 207.35 131.09 171.43 13.81 698.96 291.74 699.22 187.81 343.14
INT004 699.78 -808.59 146.45 -96.30 290.77 698.21 688.35 -430.83 150.15 646.00 -59.08 205.45 -5,471.54 39.17 88.28 -96.44 659.40 697.65 815.80 10.63
INT005 850.57 1,345.23 -340.50 186.71 6,402.30 682.65 192.14 345.66 4,084.31 190.49 247.91 699.69 222.36 12.69 16.54 213.59 2,041.62 61.01 613.00 -1,395.18 632.64 -124.08 -156.31 167.30 181.89 172.64 699.97 821.55 155.99
INT006 3,957.32 699.90 698.57 181.39 -30.61 3,967.11 -414.50 170.78 282.81 691.12 694.92 196.99 285.61 700.00 413.99 -115.09 247.04 252.45 5,328.69 340.87 613.49 -20.21 475.00 -50.32 -126.18 312.13 196.13 205.08 700.00 901.91 233.56
INT007 699.79 698.62 116.22 -500.00 692.13 -4,620.75 214.41 684.18 696.33 187.34 699.18 3,256.39 321.49 -96.09 198.27 3,890.20 266.88 650.04 102.23 90.26 80.89 186.25 287.22 700.00 1,520.74 340.15
INT008 699.33 -2,782.93 1,106.11 224.81 643.37 646.00 9.98 684.54 699.63 151.75 -29.90 196.86 2,281.22 -1,141.97 569.00 111.05 -13.32 107.00 136.12 269.40 697.28 700.00 4,216.42 37.90
INT009 816.99 829.73 3,384.27 252.33 -3,807.82 6,280.74 2,957.12 336.40 222.36 307.86 888.45 179.67 690.36 363.04 89.84 187.26 219.85 7,262.81 -477.06 681.58 697.39 97.66 205.18 328.53 369.72 807.85 236.13
INT010 699.83 1,063.71 -4,999.00 6,499.00 1,137.56 222.21 227.62 130.36 171.26 420.00 124.69 120.64 222.97 2,239.13 311.02 693.73 693.84 110.36 420.00 393.15 699.44 166.88
INT011 699.00 699.60 -168.37 6,175.11 923.08 582.00 333.42 214.85 195.38 135.77 286.60 125.15 188.29 205.45 871.73 -133.52 646.89 40.58 694.78 110.82 600.00 235.12 239.46 244.78 699.00 256.07
INT012 337.44 699.00 698.81 -19.23 1,184.55 893.33 302.24 642.00 209.05 -200.78 157.75 145.45 166.72 977.15 -3,061.17 683.18 201.53 695.70 112.68 633.73 135.76 699.49
INT013 764.58 2,458.01 199.60 -10.01 300.80 4,636.45 170.38 328.77 178.36 112.41 367.49 646.00 201.72 208.21 239.18 -214.60 322.94 692.58 653.60 95.04 172.29 232.67 221.83 781.10 154.97
INT014 699.88 699.47 -0.97 -302.88 1,592.91 -130.94 251.01 -113.77 -174.16 354.39 229.66 206.08 256.31 4.34 699.28 141.79 645.27 599.65 108.01 165.03 167.30 724.32
INT015 361.23 699.00 1,965.32 575.00 987.12 148.02 294.65 208.80 -152.00 -427.64 335.28 195.56 228.58 217.56 420.00 1.85 699.37 130.41 670.62 617.45 86.15 224.76 230.91 -119.93 699.79
INT016 3,910.03 575.00 -77.26 1,074.00 -986.16 124.13 -981.83 247.48 321.20 69.57 196.00 186.42 140.21 420.00 1.23 700.00 145.13 643.54 688.45 97.68 190.00 211.12 -88.76 699.98 338.89
INT017 699.88 6,390.99 578.50 -343.54 699.98 855.34 -432.86 338.76 317.76 135.61 -211.80 248.76 382.35 159.04 14.47 347.30 -95.64 697.73 117.96 194.16 73.31 172.66 134.45 301.56 223.63 734.24 59.16
INT018 699.43 799.47 546.00 -185.46 655.48 855.04 180.98 195.91 -109.45 404.00 582.00 2.35 -236.72 -81.83 927.59 142.16 836.02 226.23 67.02 184.22 202.22 204.23 772.26
INT019 699.74 801.83 8.15 698.09 853.95 245.71 88.54 613.00 -1,000.02 259.49 691.76 2.33 89.82 -559.70 4,526.92 149.89 162.26 241.91 204.77 783.22 115.83
INT020 699.84 801.81 -122.61 699.85 648.22 264.33 212.54 199.39 381.71 225.15 196.98 21.43 311.30 -489.70 2,726.02 176.57 -71.66 -511.99 216.52 202.40 -83.66 788.41
INT021 420.01 787.30 129.38 -187.86 793.20 646.00 163.90 314.11 190.09 271.19 420.00 249.61 230.37 46.74 327.05 -817.71 90.34 336.73 330.99 67.48 219.38 194.02 81.16 175.57 699.16
INT022 209.52 790.35 98.16 -57.97 711.07 873.21 121.45 351.83 168.49 154.72 659.34 420.00 143.57 209.91 58.71 394.35 213.12 285.06 296.64 84.21 -186.59 199.17 175.16 699.91 815.58
INT023 -4,086.86 895.27 107.93 47.33 2,751.70 870.17 214.12 373.79 190.00 2,237.95 80.19 138.28 282.87 118.86 34.07 420.00 263.28 197.17 193.79 -454.11 189.04 167.02 765.58 1,000.00
INT024 -4,999.08 863.90 196.65 6,095.23 873.46 227.89 243.79 5,517.43 190.06 737.36 201.17 227.26 168.40 5.94 420.00 211.70 324.96 259.23 697.39 699.45 715.79 946.76
INT025 -672.83 1,246.45 209.85 788.17 179.99 552.00 -251.44 193.05 830.69 334.16 209.85 19.22 351.35 673.85 146.65 211.37 780.55 126.33 733.09 799.39
INT026 0.25 1,854.91 212.38 304.77 678.29 140.93 694.83 157.44 699.77 239.21 229.37 167.55 14.93 347.92 559.89 324.41 259.11 266.61 715.13 155.37 699.73 755.65
INT027 4.09 492.00 202.48 691.36 139.12 698.89 198.58 5,413.60 183.41 159.99 700.00 396.82 261.57 235.24 33.35 296.08 409.60 -480.07 236.58 699.32 192.34 699.85 791.50
INT028 -1,160.67 258.95 73.52 94.45 211.71 4,349.06 271.36 128.42 821.82 278.76 312.84 221.38 -19.63 192.67 289.00 689.37 342.45 230.06 47.01 1,049.34 26.53 785.47 799.95
INT029 -163.46 256.48 -488.85 -2,392.47 698.81 190.01 693.16 -3,159.53 618.59 795.67 -1,976.01 301.33 380.92 853.81 692.94 -2,764.84 688.49 -2,411.06 780.21 699.83 -228.63 906.56 877.61
INT030 699.89 -106.19 264.99 475.00 228.57 -2,669.22 646.00 158.97 659.68 -74.96 646.00 787.49 215.70 183.03 13.40 137.29 266.35 692.12 689.69 -4,803.71 642.88 168.20 724.78 699.67 876.68 814.78
INT031 699.77 -32.64 253.88 657.53 26.55 646.00 263.38 646.00 145.41 547.35 700.00 264.89 86.11 11.39 277.45 643.90 698.33 -4,999.00 603.08 209.91 699.88 699.00 804.05 801.01
INT032 114.99 -40.27 248.40 675.14 232.77 697.37 672.04 646.00 699.96 699.72 33.24 -89.48 275.19 644.31 700.00 -3,326.10 -2,670.94 346.71 699.85 344.50 783.20 88.91
INT033 -197.28 681.64 243.29 692.70 741.67 740.87 791.56 1,873.60 1,066.47 4,360.72 409.00 6,233.19 641.04 -108.33 335.11 315.63 698.22 -12.31 247.89 196.05 643.93 699.84 699.00 354.04 4,865.00 85.85
INT034 -325.12 699.12 687.83 387.73 106.56 662.57 696.78 688.48 687.41 808.08 -927.12 813.50 694.57 313.10 6,127.55 51.73 -244.82 -62.17 640.35 692.28 -37.93 -22.81 79.70 387.39 699.40 4,352.10 142.53
INT035 -3,862.70 699.00 -1,040.25 304.55 286.22 -1,109.80 15.40 646.00 645.36 606.00 810.32 -775.45 694.39 287.68 260.29 6,344.90 -27.12 -1,566.92 228.43 645.74 367.00 -1,702.12 372.37 325.20 721.27 164.24
INT036 -10,464.90 -1,733.75 -3,509.53 -169.38 -375.95 646.00 192.05 1,500.21 -5,401.84 646.00 374.34 92.35 680.81 -4,658.20 -1,521.69 247.98 282.33 -355.87 -3,370.90 112.99 286.24 -1,133.53 214.09
INT037 -904.41 557.55 -885.08 191.55 2,575.69 160.34 697.91 681.63 529.55 -9.96 5,317.57 -118.80 332.42 3,900.36 -1,943.97 238.45 688.75 766.81 -1,261.22 1,076.64 -3,194.51 385.12 2,431.06 283.80 563.16
INT038 699.00 506.76 698.00 192.93 550.40 -296.38 698.97 665.40 533.31 1,134.25 288.06 344.17 102.90 198.84 765.11 -3,421.81 372.14 769.10 724.59 643.41 220.56 420.00 -3,040.90 699.00 563.16
INT039 -1,183.42 697.37 -1,265.81 698.00 -454.58 212.82 559.67 -171.57 691.29 -3,104.43 674.84 -21.32 420.00 63.20 736.19 -4,294.96 389.80 682.59 747.37 645.48 -2,540.36 -4,999.00 253.21 -1,888.39 -7,358.17 699.66 563.16
INT040 -1,336.65 752.23 -2,948.98 698.00 -214.28 183.65 412.19 85.69 -235.03 558.36 -8,124.05 -252.68 118.05 0.23 146.49 657.65 -877.57 644.33 705.97 645.14 -1,139.85 -5,281.27 -778.98 -4,988.10 699.00 563.16
INT041 698.00 5,343.70 673.43 614.00 -23.91 668.06 20.35 -3,361.15 646.97 230.51 2,320.42 -2,132.90 -425.85 -1,471.64 113.64 646.00 1.56 193.32 727.37 4,138.04 658.21 457.66 170.53 45.58 31.88 736.99 18.10 179.77 4,744.96
INT042 137.82 797.67 730.60 614.00 -48.36 621.37 -48.65 649.89 683.51 -245.30 38.73 -997.58 336.37 65.65 646.00 -62.78 20.92 724.17 5,020.32 657.29 139.73 -1,202.04 12.98 -70.68 229.10 492.27
INT043 134.31 683.54 509.45 614.00 582.00 -9.17 539.12 604.25 -500.77 219.59 -59.87 652.12 24.27 518.97 646.00 -172.25 -88.80 690.37 707.95 680.47 22.74 74.25 28.14 -68.51 699.09 473.11
INT044 699.00 454.88 614.00 -115.74 582.00 -2,568.83 -99.96 595.65 -2,092.61 514.88 -2,039.65 199.22 24.31 24.28 524.94 247.47 -144.42 645.82 550.22 644.48 -2,132.31 61.36 -99.65 4,827.85 658.82
INT045 34.61 699.82 190.00 -218.35 534.02 1.10 569.35 450.00 729.80 15.17 597.51 620.96 550.00 487.71 -837.77 3,005.31 511.05 488.59 -1,994.85 125.17 20.33 543.89 2,699.67 4,738.29
INT046 81.47 745.27 -13.10 191.14 -209.90 450.06 585.62 -116.06 559.51 625.68 -249.95 550.00 582.73 550.00 487.71 699.77 510.49 488.59 0.01 6,783.88 2.20 17.58 3,859.25 722.20
INT047 87.25 550.00 129.59 570.00 -1,895.26 -5,351.41 556.70 30.52 588.67 525.38 504.00 50.25 527.74 51.39 537.10 733.65 510.49 488.59 -2,125.77 5,858.42 696.38 45.87 652.52 531.73
INT048 550.00 -1,463.92 570.00 -628.15 -4,322.16 -5,620.06 475.00 530.23 492.77 527.77 7.15 514.77 31.39 108.06 487.71 8.93 1,045.17 510.49 488.59 -4,732.25 -2,173.62 665.20 0.06 723.39 525.93
INT049 51.82 579.01 450.00 207.56 -44.80 -2,914.12 -6,949.19 -20.31 556.37 613.40 -45.24 -179.29 45.70 633.39 465.19 651.91 451.99 5,743.49 1,948.96 -23.04 550.00 81.72 0.17 -85.76 642.01
INT050 31.50 550.00 196.71 -1,720.85 -4,973.15 475.84 627.29 -43.99 -287.59 550.00 824.96 465.19 633.29 528.13 8.68 0.28 2,584.18 3,061.94 86.26 59.59 41.19 0.07 -90.39 254.21 781.40
INT051 109.14 550.00 505.00 -31.89 100.87 3.55 8.58 601.24 832.36 27.85 0.09 699.13 3,517.06 -292.97 0.12 52.97 5.31 0.03 -94.53 169.56 471.70
INT052 96.27 619.19 450.00 571.42 -2,228.49 -575.74 -1,328.98 2.66 555.23 -1,872.59 -1,302.81 39.65 623.36 -1,131.49 198.63 -3,408.60 31.29 0.76 699.97 2,959.48 0.00 -3,836.93 0.03 0.06 -94.10
INT053 112.62 666.96 450.00 46.74 -799.25 -911.29 -4,730.56 -191.01 515.20 250.95 323.35 628.43 668.63 -4,652.09 2.08 -4,999.20 0.14 -54.39 26.73
INT054 104.78 550.00 450.00 28.13 -145.60 -3,949.81 -4,999.00 -4,822.51 -174.10 61.61 450.41 65.02 374.97 23.85 544.53 675.67 -2,634.84 141.51 -1,514.63 -5,416.19 -649.48 0.05 -50.40 -14.18 489.65
INT055 98.14 550.00 450.00 87.65 -25.85 -104.00 -2,273.55 -4,999.37 -2,854.47 21.24 -395.84 569.47 189.23 -163.28 549.88 192.63 -51.29 -4,999.12 -4,315.18 0.00 -2,271.68 -61.60 -51.20
INT056 101.05 550.00 450.00 420.61 581.95 641.09 -336.22 -1,828.43 -4,999.00 -0.21 -1,990.67 44.09 158.14 313.99 450.04 -162.67 6.07 597.13 644.20 -3,278.42 -5,813.42 -1,745.78 12.75 -2,020.43 -68.12 17.18
INT057 -398.52 102.26 -1,243.74 562.56 792.49 699.85 234.00 -2,689.90 112.43 -151.21 -4,999.00 -40.00 -1,180.21 78.65 136.76 -107.18 672.12 190.48 645.84 -130.00 -1,274.05 -2,336.26 -2,627.20 24.62 -62.62 172.50 159.46
INT058 77.79 550.00 -418.11 299.35 863.32 611.65 234.00 -55.47 -2,676.79 465.21 -257.39 56.66 -770.83 -2,458.63 1.10 -371.68 61.53 -168.51 -5,605.60 -159.13 24.45 22.08 10.22 -55.55 8.82 228.36
INT059 36.89 550.00 271.00 1,145.73 474.94 -44.74 200.44 -1,105.49 -2,358.06 465.21 -89.55 88.47 -1,421.67 -460.47 450.00 -3,710.82 176.21 -4,829.81 114.51 -359.17 -1,289.50 -127.65 475.00 73.29 0.24 -40.19 91.20
INT060 128.90 271.00 696.36 -700.74 -2,495.96 -4,019.36 64.17 200.62 -2,640.57 465.21 29.90 547.87 123.30 450.00 169.77 -3,552.78 46.63 -245.84 -2,418.40 -128.48 -2,724.86 18.86 15.03 -80.52 433.43 63.87
INT061 -4,617.42 208.54 309.61 -171.49 -24,967.38 9,312.54 -1,122.54 -116.34 -21.66 -764.75 178.88 518.41 135.90 450.00 -2,616.39 -3,870.77 624.20 -1,849.59 -1,408.24 -2,558.07 -4,999.15 -1,113.68 6.08 -86.24 464.87 40.03
INT062 -4,999.00 550.00 188.53 244.43 490.98 250.00 -94.80 -3,979.67 -26.72 574.93 475.00 190.00 450.00 581.29 -4,896.95 304.63 -182.50 95.70 -2,333.00 475.00 2.51 -93.24 435.09 -4,144.03
INT063 -2,027.63 615.43 157.11 452.33 682.66 4,292.26 -275.23 340.86 450.00 -1,091.99 621.63 532.34 187.33 531.46 450.00 -165.00 675.58 -3,110.53 300.23 -342.19 -1,066.66 475.00 12.19 36.58 -66.11 562.51 -4,999.81
INT064 -654.37 550.00 253.00 648.51 1,526.00 -241.22 372.53 516.66 -3,421.73 -1.69 621.65 626.77 171.14 522.00 283.62 159.77 628.79 268.19 -629.43 452.06 -242.84 28.97 8.24 -165.00 475.02 -87.82 777.57 -4,999.97
INT065 -3,217.63 172.43 -389.34 -141.37 -125.13 356.38 484.30 -16,751.41 190.20 478.00 -2,708.50 522.00 -42.18 262.92 -27,136.26 -4,041.71 253.50 -2,817.01 -4,829.95 50.20 -2,126.03
INT066 -19.45 -3,345.95 -814.93 -9,424.01 5,878.72 -198.00 622.56 -280.45 671.32 625.50 -1,853.32 522.00 -243.96 157.31 -45.67 190.69 692.59 -105.68 -4,063.81 -3,228.72 -573.89 64.87 0.50 632.90 -118.22
INT067 -146.37 -182.96 41.53 -4,886.05 6,752.63 -216.27 53.34 581.78 -7,290.51 557.00 190.25 -1,116.03 257.95 0.40 190.16 770.36 473.66 -3,596.62 -3,755.53 -135.61 185.18 19.38 551.96 -150.62
INT068 167.66 540.14 512.66 102.70 -2,026.21 2,972.65 -162.44 805.65 2,543.65 190.00 77.89 646.49 683.89 369.89 623.28 631.46 604.37 691.67 511.24 27.16 -138.58 -147.59 267.28 25.80 534.06 2,362.59
INT069 160.81 74.78 -3,331.28 7.11 -1,716.59 -4,974.26 77.88 -1,295.22 172.29 855.30 538.79 -4,652.55 -3,020.73 22.60 -5,146.14 475.00 -6,578.75 -6,741.28 69.96 -366.49 183.03 -1,312.88 75.38 4,672.44
INT070 171.93 658.03 655.96 89.53 -1,283.97 628.15 -23.42 190.00 5,970.25 675.20 -46.02 50.43 194.61 1.58 -5,487.13 110.99 684.88 -4,618.04 -5,740.96 475.00 143.77 -728.43 342.51
INT071 182.54 2,792.67 618.61 -162.75 78.72 12.40 687.91 190.00 7,001.00 1,315.95 276.15 52.86 202.29 216.80 -991.27 -110.63 1,289.24 45.79 -110.46 475.00 1.38 174.33 -563.25 381.97 76.30
INT072 372.92 6,435.34 932.09 3,999.64 4,544.56 0.00 670.60 6,742.50 190.00 3,339.09 6,544.99 2,769.20 664.59 5,701.76 123.71 111.99 -203.89 1,382.28 205.95 1,015.09 -344.44 496.34 0.80 597.26 757.53 215.67
INT073 200.00 608.54 -5,871.47 -6,465.56 -4,360.44 -142.92 -104.09 1,109.98 270.09 164.34 176.51 317.60 176.49 -3,046.23 -1,962.03 805.60 -5,397.24 558.70 -1,455.36 390.00 -488.18 0.00 -4,120.56
INT074 817.81 680.64 3,544.27 699.95 -136.00 158.34 -2,741.21 522.50 2,272.15 276.61 475.00 310.10 225.84 26.31 281.67 -364.69 147.02 859.62 -3,795.15 6,193.10 209.56 26.16 753.83 -301.72 194.63 -109.72
INT075 390.00 4,664.03 920.08 3,546.48 60.84 249.65 159.99 855.03 1,726.06 767.17 219.16 255.02 198.64 -207.21 102.84 981.55 -1,806.22 3,606.18 390.00 575.21 914.13 -41.33 205.15
INT076 730.60 6,899.97 4,103.04 768.84 6,649.30 674.53 246.94 2,089.12 5,307.27 6,588.13 3,826.78 2,519.25 6,545.56 644.29 5,997.15 713.58 73.99 89.27 152.98 1,900.71 169.54 1,215.28 192.77 645.42 3,968.25 5,192.35 692.13 3,030.38
INT077 630.44 803.35 700.00 696.88 591.86 -3,133.58 -3,220.40 0.00 5,588.30 269.57 241.72 365.08 220.54 26.63 -2,199.51 91.25 699.92 25,445.70 92.31 990.20 607.16 666.40 682.73 1,472.59 -110.29 272.63 311.11
INT078 937.59 773.18 875.46 704.46 665.01 1.48 220.71 635.08 6,830.47 217.60 112.67 4,220.50 699.92 185.16 970.39 185.24 -3,251.16 700.00 110.09 611.40 1,019.99 666.64 3,807.47 175.58 108.18 308.66
INT079 1,217.58 2,290.03 2,034.86 762.42 -39.59 230.10 3,942.63 3,697.61 277.03 4,528.80 1,761.62 208.85 1,094.89 65.32 -3,565.80 1,004.10 -267.54 -336.16 1,083.12 695.81 4,201.92 -81.05 12.88 327.16
INT080 5,355.19 988.16 3,343.08 6,483.76 1,189.81 1,036.36 4,089.36 718.32 6,723.62 5,794.41 1,272.17 232.43 8.75 920.90 1,121.20 318.23 252.45 312.35 892.95 5,001.50 1,567.00 3,409.32 1.08 313.21
INT081 92.87 216.36 1,707.98 -233.97 288.13 1,652.67 375.42 1,917.90 1,438.29 173.87 941.38 11.96 193.09 722.65 841.30 -198.17 200.38 -1,586.39 553.06 863.94 37.87 67.53 -31.99 216.27
INT082 313.69 189.18 241.93 242.23 915.12 336.02 320.98 1,699.95 345.78 1,664.51 699.98 313.21 969.81 49.10 233.34 514.63 1,023.97 -141.81 281.08 -3,735.34 813.86 1,338.08 700.00 167.05 1.07
INT083 261.11 258.72 2,397.42 1,090.23 223.62 1,284.81 90.93 242.25 1,800.99 373.45 1,692.63 1,190.29 165.19 1,199.81 123.21 251.68 1,053.20 -338.83 620.32 231.83 852.45 1,080.35 1,011.52 3,262.42 179.23 1.54
INT084 264.53 849.40 5,906.26 1,425.04 288.63 3,090.86 3,459.11 1,493.23 390.00 1,165.38 1,689.03 1,235.29 335.65 1,270.31 207.98 50.12 755.05 296.17 1,015.50 31.33 252.02 776.52 1,143.75 1,243.66 1,439.59 1.73
INT085 234.94 740.87 1,519.45 700.00 290.95 1,535.57 5,946.28 1,134.17 1,382.52 2,034.43 699.37 206.97 999.87 367.31 54.40 700.00 951.86 -95.88 129.54 9.28 1,223.06 1,060.78 1,101.53 -539.89
INT086 356.36 700.00 303.21 4,331.92 6,696.95 1,135.95 1,400.13 2,358.12 5,553.09 1,773.78 133.85 992.66 303.43 93.83 251.75 697.00 -1,455.49 -2,868.36 10.41 360.55 978.47 3.26
INT087 757.76 1,238.07 1,843.94 1,666.57 947.33 338.75 103.64 5,181.13 1,903.39 1,806.15 -261.16 -77.22 95.10 208.72 -30.15 124.33 -144.34 -4,148.78 2.99 385.36 387.97 -386.68 32.90 4.32
INT088 700.00 2,277.55 307.79 1,509.17 1,889.34 352.53 -1,751.13 -332.58 1,445.31 2,361.94 -2,116.55 -130.84 31.47 245.61 -1,873.62 262.79 8.46 -3,592.75 3.88 180.77 -388.23 93.89 -1,392.29 267.13 7.48
INT089 1,671.83 1,131.46 1,107.86 962.63 3,524.24 1,154.32 4,645.35 0.00 5,327.38 1,420.89 5,176.87 -349.02 0.95 322.41 -247.96 -5,180.67 1.64 164.26 850.39 -619.10 696.16 -8.84
INT090 1,003.82 152.80 159.13 917.25 2,169.56 2,876.94 1,332.97 380.11 316.85 -926.65 4,808.65 266.95 1,701.31 72.48 -223.18 303.28 -249.66 282.10 -243.04 -5,880.88 -826.63 171.80 658.62 -61.50 -716.50
INT091 177.67 699.97 288.24 126.70 937.80 1,232.28 -2,375.35 2,955.58 420.00 333.69 -2,488.41 3,313.96 -101.90 159.29 256.66 -100.58 -1,565.41 150.03 -137.48 -1,543.27 -1,756.05 60.40 157.55 -535.85 10.99
INT092 237.76 -980.43 94.78 -5,874.58 -21.47 -3,263.85 -4,928.51 -3,458.00 -34.98 193.78 37.55 75.53 -4,602.24 -34.13 -1,368.45 -1,986.24 -1,266.68 -608.09 -399.42 -2,951.97 -131.99 -2,428.30
INT093 839.50 215.92 794.53 871.73 4,095.40 -653.62 6,883.86 249.45 -2,060.83 889.76 -1,700.41 716.68 146.86 239.67 1,213.74 -359.42 -2.08 112.05 699.69 1,147.61 97.07 -156.93
INT094 739.84 91.68 752.77 -4,465.65 -905.37 5,021.04 -433.37 700.00 -2,674.81 1,080.66 231.97 232.42 60.67 1,084.55 205.31 740.10 -75.05 -5.55 696.53 275.02 206.48 121.46 -686.00
INT095 318.13 301.69 -4,239.79 82.96 6,213.25 696.47 218.89 -726.23 700.00 -2,478.16 247.89 265.34 155.14 1,413.06 245.89 698.65 3.54 630.39 11.63 194.04 643.53 225.80 105.03 2.89
INT096 310.08 -1,756.89 215.32 203.77 -4,999.75 50.22 781.87 244.06 51.91 -3,895.60 -715.80 204.00 245.02 249.02 49.48 699.78 214.49 698.95 -150.49 -46.82 157.47 642.42 -152.41 253.88 -376.48 -389.37 -3,878.17
Pret Final Unic din luna August 2025
1/1