PDF PAGE 1
Data: 24.03.2025
lei/MWh
Interval/Data 01.02.2025 02.02.2025 03.02.2025 04.02.2025 05.02.2025 06.02.2025 07.02.2025 08.02.2025 09.02.2025 10.02.2025 11.02.2025 12.02.2025 13.02.2025 14.02.2025 15.02.2025 16.02.2025 17.02.2025 18.02.2025 19.02.2025 20.02.2025 21.02.2025 22.02.2025 23.02.2025 24.02.2025 25.02.2025 26.02.2025 27.02.2025 28.02.2025
INT001 -744.73 360.96 1,105.01
INT002 264.47 306.91 972.36
INT003 719.32 193.35 360.41 903.58 1,005.51
INT004 658.45 110.81 -1,042.84 171.08 360.34 854.34 778.70 167.59
INT005 1,185.96 1,017.37 360.82 390.75 371.67
INT006 889.51 361.00 363.59
INT007 1,099.15 360.00 1,007.91 161.57 881.65 361.00
INT008 863.73 144.69 151.23
INT009 861.88 360.28 361.00 662.33
INT010 804.37 362.22 185.68 178.29
INT011 1,015.03 87.11 863.64 855.70 361.19
INT012 977.12 385.26
INT013 -37.90 300.99
INT014 94.56 176.88
INT015 193.68 229.10
INT016 38.61 187.57 361.00 185.76 695.45
INT017 709.25 94.37 855.51 756.21 200.00 364.34
INT018 1,106.70 166.80 707.33 882.41
INT019 336.67 272.75 156.51 1,017.94
INT020 349.68 335.72
INT021 913.14 361.00 200.00 366.00 208.02
INT022 281.71 1,084.75 186.09 646.72 388.32
INT023 320.00 339.91 1,311.75 1,010.96 924.98 -372.43
INT024 350.00 143.88 336.94 386.40
INT025 -137.38 -374.47
INT026 135.23 366.00 358.11
INT027 274.38 749.72 663.37 1,126.73 360.00 3,812.05 852.48
INT028 348.91 109.27 360.34 -412.39
INT029 1,013.03 927.47 851.44 661.84
INT030 0.00 1,008.37 1,026.61 360.58 0.00 950.97
INT031 983.16 -25.94
INT032 480.93 359.09 982.39
INT033 937.67 911.84 271.81 984.22 0.00 -69.75 372.70 111.27
INT034 1,117.54
INT035 364.75
INT036 360.00 360.00 -508.91 360.00 361.04 361.00 26.25
INT037 1,064.84 -759.39 8.49 5,615.22
INT038 -56.60 3,402.46 361.00 160.41 -2,675.64 367.13 30.19 366.49
INT039 -1,909.78 -167.55 70.77
INT040 -533.91 227.37 1,176.17 -4,235.02 -217.27
INT041 196.74 13.62 171.19 13,277.04 -4,085.18 4,798.01
INT042 -1,159.92 -165.86
INT043 -105.50 137.71 1,362.28
INT044 -5,920.90 -2,616.38 -3,007.24 276.20 871.07 -3,001.14 -89.43 -193.12 36.49
INT045 -2,862.09 721.45 265.35 360.26 -427.12
INT046 1,486.34 216.68 -2,322.27 104.60
INT047 999.23 46.15 -38.23 50.06 -1,744.79 111.04 1,313.48
INT048 -1.38 -153.43 -1,691.16 -2.11 -54.85 -249.78 944.67 -3,030.63
INT049 201.73 2,283.29 75.17 1.88 17.01 -867.57
INT050 45.06 1.73 11.93
INT051 2.74 -18.06
INT052 -153.50 1.36 2,186.51 360.87 360.15
INT053 -120.69 463.02 156.07 108.78 277.92
INT054 -242.42 -135.98 360.00 83.87 366.55
INT055 -1,269.92 66.60 -1,038.69
INT056 0.10 -1,049.32 -86.17 -2,837.19
INT057 0.10 163.70 -314.65 -75.84 910.24
INT058 0.10 -140.92 -130.61 8,442.19 332.09 -6,934.93 197.20 -1,079.35
INT059 157.00 3.91 -112.26 -1,248.32 -162.99 13.93
INT060 157.44 0.57 691.38 -949.23 -2,533.82 -158.82
INT061 -524.43 628.42 -131.73
INT062 -57.32 361.00 864.85 162.43
INT063 -165.81 7.45 0.40 707.61 0.20 0.50 29.53
INT064 118.87 -455.64 -484.89 2,403.34 12.38 0.50 7,443.36 5,975.50 0.50
INT065 969.56 349.85 2.40
INT066 194.76 -1,479.00 0.70 148.30 56.46 -1,883.23
INT067 1,110.51 -197.49 0.60 0.55 360.00 1,362.68 52.63 1,894.82 8.20 0.70
INT068 2,869.10 737.49 -367.14 360.00 361.00 52.00 2.52 -1,205.70 350.90
INT069 986.15 1,067.17 294.46 -3,419.44
INT070 2,117.78 374.86
INT071 360.00 106.10 360.00 361.00 363.10 361.00
INT072 1,005.52 903.36
INT073 932.19 360.00 853.86 1,343.39 952.67
INT074 1,222.06 360.82 127.42 0.90 1,018.85
INT075 1,287.72 360.00 1,026.49 893.32 1,038.51
INT076 1,257.18 789.66 723.63 390.00 145.00
INT077 350.00 393.73 360.00 360.00 361.00 365.25 1,748.91 811.10
INT078 1,342.58 1,169.78 360.00 360.00 364.33 872.84 390.00 400.00
INT079 1,017.17 978.45 365.00 876.50 383.67 1,233.23
INT080 79.91 360.00 1,653.22 750.69 362.11 1,011.57
INT081 384.93 0.00
INT082 103.97 360.00 691.13 781.53 960.25 385.73
INT083 365.19 164.37 372.37
INT084 438.35 965.48 728.39 764.61 788.39
INT085 945.83 1,130.92 297.87
INT086 360.00 970.68 366.00 360.34 361.45
INT087 1,344.94 360.05 362.12 902.13
INT088 883.73 546.32 663.55 804.40 1,005.68
INT089 512.51 -299.78
INT090 1,027.69 360.00 537.33 1,095.41 1,022.34
INT091 273.56 1,001.21 931.80 1,235.79 913.39 160.46 362.69
INT092 1,053.83 897.76 242.33 188.42 200.71 959.60 1,104.15 201.04
INT093 -467.20 988.88 1,121.08
INT094 802.00 973.82
INT095 1,097.89 995.02 361.00 791.25 838.18
INT096 849.20 925.62 360.26 179.63
Pret final de excedent din luna Februarie 2025