PDF PAGE 1
Data: 29.05.2025
lei/MWh
Interval/Data 01.04.2025 02.04.2025 03.04.2025 04.04.2025 05.04.2025 06.04.2025 07.04.2025 08.04.2025 09.04.2025 10.04.2025 11.04.2025 12.04.2025 13.04.2025 14.04.2025 15.04.2025 16.04.2025 17.04.2025 18.04.2025 19.04.2025 20.04.2025 21.04.2025 22.04.2025 23.04.2025 24.04.2025 25.04.2025 26.04.2025 27.04.2025 28.04.2025 29.04.2025 30.04.2025
INT001 949.76 1,030.45 154.59 764.72 3,264.18 946.79 158.67 712.94 887.94
INT002 -627.44 732.73 238.47
INT003 850.37 899.51 700.00
INT004 857.20 141.49 815.22
INT005 744.00 -395.66 206.06 135.07 898.55 916.82 735.13 464.06
INT006 734.87 70.13 862.28 371.31
INT007 1,194.49 238.42 262.86
INT008 -4.78 346.11 1,135.75 52.59 101.51 235.69 735.37 915.40
INT009 942.04 71.77 429.85 858.38
INT010 822.97 787.10 494.34 257.41 741.78
INT011 725.83
INT012 591.59 118.15 744.00 74.40 79.42
INT013 186.03 -215.26 278.97 154.80 508.66 821.55
INT014 393.10 393.40 718.86 571.69 825.06
INT015 717.83 444.85 193.90 255.22
INT016 409.26 425.25 331.52 76.33 392.60 43.49 192.69 853.98 1,330.41
INT017 336.54 238.49 416.52 741.42 36.34
INT018 958.58 188.28 888.92 208.91 60.90 725.04
INT019 744.00 1.64 72.14 423.92 880.10 229.99 416.39
INT020 913.86 700.00 10.34 877.76 882.46 -779.58 439.80 728.24
INT021 856.74 389.92 1,155.81 88.67
INT022 328.15 678.66 714.84 466.82
INT023 381.36 1,823.55 417.62 -8.07
INT024 744.00 788.53 367.84 1,262.61 439.37 130.85 469.47
INT025 833.00 29.83 188.05 1,013.85 224.17 382.54 83.60 1,381.82
INT026 833.00 897.27
INT027 210.07 896.97 176.03 708.25 84.40
INT028 790.08 261.47 381.58
INT029 79.73 -1,558.99 899.74 987.64 66.72 -1,663.92
INT030 999.06 413.91 896.68 555.58 828.37 117.84 98.88 519.23
INT031 115.87 742.24 895.11 74.48 101.19 66.63
INT032 395.13 440.57 28.98 293.21
INT033 975.77 241.21 1,452.92 161.11 1,974.39
INT034 407.37 645.39 26.80 1,054.69 -586.40
INT035 2,082.27 526.17 123.27 40.77 1,163.48 -1,481.03 -972.23
INT036 207.77 703.70 588.10 858.07 -45.56 -2,120.73 -2,936.78 -1,175.54
INT037 251.09 635.85
INT038 585.64
INT039 331.63 -22.02 -1,194.07 204.92 38.53
INT040 222.55 153.23 2,198.69 305.62 -2,985.77 -727.35 -279.09
INT041 107.82 940.87
INT042 271.31 779.69
INT043 -354.45 789.31 55.30 79.12 351.11 -267.81
INT044 80.58 212.22 2,740.41 -735.87 -1,599.49 -2,951.40 -285.00
INT045 341.00
INT046 -1,383.40 83.91 127.50 584.49 177.21 20.23
INT047 526.04 451.86 197.52 297.77 13.76 7.49
INT048 -46.94
INT049 2,941.89 261.01
INT050 155.66 32.10 400.52 450.96
INT051 448.01 883.91 18.05 254.52 27.76 14.95 0.44
INT052 448.00 882.20 156.23 151.82 240.90 -4.55
INT053 0.00 223.74 284.46 -16.75
INT054 15.50 0.00 492.35 208.53 371.55 367.85 357.29 -13.64
INT055 -9.01 557.26 879.53 349.08 377.68 370.54 594.38 -28.83 3.10
INT056 1.12 450.00 310.10 450.00 357.23 481.34 -19.63 7.31
INT057 162.91 259.26 265.73 -3.44 17.74
INT058 -10.63 -485.64 341.75 145.49 732.76 -13.08 4.05
INT059 -7.93 450.00 173.26 191.93 -10.17 -6.20
INT060 -427.24 142.18 189.78 1,364.19 243.10 210.44 -274.44 -1,377.13 -2.75
INT061 376.45 332.02 27.78 174.41 979.27 313.14 608.18 -27.82
INT062 378.26 355.38 -63.40 591.02 513.65 -22.60
INT063 247.45 377.63 93.88 -76.26 6.42 637.56 119.86 -72.65
INT064 145.09 2.32 359.52 -55.28 -13.36
INT065 -454.25 137.96 245.77 241.64 2,879.90 501.46 -2.49 165.72 285.42 -669.42 -1,669.36
INT066 27.65 677.69 571.38 -45.19 350.78 397.44 -2,227.55
INT067 4.27 1,281.12 306.22 442.27 -480.91
INT068 180.33
INT069 1,821.79 13.10 492.93 -1,138.73 491.98 769.37 -4,395.09
INT070 130.16 734.03 1,109.62 51.82 278.09 -6,116.69 -2,587.38
INT071 276.53 1,215.98 480.19 530.39 169.04 1,381.78 -1,745.26
INT072 3,000.00 329.65 127.49 474.01 3,115.82 334.38 1,456.57 127.98
INT073 -461.54 1,246.01 660.51 297.66 203.23
INT074 103.24 517.22 421.25 -1,874.42 1,178.55 380.54
INT075 487.80 2,186.58 -477.86 541.36
INT076 859.15 4,030.20 382.48 164.03 -102.87 91.59
INT077 280.07 -1,789.86 497.16 252.21 -748.70
INT078 119.11 292.60 1,092.49 1,098.18
INT079 448.37 409.00 1,742.58
INT080 880.40 -537.30 352.75
INT081 94.06 1,341.14 165.09
INT082 1,059.72 856.55 894.57 443.68 427.97
INT083 1,059.28 1,079.73 368.81 558.89 404.49 1,046.02 57.06 533.06
INT084 1,133.60 1,560.46 855.23
INT085 24.64 4,532.54 960.45
INT086 563.62 449.53 900.00 1,012.29 900.00 780.77 700.00
INT087 105.01 229.06 264.76 1,754.34 294.06 119.60 591.46
INT088 1,439.34 1,013.57
INT089 -1,184.07 246.61 1,052.36 170.77 650.93 -459.07 400.75
INT090 92.77 292.82 272.66
INT091 944.62 -1,144.52 1,975.80 876.63
INT092 121.60 85.12 -2,059.23 930.11 -840.57
INT093 -69.61 -731.90 -1,743.36 1,020.26 865.27 0.00 847.10
INT094 195.53 1,836.60 769.41 132.46
INT095 1,590.78 209.81 859.96 704.58
INT096 842.17 86.20 847.60 -263.08 -949.42 883.95 122.44
Pret final de deficit din luna Aprilie 2025
1/1