PDF PAGE 1
Data: 11.08.2026
lei/MWh
Interval/Data 01.06.2026 02.06.2026 03.06.2026 04.06.2026 05.06.2026 06.06.2026 07.06.2026 08.06.2026 09.06.2026 10.06.2026 11.06.2026 12.06.2026 13.06.2026 14.06.2026 15.06.2026 16.06.2026 17.06.2026 18.06.2026 19.06.2026 20.06.2026 21.06.2026 22.06.2026 23.06.2026 24.06.2026 25.06.2026 26.06.2026 27.06.2026 28.06.2026 29.06.2026 30.06.2026
INT001 896.76 337.41 552.65 650.21 676.74 92.28 334.49
INT002 255.81 896.44 278.17 255.27 11.78
INT003 58.54 331.88 410.00
INT004 131.62 93.02 918.40 922.54 304.47
INT005 293.91 932.75 95.88 -114.53 277.28 803.70 76.91 260.65
INT006 272.27 726.18 84.70 946.99
INT007 277.19 -61.67 718.35 302.31 88.01 400.00
INT008 221.90 725.52 -38.51 292.93 750.36 565.64
INT009 376.62 704.27
INT010 394.47 400.00 933.62 87.20 270.00
INT011 795.72 346.24 136.53 77.63 208.98 256.60 824.91
INT012 811.79 330.69 946.69 38.23 48.26
INT013 938.50 265.67 0.00 166.89 400.00 283.30 -53.98
INT014 870.39 115.75 956.46 251.00 -97.71
INT015 914.12 718.42 214.90 91.36 251.00
INT016 264.68 23.77 2,547.04 -20.89
INT017 910.77 919.61 874.58 2,595.13 316.84 920.27
INT018 464.46
INT019 112.27 869.39 941.79 251.00
INT020 812.17 741.13 697.21 852.21 501.66 896.75 -39.60
INT021 305.64 231.74 118.12 885.83 260.85 263.05 0.78 391.29 400.00 -0.51
INT022 119.08 400.00 398.31 1,063.29
INT023 101.81 270.96 687.74 3.48 392.00 974.60 91.27 864.49 400.00 867.76 114.59
INT024 924.39 50.05 729.23 743.14 1.95 384.87 835.14 79.39 117.31 132.03
INT025 741.71 115.56 -79.75 254.78 52.37 745.37 -119.37 265.10 404.00
INT026 390.00 400.00 723.41 159.42 84.02 -44.11
INT027 283.78 -11.38 46.83 159.37 30.39 120.57 -322.86 123.91
INT028 -14.84 -3.04 258.22 367.50 -91.57
INT029 -53.34 -304.41
INT030 343.13
INT031 -295.53 922.83
INT032 3.24
INT033 6.49 -2.16 18.84 266.78
INT034 0.88
INT035 0.50 -19.65
INT036 904.95 312.48 0.50 266.34 135.80
INT037 407.45
INT038 -398.69 -518.86
INT039 -3,766.57
INT040 48.54 510.64 -76.80
INT041 940.30 178.21 -439.87 -19.60 498.82
INT042 -4.92 -312.37 -2,061.32
INT043
INT044 122.72
INT045 44.31 -4,126.54 621.60
INT046 -105.26 522.03 -27.25
INT047 -105.10 566.62 424.74
INT048 320.65 -53.43 7.66
INT049 515.22 511.64 -632.18
INT050 -1,176.94 434.77 -103.05
INT051 -511.95 -249.76 526.56 515.05 305.61 538.59
INT052 -2,020.61 -104.06 376.29 68.03
INT053 457.54 0.23
INT054 252.84 64.15 0.00
INT055 179.25
INT056 462.78 15.35
INT057 18.93
INT058 817.02 24.77 260.02
INT059 30.09 544.70 674.87
INT060 -3,409.36 -4.12
INT061 540.63 83.57
INT062 -44.78
INT063
INT064 -142.29 477.16
INT065 -155.61
INT066 687.68
INT067 449.10
INT068 22.46 408.82
INT069 504.19 7.88 400.00
INT070 783.95 540.66
INT071 567.55
INT072 11.05 596.40
INT073 401.00
INT074 -171.61 514.78 1,026.22
INT075 5.53 -361.41
INT076
INT077 244.05 312.08
INT078 133.93 269.96 363.65
INT079 7.65 1.19 131.06
INT080 274.21 -124.28
INT081 143.56 1.10 26.14 261.92 -5,998.37
INT082 320.82 -1,338.75 258.28 -5,432.35
INT083 -168.26 894.68 400.00
INT084 1,202.67 1,154.65 886.23 927.14
INT085 400.00
INT086 400.00 270.15 820.54
INT087 512.05 263.08 342.98
INT088 748.39 321.40 272.93
INT089 751.53 177.13 281.70
INT090
INT091 274.68
INT092 -35.90 267.32 162.78 -106.05 281.72
INT093 942.64 779.55 -412.77 -340.02 -187.48 1,291.79
INT094 865.61 746.20 923.78 257.35 899.84
INT095 57.38 214.86 325.08
INT096 267.81 57.57 859.51 26.68 177.86 830.25 105.11
Pret final de excedent din luna Iunie 2026
1/1