PDF PAGE 1
Data: 16.12.2025
lei/MWh
Interval/Data 01.10.2025 02.10.2025 03.10.2025 04.10.2025 05.10.2025 06.10.2025 07.10.2025 08.10.2025 09.10.2025 10.10.2025 11.10.2025 12.10.2025 13.10.2025 14.10.2025 15.10.2025 16.10.2025 17.10.2025 18.10.2025 19.10.2025 20.10.2025 21.10.2025 22.10.2025 23.10.2025 24.10.2025 25.10.2025 26.10.2025 27.10.2025 28.10.2025 29.10.2025 30.10.2025 31.10.2025
INT001 799.92 -93.83 1,010.01 -82.86 97.20 6,798.55 293.64 4,618.71 -483.87 862.49 669.00 796.33 163.97 122.56 197.82 -55.25 85.23 246.26 776.00 801.48
INT002 281.26 -273.77 1,020.07 -98.04 498.07 5,228.36 783.33 3,451.71 669.00 672.27 690.00 300.34 790.21 793.47 316.00 400.00 27.47 773.30 553.19 106.50 776.00 491.47 769.96
INT003 799.12 972.46 -142.62 6,413.46 5,658.09 1,382.35 766.79 686.97 891.62 784.28 309.91 953.44 255.04 799.91 799.76 36.48 778.64 500.00 179.93 776.00 1,122.90
INT004 802.34 2,739.10 6,095.13 6,650.79 950.91 861.49 971.23 685.55 696.68 324.92 846.14 796.95 795.85 266.21 -342.97 789.76 799.97 -38.19 767.36 100.18 1,025.35
INT005 30.01 116.52 1,001.87 671.05 -48.55 6,055.99 6,904.01 2,592.16 544.67 974.37 223.39 837.69 191.06 157.09 891.52 6,053.60 -116.64 791.98 -1,898.60 779.25 63.54 795.00
INT006 700.00 2,186.94 550.00 36.74 870.83 2,770.96 724.66 752.84 311.05 775.82 793.77 381.25 835.29 280.76 703.67 405.21 797.60 312.11 3,052.93 32.91 802.28 188.37 776.00 853.92
INT007 316.54 656.11 326.20 965.22 709.27 3,424.66 929.02 727.34 849.38 348.51 771.30 403.02 930.60 722.35 410.00 799.88 266.93 2,781.57 37.25 7,303.62 785.41 210.23 3,015.75
INT008 799.83 184.81 964.58 727.49 93.36 5,400.36 1,083.19 314.11 747.39 849.89 208.59 784.21 799.21 359.15 741.81 250.84 714.32 292.08 294.02 253.82 3,990.33 698.83 54.55 4,594.34 736.48 1,034.80 799.46
INT009 327.23 797.91 214.58 2,128.46 620.28 4,073.91 1,051.17 316.58 747.54 900.93 294.23 867.11 799.67 410.00 783.84 286.44 691.30 309.66 24.46 257.89 1,377.67 849.70 -35.83 7,278.68 -436.71 1,616.20 1,512.98 122.84 893.20
INT010 319.48 632.18 1,297.18 620.13 236.48 6,700.72 2,573.36 259.93 711.84 1,634.98 214.95 821.52 798.39 382.64 650.00 691.14 344.18 255.10 206.23 795.41 791.66 -265.43 712.06 -1,054.98 1,222.79 5,506.41 400.00
INT011 311.01 304.00 620.28 349.75 6,176.87 3,333.51 357.12 711.70 1,126.55 45.79 837.53 795.43 769.99 307.61 691.27 355.98 90.79 138.31 858.67 867.69 -266.30 1,884.30 729.55 2,457.96 237.16
INT012 234.63 202.29 618.90 187.35 6,295.22 2,792.04 247.85 711.80 363.03 -46.60 840.85 306.83 303.76 799.69 690.00 796.92 735.47 29.05 1,622.61 123.68 763.92 -30.93
INT013 181.80 419.73 166.88 864.69 759.97 146.03 6,387.54 1,908.33 329.00 799.73 759.00 371.25 799.66 794.46 1,717.74 276.30 239.52 651.49 -69.20 843.11 247.59 734.30 793.06
INT014 223.69 475.00 191.54 917.92 5,992.44 1,349.15 294.11 676.00 318.38 867.61 396.52 272.67 799.63 792.21 794.18 799.71 292.70 795.02 734.42 -117.77 670.63 247.04 748.45 361.16 879.63
INT015 161.24 265.26 798.21 598.00 6,432.33 1,222.98 320.53 328.77 667.70 -11.15 805.45 382.67 851.61 801.83 774.41 48.39 234.27 883.48 745.56 -65.44 254.61 250.81
INT016 198.86 212.60 789.39 6,740.18 889.69 195.90 668.30 337.54 779.82 721.00 289.46 926.84 785.00 91.68 341.89 798.03 660.01 -57.23 100.85 659.60 317.69
INT017 219.13 796.31 121.65 921.88 218.94 185.83 804.12 915.29 124.32 764.84 314.99 766.32 728.78 349.29 839.27 791.03 371.97 57.55 256.93 809.57 688.29 23.99 101.51 -484.66 719.06 689.52 187.36
INT018 194.95 930.25 203.12 815.05 193.98 112.33 798.72 1,331.87 -48.46 707.34 257.83 796.31 307.20 323.96 883.72 798.97 289.41 -249.67 797.38 834.00 688.85 29.91 133.72 -263.18 813.22 690.00 185.59
INT019 218.27 646.97 156.39 892.20 239.20 474.59 798.80 880.97 815.94 128.83 308.31 780.63 400.00 748.16 797.01 144.02 578.00 1,875.36 688.92 8.40 162.85 -5,000.47 792.79 641.49 272.24
INT020 256.14 965.93 278.98 885.03 171.63 474.26 799.97 913.63 841.58 -79.30 196.72 315.02 748.42 770.97 797.77 149.83 385.48 447.61 475.00 4,317.27 1,112.24 7.27 10.35 -2,681.82 -190.01 769.99 622.96 162.06
INT021 724.24 801.17 283.14 954.40 88.96 474.68 959.16 918.39 938.89 62.60 265.75 293.71 794.58 204.99 801.18 195.22 1,381.47 650.00 37.82 528.57 -2,586.19 331.04 1,144.03 652.44 -668.35
INT022 586.40 757.49 247.80 880.85 107.60 469.74 917.32 918.04 919.71 -532.01 328.19 194.50 800.00 789.03 817.62 665.00 712.00 765.49 802.81 650.00 56.41 631.23 -203.64 256.74 956.37 655.00 -334.88
INT023 780.81 928.35 298.31 914.92 459.09 926.45 809.71 821.60 154.48 269.53 270.68 823.35 884.16 799.36 665.00 207.20 798.31 549.00 913.83 9.72 613.47 -199.27 255.19 1,847.94 28.60
INT024 800.57 214.19 931.78 528.08 527.56 933.94 801.52 -1,963.56 243.89 403.02 806.50 22.30 761.90 918.71 799.85 665.00 261.05 676.00 541.35 1,076.94 21.12 863.83 708.04 -19.32
INT025 335.36 976.51 260.68 799.91 2,845.62 932.21 -129.15 1,498.46 -406.20 668.85 215.09 740.93 211.27 790.39 394.00 631.00 303.64 294.36 307.88 521.00 1,121.16 551.02 -1,336.82 1,286.52 -226.40 3,668.84 751.61 46.47
INT026 184.16 236.23 1,250.00 192.11 3,943.18 938.22 162.07 1,224.55 -507.14 798.00 212.67 704.36 782.84 818.58 395.00 631.00 208.36 895.96 5,545.34 744.01 556.87 171.26 69.13 805.93 774.24 -91.06
INT027 267.92 104.77 150.86 4,079.45 896.93 793.33 1,107.26 806.73 388.70 985.85 743.05 974.38 2,171.94 0.00 631.00 410.00 1,381.66 150.09 529.98 5,210.97 749.83 204.35 12.34 796.06
INT028 214.78 1,718.77 292.33 3,262.47 912.18 744.00 799.70 -424.43 1,010.54 984.07 961.15 1,075.81 1,029.10 391.88 635.25 354.55 4,060.49 841.85 3,532.23 2,258.34 974.14 138.40 154.43 3.12
INT029 326.53 1,072.87 799.48 196.10 5,308.06 1,088.59 972.30 819.54 252.60 1,008.37 1,385.66 1,149.87 1,579.20 1,216.62 788.38 331.57 1,692.36 1,193.99 2,616.08 222.96 -3,775.26 39.62 322.28 1,780.19 125.63
INT030 229.14 1,118.30 799.65 7,000.00 1,094.30 1,079.97 195.10 910.84 766.37 1,474.75 1,513.27 1,323.74 1,123.08 5,601.59 4,279.53 799.83 3,714.81 4,055.34 -1,631.64 -2,402.73 -49.33 310.94 925.57
INT031 1,116.33 330.39 3,664.24 1,425.66 1,124.26 909.69 907.12 669.00 694.76 1,567.06 1,372.11 2,028.00 3,190.93 822.77 4,293.70 5,229.58 1,833.42 1,453.79 -730.91 -2,065.52 -69.97 766.32 697.54
INT032 1,094.83 1,033.67 217.66 5,552.38 1,131.11 1,031.82 860.03 865.04 1,726.75 1,352.23 1,679.12 2,903.17 1,032.46 320.89 2,172.73 3,001.69 798.12 1,328.71 1,007.07 -40.10 -1,596.94 287.70 495.47
INT033 5,344.85 1,025.70 144.19 943.91 1,712.38 1,438.92 1,266.12 865.67 212.51 1,135.27 1,910.07 1,979.34 3,311.00 2,561.87 1,092.62 377.63 5,272.85 1,907.03 365.25 1,184.57 999.18 597.05 11.30 -149.89 282.48 792.20
INT034 3,463.38 1,179.56 373.26 1,791.66 2,028.29 1,240.25 1,031.38 898.16 223.78 950.55 1,950.18 2,103.38 2,040.10 1,698.49 315.81 3,648.94 1,607.94 316.00 1,188.60 742.71 1,366.22 584.52 -74.44 -1,235.68 231.49 233.39 666.00
INT035 1,699.46 1,192.00 300.14 1,792.66 1,746.46 1,216.37 917.31 200.47 798.28 2,407.60 2,097.14 1,911.93 2,430.93 1,406.51 313.35 2,643.16 1,763.33 28.37 1,176.21 574.00 -1,448.81 -2,058.11 315.93
INT036 1,347.43 1,069.69 279.35 146.32 1,792.66 1,542.54 1,275.22 754.00 802.43 183.84 779.51 334.80 1,932.32 1,864.51 1,293.95 51.94 2,043.08 400.00 319.45 1,188.21 155.87 738.18 -1.68 -4,414.83 -938.12
INT037 798.68 1,291.07 1,009.11 1,225.49 572.50 3,658.19 1,871.41 1,288.12 2,284.96 328.82 712.23 117.22 2,977.00 1,223.00 1,767.95 1,259.57 3,638.37 6,892.69 -297.58 2,534.10 217.54 1,786.07 798.46 1,198.42 -390.50 91.84 -103.59
INT038 1,202.00 1,306.68 1,002.72 575.89 3,640.97 1,765.75 1,289.71 4,503.56 400.00 686.08 669.00 6,259.64 1,757.16 1,228.47 4,555.34 7,001.00 -675.38 -43.14 1,016.56 316.37 2,717.79 799.89 -37.21 603.88 209.14 1.37 280.94
INT039 1,206.48 1,060.88 3,800.65 556.86 3,633.13 1,756.58 1,288.28 1,179.56 345.74 1,927.00 739.86 6,458.58 1,839.55 1,217.60 4,368.29 5,056.40 -247.40 253.67 400.00 1,734.57 2,536.23 48.19 707.81 170.84 2.24 9.90
INT040 1,232.31 1,073.78 6,544.07 330.50 3,566.39 1,848.64 1,273.23 1,196.93 319.38 2,341.71 1,432.00 1,682.78 1,214.21 4,003.28 2,986.34 -330.48 38.33 400.00 1,569.41 3,743.98 -1,539.49 641.60 -378.18 9.38 30.60
INT041 293.57 1,164.35 1,275.69 6,301.11 342.17 2,819.93 2,259.12 3,265.04 1,116.04 249.32 731.92 1,187.90 247.48 1,325.92 2,235.08 1,100.62 1,060.15 -205.29 -163.04 400.00 19.51 3,888.36 3,080.34 5.06 636.74 793.17 -1,009.92 -1,091.32 660.00 15.83
INT042 2,625.40 1,134.32 110.16 2,798.23 2,213.82 2,668.93 1,088.92 354.34 772.91 821.80 308.37 1,335.30 4,332.31 1,103.45 1,048.40 -122.51 798.54 266.82 1,132.13 3,294.77 -1,263.13 546.70 777.27 -3,962.26 742.57 3.80
INT043 258.81 1,149.58 941.88 833.12 -84.73 2,580.49 1,637.55 2,374.91 1,106.01 -25.14 358.61 798.83 978.50 6,923.58 1,092.20 1,008.93 -154.77 -108.00 316.87 222.01 1,076.64 3,137.61 -183.74 523.06 758.00 -2,667.12 660.00 6.72
INT044 -352.14 1,713.37 946.95 831.60 -61.76 2,335.24 1,650.40 1,229.19 -785.25 35.88 337.86 372.43 787.17 153.06 797.00 1,471.72 849.57 1,006.61 -189.81 -164.00 307.12 -7.39 1,173.59 1,126.70 -152.33 516.73 266.30 230.20 5.75
INT045 -963.87 6,897.85 844.80 957.61 -68.30 1,291.00 1,954.27 1,163.83 798.75 207.98 188.29 250.56 324.81 342.68 931.71 818.09 1,782.62 -14.98 -164.00 315.00 158.36 984.70 994.06 1,107.52 528.23 6,389.28 190.00 1.50
INT046 -1,532.99 1,541.62 843.61 630.21 -118.53 994.99 2,468.59 1,047.11 781.20 285.01 361.07 302.26 395.00 933.32 400.00 1,365.84 -2.55 -165.00 317.71 269.29 925.56 994.30 570.00 521.84 6,076.12 -493.03 -142.55 190.00 3.84
INT047 1,183.40 844.00 630.20 -133.13 995.65 -921.08 1,060.85 886.26 315.91 327.78 378.24 246.06 279.61 964.82 400.00 933.13 -144.37 -164.00 297.33 62.69 930.02 993.36 570.00 484.28 1,308.80 -165.00 -156.69 155.39 5.83
INT048 -255.82 1,364.84 843.03 635.12 -127.05 1,121.16 -47.72 2,460.54 304.77 306.32 365.15 -343.67 10.27 1,148.06 253.44 933.36 -79.04 -268.82 310.84 77.65 1,002.61 1,082.19 570.00 528.53 930.04 0.52 -379.77 -73.64 27.77
INT049 -337.78 2,202.73 748.63 -139.57 970.29 2,265.82 307.29 299.45 2,531.51 128.89 296.41 1,023.54 0.00 894.67 15.48 65.41 111.93 180.63 856.37 1,291.70 550.00 385.87 951.43 202.83 -148.20 -67.33 203.49
INT050 -327.51 748.58 -847.24 982.09 974.29 114.46 390.00 2,023.07 217.17 -3,804.74 322.00 910.47 330.92 959.18 -40.32 -103.86 98.70 112.86 856.52 957.52 550.00 1,433.44 940.62 -104.90 -103.60 200.89
INT051 4,514.92 745.25 620.51 707.93 1,015.64 31.68 977.04 744.00 335.43 338.48 -99.11 -970.43 264.66 910.94 700.00 1,239.22 -10.58 -106.00 58.05 161.84 929.12 953.40 550.00 386.62 1,116.30 -26.39 1.84 -107.59 206.28
INT052 -392.68 759.68 836.30 982.00 2,204.85 964.48 240.37 378.34 354.63 186.22 909.93 302.16 894.51 -27.51 -105.81 67.83 73.50 1,164.31 1,435.12 549.28 368.40 378.26 36.76 1.45 -107.25 610.30
INT053 -173.29 954.37 861.68 777.98 953.99 875.97 917.87 216.80 299.27 -103.11 -920.67 136.67 893.83 215.67 975.33 -198.56 42.47 60.82 64.94 349.53 689.00 325.95 363.61 709.32 -74.66 -68.46 656.23
INT054 -76.21 1,324.36 799.29 512.61 -226.51 954.00 661.29 1,147.01 290.16 251.47 815.64 -106.00 673.93 893.55 182.57 854.21 -1,466.87 -16.87 47.27 58.49 245.74 190.00 329.57 791.63 874.06 1.67 25.27 643.85
INT055 -222.71 1,363.11 800.00 899.87 961.51 682.89 323.23 205.85 331.66 793.08 -106.00 205.09 892.63 254.65 799.54 -117.39 -158.82 19.53 34.12 110.23 -317.35 422.86 887.19 1,279.47 2.50 17.72 671.91
INT056 -670.61 6,155.36 957.69 787.39 993.68 613.93 797.06 740.74 181.46 1,425.27 3.01 420.69 892.68 -6.34 -250.61 1.10 -330.97 -120.70 509.82 795.19 908.44 1.43 6.83 475.00
INT057 -531.41 1,583.92 661.99 798.10 266.80 3,354.22 1,203.51 861.18 766.71 2,809.72 4.51 19.94 384.86 997.33 -123.92 -23.68 -113.71 779.01 -635.49 -4.53 636.03 464.43 318.91 872.84 -1,199.89 -92.54 186.32
INT058 1,940.56 659.99 803.92 4,082.01 0.00 941.37 0.00 796.81 7,000.40 10.07 0.41 664.00 885.34 -546.68 -16.37 4.89 746.22 -1,379.87 7.07 592.00 495.00 442.75 359.67 770.40 15.25 -106.00 193.60
INT059 1,371.69 640.96 847.30 473.69 3,651.91 421.10 1,019.02 0.03 694.61 91.64 7,001.00 0.42 664.00 898.14 826.43 5.60 7.76 679.73 22.38 592.00 99.64 307.94 342.48 804.12 13.10 0.10 228.18
INT060 992.92 651.55 471.34 469.22 3,569.16 794.93 849.09 0.06 643.40 7,000.97 -8,471.29 482.03 1,869.71 962.54 879.36 -37.06 -100.21 680.35 -105.36 52.11 592.00 294.64 799.05 -1,437.63 2.20 284.85
INT061 221.28 1,034.60 674.38 576.00 102.97 1,299.17 799.57 790.00 37.10 1,095.07 33.16 1,075.28 25.56 632.16 410.00 4,867.37 -277.66 680.89 197.55 27.33 596.13 475.00 324.50 -349.42 759.41 43.91
INT062 716.27 1,281.19 676.44 635.66 145.92 1,047.56 992.61 799.45 20.61 1,193.63 6.51 776.54 1.10 720.65 6,999.00 -360.57 2,130.92 223.59 824.12 562.00 475.00 324.44 785.21 36.61 855.97
INT063 475.00 817.69 688.94 596.23 13.99 1,015.44 832.99 879.80 2.88 791.76 785.83 -3.47 874.18 1,589.67 -20.15 717.33 677.35 390.00 -236.49 637.76 336.65 385.53 796.79 5.62 3,467.15 400.59
INT064 -64.29 2,608.77 769.27 732.52 13.07 1,158.32 667.11 925.63 200.70 792.54 2.49 845.44 210.10 943.76 846.79 -59.67 400.00 690.67 289.46 -28,857.12 623.39 379.06 785.40 805.61 0.50 6,432.30 1,018.82
INT065 612.25 3,341.28 475.00 764.85 -30.77 1,164.26 869.73 965.03 323.46 340.52 324.88 -2,347.04 899.68 11.32 -724.09 240.31 246.58 316.49 7.03 620.72 3,093.31 765.99 -158.59 1,995.57 0.00
INT066 475.00 6,034.53 913.58 802.71 -321.70 1,141.23 863.44 844.32 190.50 -1,056.47 237.15 -1,412.77 395.00 -2,507.15 3,748.22 877.84 -294.41 67.94 375.15 0.00 262.87 622.51 6,999.69 2,021.42 374.27 4,570.00 4,998.38
INT067 581.16 5,042.09 776.50 1,040.86 -1,598.84 1,140.82 731.13 951.01 187.39 77.76 635.00 -2,980.07 -872.38 0.00 1,550.73 -301.96 400.00 2,140.53 390.00 150.38 636.25 6,999.79 4,948.39 684.88 4,748.61 6,242.51
INT068 554.32 5,586.22 804.56 954.23 -75.83 1,178.20 938.45 962.83 631.00 -109.95 875.35 1,634.40 204.05 219.61 580.36 -1,170.96 1,076.47 1,983.73 -1,445.57 710.05 3,147.59 809.61 694.22 7,000.00 7,000.55 4,964.03 2,407.69
INT069 346.09 5,844.88 792.58 5.43 2,317.66 880.68 929.13 223.68 83.10 758.56 2,742.19 188.44 592.81 -198.71 1,483.25 -673.59 -911.93 -93.05 689.54 362.61 178.71 208.61 831.55 7,319.38 6,411.16 963.26 3,857.25
INT070 348.40 4,860.04 1,009.59 -492.66 1,526.53 1,043.75 39.18 742.61 1,575.17 303.99 1,203.94 2,056.35 390.00 1,174.76 252.80 141.54 609.57 390.00 769.47 152.96 830.90 7,000.00 4,128.38 1,099.25 4,431.91
INT071 328.16 1,061.95 232.45 282.59 6,640.12 1,044.08 707.12 761.43 739.32 1,448.21 2,907.17 2,931.77 0.00 1,189.93 222.22 10,530.79 227.66 1,313.17 0.00 870.81 3,205.64 2,832.77 793.70 4,490.67
INT072 304.03 221.05 2,696.16 157.24 941.74 857.95 770.82 1,314.50 2,785.67 4,120.95 2,273.13 0.00 1,676.91 110.76 5,139.40 118.43 1,323.75 1,763.12 938.86 2,495.30 3,249.63 3,390.56
INT073 142.38 709.69 329.58 1,688.07 1,224.12 702.29 1,257.82 765.91 0.00 1,427.15 240.29 -1,452.37 0.00 229.61 2,027.16 252.03 789.27 1,484.43 800.00 1,681.34 1,640.73 1,464.80 799.37 313.64 1,917.53
INT074 6.55 264.30 782.60 239.59 353.78 3,014.00 1,278.49 1,504.47 5,329.47 1,468.33 1,692.31 253.58 450.00 111.45 2,998.03 249.37 1,251.74 799.49 259.77 1,990.43 1,585.17 1,420.06 868.47 267.34 2,093.11
INT075 2.24 343.37 769.64 199.41 233.79 3,393.47 988.46 1,724.89 2,815.85 4,268.71 1,363.58 1,616.79 410.00 -524.19 450.00 1,773.60 972.94 973.51 1,406.87 1,576.88 1,406.54 798.95 315.79 2,304.99
INT076 9.40 263.17 295.59 136.93 1,548.76 1,432.17 2,856.92 2,016.13 1,115.69 2,582.82 1,074.16 5,807.70 3,940.58 239.66 -153.02 1,060.62 -400.46 955.89 286.45 1,548.37 1,769.04 1,738.98 2,127.41
INT077 165.79 371.03 319.75 2.22 1,859.37 799.10 1,901.51 1,881.65 1,406.78 1,085.14 2,060.29 410.55 327.98 -1,498.77 5,233.24 -542.36 1,026.98 335.30 1,805.75 31.14 232.79 1,321.75 2,096.11 2,970.45 233.93 1,943.58
INT078 150.86 321.72 333.34 313.38 1,958.48 4,575.96 1,228.17 838.04 1,505.18 405.60 402.00 -890.02 -3,851.45 259.80 294.18 1,823.23 -903.42 -3,664.44 323.54 1,590.18 1,854.40 799.00 1,679.43
INT079 150.90 251.75 338.01 202.10 304.19 2,956.86 133.55 1,502.52 1,493.09 1,562.34 2,052.67 400.71 -2,467.69 -622.21 5,022.39 330.48 938.29 133.34 1,952.49 -1,286.79 -1,564.46 3,472.24 1,946.42 786.88 1,561.52
INT080 150.30 252.39 285.83 123.33 2,667.01 310.30 3,224.44 1,709.28 1,338.33 402.00 1,194.81 408.00 400.47 3,068.13 275.38 1,173.45 319.53 1,968.31 -808.52 124.44 2,497.15 250.84 1,799.71 378.64 761.79 1,670.25
INT081 2.89 281.73 -104.34 388.21 1,608.54 277.67 2,617.64 399.82 4,259.20 402.00 1,055.02 411.78 33.11 3,430.98 271.93 1,262.03 266.87 2,636.13 68.71 291.10 239.77 324.88 1,700.67 400.00 1,658.00
INT082 1.70 215.22 74.49 227.61 1,188.62 313.91 1,631.86 400.00 2,899.12 402.00 798.96 23.27 3,885.31 31.53 227.35 1,653.40 138.33 232.84 275.13 275.53 1,202.02 400.00 795.85 1,547.90
INT083 30.12 271.82 55.96 843.56 266.67 1,476.00 298.89 1,359.32 261.41 1,662.16 257.51 868.83 75.04 5,039.22 798.92 1,111.18 129.03 797.59 143.85 226.42 230.80 3,292.13 400.00 1,513.11
INT084 21.55 264.99 204.17 1,401.67 1,666.62 306.68 1,446.44 259.15 1,677.98 700.00 -309.81 811.57 331.48 1,229.48 51.28 259.08 1,034.93 234.51 1,144.39 139.06 191.66 652.63 1,245.09 329.42 769.54 1,901.71
INT085 155.47 241.15 194.12 3,742.33 273.09 952.71 213.14 4,617.13 373.96 1,432.64 1,001.16 116.32 334.86 257.49 -106.50 304.06 3,032.53 272.06 30.30 -277.72 236.40 638.04 796.39 799.29 127.93 149.27
INT086 21.33 271.81 968.18 3,723.75 366.24 1,300.73 1,931.67 331.60 1,441.04 1,283.48 264.99 799.47 328.61 322.67 187.43 239.21 220.95 1,272.50 -72.98 881.81 -51.16 208.63 1,094.93 795.35 874.05 277.68
INT087 -43.24 260.18 1,033.78 1,031.53 1,334.60 -136.85 1,204.27 350.36 1,532.45 863.49 306.81 -278.31 340.12 270.84 239.57 417.61 1,382.96 147.26 796.10 -278.91 169.86 778.38
INT088 -642.70 242.53 1,091.36 76.96 229.27 1,258.58 -371.21 1,469.71 313.46 3,202.46 824.21 334.75 -751.42 151.35 359.84 169.86 371.85 179.82 -537.71 296.67 223.51 400.00 792.62
INT089 -422.70 253.41 882.29 174.67 1,463.10 2,073.71 1,946.07 252.68 1,252.69 1,383.67 283.17 405.00 1,328.60 329.92 1,224.00 191.14 1,372.43 1,111.38 -113.62 1,619.68 798.82 400.00 799.93
INT090 88.24 252.81 1,345.48 1,033.73 1,673.31 -2,684.10 1,241.31 851.30 221.77 324.78 746.83 343.49 1,154.25 305.96 219.75 1,296.31 3,174.31 -182.17 1,832.95 796.85 400.00 1,409.46
INT091 126.58 251.55 3,661.67 234.18 302.80 1,010.63 210.80 1,064.61 -203.03 1,215.35 799.39 301.55 1,400.48 354.35 227.54 1,910.43 387.05 252.81 3,225.63 -92.81 3,429.55 774.21 400.00 1,464.11
INT092 -329.53 256.65 4,461.26 198.52 1,035.43 4.96 1,083.09 5.37 1,632.34 1,201.67 -2,231.08 326.09 241.17 70.18 980.94 -1,667.79 -4,361.80 847.17 -607.31 165.83 4,523.52 766.64 257.77 799.72
INT093 267.96 250.93 4,924.31 323.38 283.10 4,563.44 1,313.59 -251.69 916.58 965.43 730.00 -65.86 337.26 3,489.27 1.64 -1,801.29 -431.12 770.86 921.92 230.40 813.99
INT094 251.78 257.78 3,474.03 225.09 244.76 3,587.96 291.54 1,458.97 916.00 810.63 696.80 345.41 325.93 362.14 924.50 750.00 1,249.12 359.05 258.44 320.12 799.78 -80.13 1,182.72 1,039.36 793.43 611.87 393.67 1,283.10
INT095 195.66 4,771.35 -174.61 270.52 1,061.54 315.41 975.76 251.36 1,143.20 2,819.21 842.69 401.45 377.35 965.34 712.00 422.75 316.00 333.87 6.68 969.62 241.18 851.11 627.10 347.94 3,163.69
INT096 755.90 236.10 1,431.33 30.56 226.77 2,955.85 303.71 878.63 -113.63 1,098.47 5,407.12 690.00 255.20 325.59 795.08 712.00 351.95 252.72 46.47 364.72 799.93 -727.56 1,128.67 38.48 -1,727.01 790.00 791.74 800.00
INT097 135.68
INT098 55.15
INT099 44.27
INT100 -214.83
Pret Final Unic din luna Octombrie 2025
1/1