PDF PAGE 1
Data: 27.02.2025
lei/MWh
Interval/Data 01.01.2025 02.01.2025 03.01.2025 04.01.2025 05.01.2025 06.01.2025 07.01.2025 08.01.2025 09.01.2025 10.01.2025 11.01.2025 12.01.2025 13.01.2025 14.01.2025 15.01.2025 16.01.2025 17.01.2025 18.01.2025 19.01.2025 20.01.2025 21.01.2025 22.01.2025 23.01.2025 24.01.2025 25.01.2025 26.01.2025 27.01.2025 28.01.2025 29.01.2025 30.01.2025 31.01.2025
INT001 1,023.55 2,581.86 923.32 1,430.69 1,048.09 923.13 -24.00 -2.83 -94.74 -65.37 770.15 768.93 742.60 833.81 680.00 1,435.19 144.50 703.92 4,668.44 797.07 6,426.92 557.64 1,039.52 881.06 821.00 177.07
INT002 1,005.03 912.63 891.40 1,709.80 1,056.75 806.38 18.77 -1,014.59 -87.14 -69.80 -23.12 764.97 612.75 739.55 680.00 843.37 131.25 680.00 2,931.87 5,081.57 1,033.43 1,062.35 757.29 26.08 31.21 -2,516.81
INT003 1,156.06 773.98 1,654.85 1,023.00 1,049.19 -2.47 -4,844.56 -54.78 -43.99 778.74 1,039.57 767.79 677.91 -6.22 643.03 -1,783.65 680.00 1,135.31 990.91 991.84 1,266.67 782.13 70.86 31.76 -4,332.52
INT004 299.00 -74.35 1,060.66 680.00 -24.18 -5,001.00 -4.86 454.77 -66.75 680.00 1,112.52 680.00 701.09 -242.23 678.16 -1,981.97 680.00 1,145.47 80.40 931.20 52.17 700.00 -1,555.92 -17.58 -4,499.00
INT005 731.96 639.00 1,006.04 1,257.28 974.35 -126.48 -760.85 102.17 -50.21 764.02 680.00 943.92 764.77 3,672.30 216.51 -675.69 1,121.93 710.74 52.11 747.94 714.80 959.46 903.67 -1,031.09
INT006 299.00 722.01 640.22 996.11 963.46 -45.58 -43.14 -103.36 771.23 -7.05 842.51 788.88 685.02 2.02 -1,498.66 98.69 1,374.65 858.48 -3,214.52 892.73 853.41 696.53 -65.79 112.41
INT007 297.98 94.02 63.00 969.45 -100.00 6,092.48 -97.11 679.13 848.42 786.68 680.00 -209.02 163.84 71.91 1,148.19 116.58 996.50 930.83 -2,434.04 711.94 748.62 1.97 774.20 -3,434.59 216.45
INT008 298.76 -33.52 742.47 -4,045.47 378.56 671.13 17.57 849.22 66.12 73.99 129.48 72.88 1,356.77 30.36 700.00 -2,541.78 700.00 749.83 -267.14 683.70 -491.39 69.41
INT009 826.08 680.00 0.19 912.86 -1,395.76 880.75 906.63 692.98 834.29 1,098.95 910.21 -332.69 131.87 120.68 1,088.24 126.14 1,164.24 964.17 -372.37 735.22 -231.67 4,063.93 17.52 698.30
INT010 683.02 -3,139.96 107.82 58.99 921.30 -98.66 -4,000.56 736.35 695.64 762.53 680.00 834.24 879.65 -91.72 -199.92 281.62 20.12 680.00 1,541.90 967.33 891.41 -117.67 932.39 841.95 -310.78 3,327.10 -1,848.56 572.16
INT011 777.39 -5,268.03 231.08 4.58 775.24 4.51 -5,001.00 138.85 680.00 761.44 837.97 842.90 183.63 4.66 167.67 -269.78 637.39 1,599.94 135.12 3,968.10 700.00 -2.07 -1,313.05 4,183.56 -269.12
INT012 278.88 671.39 -6,177.14 112.71 -3,520.22 680.00 -33.99 -5,001.00 142.71 666.78 777.99 76.68 846.31 -58.72 -1.44 54.93 676.23 1,698.99 182.22 912.89 821.06 -75.07 157.91 32.15 -3,019.97 943.62 -398.22
INT013 750.07 -255.21 290.00 4.88 680.44 -28.95 -241.75 191.59 680.00 778.72 92.22 838.04 798.99 94.64 26.01 171.30 -103.14 608.85 1,023.79 994.71 820.27 -33.01 -360.86 1,098.84 -1,147.56 99.67
INT014 801.49 -40.32 25.48 41.21 700.65 -6.86 -15.40 169.99 774.91 176.39 937.10 707.05 115.86 -2,304.29 31.27 -517.04 718.38 984.88 705.73 10.79 925.30 -502.47 190.01 2,570.30 -356.80
INT015 299.00 720.93 -117.19 107.61 17.96 803.58 -116.92 -14.97 678.28 793.19 276.63 939.22 731.25 -2,343.51 -147.66 715.72 995.65 840.00 842.85 57.90 700.00 -326.70 196.48 4,099.92 -846.32 250.05
INT016 280.26 680.00 -192.13 29.99 -934.91 724.93 -15.03 673.67 799.09 30.26 961.63 -111.81 269.76 645.46 849.71 881.44 694.94 840.00 790.74 -1,502.76 700.00 728.27 -45.87 116.50
INT017 294.97 81.06 -111.72 -2,292.35 738.78 51.04 -21.73 680.00 30.17 -28.66 1,877.55 792.51 -134.31 -83.68 301.00 103.25 680.00 1,013.13 700.00 -2,895.75 860.73 789.03 50.23 120.60
INT018 217.09 66.75 675.20 -16.71 774.15 59.18 -5.64 707.70 661.81 -70.94 -7.60 925.11 783.59 -83.77 183.26 93.45 680.00 980.90 646.96 711.88 -70.83 999.78 175.78 698.04 58.28 0.00
INT019 680.00 669.36 -8.21 673.29 12.82 -19.42 743.55 331.98 69.94 1,336.48 69.49 93.07 986.40 927.07 778.68 914.32 22.76 933.98 164.56 786.03 -27.42 -2,231.47
INT020 676.89 804.50 -2,032.63 -26.17 -7.85 679.70 300.00 732.81 30.72 3,091.75 680.00 101.99 888.82 -691.85 905.92 921.15 300.00 904.72 20.09 899.71 -30.27 811.75 140.69 158.62 330.72
INT021 756.37 674.28 -66.55 686.05 66.73 -1.75 -51.36 1.92 83.06 0.93 3.14 2,499.06 680.00 115.74 87.02 919.72 -699.89 727.69 680.00 235.29 -49.46 767.91 -58.13 983.95 -1,139.33 685.61 -29.14 185.01 324.10
INT022 703.23 669.45 -32.65 622.83 145.00 -22.60 -110.96 -18.08 34.98 675.87 112.77 1,038.07 736.60 377.60 62.49 941.72 -598.09 700.63 702.59 -19.30 788.54 -108.98 -18.13 688.46 203.10 206.38 -99.03
INT023 680.00 680.00 -58.64 680.00 145.19 -17.72 -134.04 -8.70 34.78 778.98 110.76 2,476.40 780.56 991.88 99.38 62.32 961.09 1,120.02 202.04 952.40 47.91 -166.42 698.21 201.00 40.45 -1,322.89
INT024 701.84 659.91 -3,885.91 680.00 91.18 -27.98 679.23 -35.16 789.68 86.63 768.06 2,845.62 965.09 874.07 75.48 728.10 -77.75 938.23 960.29 783.44 786.75 -213.73 -2,132.65 -44.54
INT025 707.28 -31.48 -5,001.00 11.01 -25.85 0.89 -3,746.02 94.36 -6.78 -54.26 26.90 1,560.04 203.82 90.44 -3.75 135.59 771.02 -1,830.89 -225.36 104.15 -3,260.44 -3,257.60 63.77 700.00 -261.04 41.88 -1,190.03 -4,254.47 -2,981.13
INT026 680.00 -21.66 -2,883.68 -249.04 -16.06 0.82 -3,493.55 136.50 13.66 1,177.92 680.00 85.65 143.68 609.51 832.20 270.69 -269.25 -13.21 -217.03 700.00 -12.56 1,051.73 -499.97 -1,337.27 -2,238.71
INT027 764.49 158.58 -1,567.27 680.00 -62.52 9.87 -97.56 -124.48 692.00 -4.91 851.03 961.19 1,434.99 -235.88 12.94 614.78 986.87 1,595.23 -3,063.88 -264.72 231.81 2,004.98 185.01 220.11
INT028 781.93 692.24 -240.31 680.00 8.49 -160.23 805.70 66.32 856.85 785.06 -311.75 592.37 2,336.06 2,347.36 3,770.87 4,265.52 43.94 634.40 5,418.30 4,107.10 1,692.93 1,026.64 -588.72 700.00 1,123.72 5,704.73 917.12 -53.87 450.88
INT029 760.62 97.75 -1,733.70 807.37 -75.42 3.76 16.11 -2,603.86 7.95 -43.15 -14.33 -107.97 126.93 -2,872.54 -1,303.45 90.08 960.18 71.00 -2,792.43 -3,002.95 -4,313.93 86.91 700.00 -1,512.43 1,736.61 -1,201.79 -1,609.40 -3,616.92
INT030 760.62 112.98 -567.71 960.54 -164.21 61.27 692.58 -165.73 309.76 4,725.23 1,071.69 680.00 74.07 785.74 4,275.37 1,221.41 228.81 27.14 149.97 600.00 700.00 191.61 1,324.34 257.85 -101.10
INT031 754.82 108.24 -200.95 1,177.31 -925.85 762.26 108.40 1,174.84 4,293.40 1,050.41 1,338.17 1,306.68 163.55 78.57 680.00 5,557.26 5,667.22 270.86 321.18 905.83 4,158.79 1,260.23 248.39 180.66
INT032 63.92 -493.74 1,336.49 262.96 702.25 2,054.03 2,681.78 463.72 5,999.00 1,075.27 3,381.70 5,023.23 165.35 680.00 4,513.99 4,579.83 1,213.55 318.95 991.21 115.53 5,999.00 5,493.33 282.08 340.00 1,138.92
INT033 719.84 -81.34 -320.80 -33.78 135.25 51.91 -19.60 41.85 -106.79 2,084.41 2,509.23 2,156.29 1,019.68 -1,878.46 680.00 1,923.93 4,137.74 29.36 -1,509.01 -897.09 1,696.82 1,057.67 230.12 -21.88 141.05
INT034 680.00 -15.23 -107.23 12.12 129.48 216.14 -205.82 689.08 4,991.44 1,498.17 1,424.42 1,274.38 -678.37 707.39 1,842.90 2,019.32 93.35 -1,366.30 108.19 5,463.58 889.47 278.17 -70.43 1,116.28
INT035 108.67 -376.98 680.00 -37.57 4.30 107.94 975.53 737.23 4,257.73 1,299.24 1,244.77 895.36 922.61 52.34 862.33 1,855.31 1,638.26 1,952.07 114.65 63.11 4,745.27 700.00 369.24 334.31 1,042.56
INT036 54.83 187.91 677.85 -3,897.94 -116.27 153.82 1,000.39 754.67 710.69 1,292.90 1,199.36 1,231.62 934.23 277.49 801.39 2,502.87 1,735.16 2,402.38 318.84 -1,050.13 42.86 3,097.52 -1,094.90 328.67 1,077.59
INT037 113.63 604.77 -233.17 680.00 -195.99 149.24 695.22 1,465.61 1,690.11 1,658.21 680.00 1,169.52 229.31 3,214.06 918.92 1,728.30 -187.39 1,529.79 -153.99 -2,533.90 3.23 1,264.53
INT038 34.15 421.60 943.41 346.43 16.55 -321.68 135.47 1,045.61 112.11 301.00 51.44 713.32 1,467.36 2,170.82 2,074.73 1,495.34 227.76 132.46 4,817.48 2,168.55 1,682.06 -384.62 5,716.63 -215.44 140.67 227.26 -29.79 4.73 1,247.50
INT039 -2,286.04 1,130.53 1,076.87 -307.28 -932.47 81.42 1,166.50 15.55 301.00 738.40 1,471.35 1,229.19 2,638.92 1,274.08 301.00 2,966.66 1,512.47 -4,048.85 1,270.65 188.49 200.73 165.85 -2.01 -32.20 1,209.30
INT040 -5,001.00 -606.92 1,240.10 2,142.83 -3,188.86 83.10 -3,407.33 54.23 800.00 2,118.37 1,312.86 1,850.58 -821.33 1,316.20 0.00 1,665.26 -5,001.00 1,279.87 -301.18 325.99 -16.21 -1.88 -32.70 1,222.32
INT041 -721.01 397.09 5,999.00 1,082.84 -671.44 65.71 -879.93 680.00 785.49 770.39 1,313.51 1,236.46 1,844.82 1,306.33 3,378.17 1,077.70 964.03 1,483.65 1,976.85 3,427.66 990.12 300.00 979.56 -614.61 -405.08 36.56 3,750.34
INT042 -537.92 127.80 1,725.02 1,536.24 10.36 18.76 15.58 -7.45 749.56 680.00 1,348.13 1,150.16 2,029.08 268.86 2,339.17 1,113.06 680.00 1,427.63 -723.71 998.65 880.36 -2,395.63 -45.65 -1,796.54 1,192.96
INT043 -295.13 1,105.76 0.26 1,010.14 -7.99 -218.94 5.70 -18.62 1,171.68 -225.06 1,266.12 1,433.30 -2,488.55 999.62 114.96 -5,001.00 -65.05 -393.12 -742.03 1,214.40
INT044 -247.05 97.58 1,260.84 -1,653.82 1,000.62 -2,466.83 -612.19 -22.41 -108.12 -2,888.28 74.68 -151.41 1,318.30 240.78 889.27 35.51 -442.98 1,854.84 -3,114.24 998.86 186.84 -3,313.53 -30.57 -525.42 -33.23 1,880.80
INT045 -217.82 837.75 1,091.21 -2,966.13 920.32 -1,182.27 -140.78 -280.61 -1,007.93 94.99 680.00 78.38 800.90 1,247.89 1,735.64 2,327.85 35.00 2,937.33 -2,089.62 2,080.06 727.56 891.88 -1,032.90 -1,932.55 103.10 1,096.32
INT046 -221.88 726.89 1,015.92 -1,404.01 680.00 -1,033.48 -211.94 -199.84 -15.19 -20.58 800.00 1,193.87 1,130.98 1,072.58 1,265.98 -2,640.15 990.55 877.21 950.23 -422.64 -1,142.32 -726.18 1,248.64
INT047 -242.68 106.84 725.44 -216.59 -191.11 -244.92 -584.48 -105.24 -2,831.93 -14,093.73 515.98 98.37 1,211.45 940.31 1,020.97 1,283.39 700.00 870.43 700.00 -662.68 -1,234.67 -570.17 -320.14
INT048 -192.98 684.55 -2,050.13 -2,372.83 678.56 -181.64 -159.38 -4,733.46 -3,489.48 -2,882.28 -751.80 -861.21 1,224.71 1,052.01 -1,524.79 1,419.92 -1,564.80 700.00 600.00 20.34 -624.26 -456.86 -2,875.47 -11,292.32
INT049 -135.58 -546.99 -1,767.58 127.96 -244.81 -785.72 -3,066.02 -493.78 15.49 676.92 680.00 1,039.60 1,208.70 1,362.06 145.55 1,200.51 -1,792.52 700.00 897.54 104.63 -735.40 -785.47 483.82
INT050 -480.96 -597.98 -103.31 -3.52 169.58 202.20 -334.10 -383.55 -49.00 -149.45 34.18 -286.78 800.00 114.47 680.00 1,039.36 1,036.31 1,495.76 -123.37 1,201.46 -444.15 700.00 600.00 -4,666.13 -397.12 -1,282.98 -7,113.70 702.58
INT051 -1,015.65 680.00 -2,231.31 10.13 -38.51 392.16 -327.67 -270.47 -393.43 -62.87 -1,136.79 551.96 181.23 1,010.27 978.45 1,065.78 -1,105.26 1,244.05 -652.85 389.22 600.00 -4,995.42 -270.54 -959.62 -1,258.06 -5,013.18 665.73
INT052 0.30 5.82 680.00 10.71 -125.83 -98.48 -287.30 -344.22 -186.51 -83.43 -89.77 0.02 -93.80 12.04 156.48 69.52 994.39 2,795.97 1,129.24 -529.76 1,303.41 -359.99 700.00 812.05 -3,257.79 -204.14 -541.80 -780.24
INT053 -171.69 680.00 16.68 -0.49 -16.88 -172.55 -304.99 -301.36 -126.86 -77.68 59.68 -2,155.55 171.73 -29.92 894.57 980.81 -188.25 1,242.72 -1,811.56 1,047.05 4,004.78 127.66 -397.65 -644.91 -214.88 -2,393.59 700.00
INT054 -45.83 579.35 15.06 -9.72 -47.20 279.89 -276.68 -363.16 -1,383.62 -376.51 -137.95 678.54 800.00 165.77 -950.29 689.98 1,930.25 720.59 1,241.92 845.98 131.06 -111.54 -169.39 -284.25 -1,122.14 700.00
INT055 13.10 659.32 976.26 13.65 -1,120.99 -119.72 591.79 -378.79 -590.31 -571.85 -212.28 -95.67 115.34 232.39 -1,104.64 2,406.18 0.00 3,794.71 700.00 600.00 65.40 -25.08 158.03 -185.25 -463.52 700.00
INT056 12.25 680.00 946.93 -233.91 -460.03 666.38 -588.20 -804.98 -899.45 5.75 -145.20 -9.83 105.47 177.19 -913.02 301.00 997.56 305.00 680.00 700.00 600.00 44.52 -121.55 -318.31 -426.71 700.00
INT057 5.53 157.67 814.49 18.48 -216.60 -35.36 -154.71 -368.18 -86.02 8.79 -4.20 -677.76 -695.31 -274.76 36.60 301.00 1,390.35 305.00 680.00 34.09 712.05 -3,064.37 68.81 -2,931.09 -1,202.90 -367.12 -600.43 1,047.68
INT058 -78.46 680.00 985.18 -156.90 -1,045.70 -741.76 4.41 -42.34 680.00 -1,026.09 -1,417.35 -108.17 981.29 -314.99 496.57 888.25 916.00 4,034.49 -891.98 243.96 -1,528.33 -181.80 -481.89 -436.34 1,031.00
INT059 -76.42 997.18 676.93 909.40 -274.01 -576.64 -1,011.50 74.42 -172.05 -182.12 784.13 -1,160.80 -172.23 301.00 977.23 912.58 998.12 925.54 953.53 -433.43 229.22 -212.07 -142.27 -1,706.95 -549.09 1,022.80
INT060 -218.75 3,616.99 680.00 726.76 -158.97 680.00 -215.15 -495.54 679.66 -61.29 1,098.37 -1,277.10 -181.51 105.11 1.86 301.00 972.59 889.46 752.34 606.75 978.36 -109.58 213.56 -287.14 -3,887.50 -1,013.36
INT061 -129.75 10.19 -134.29 -70.22 -2,275.61 -336.98 6.19 -3.69 769.18 -282.86 63.78 -352.22 2.55 214.60 1,823.63 -248.09 169.29 -4,655.06 1,032.56 -1,934.84 3.59 -66.30 -1,037.55 -742.66 -2,225.25 -218.42
INT062 -182.22 941.33 -78.78 1,010.64 -324.37 -401.10 -39.82 679.90 696.13 -471.69 2.43 -40.98 301.00 1,273.28 65.50 -5,695.14 3,277.24 -423.99 0.90 -141.04 9.51 -122.86
INT063 -774.88 1,087.83 680.00 939.85 1,020.71 -87.79 687.96 -361.87 -163.09 785.69 723.85 -153.14 -237.33 301.00 1,026.37 101.91 1,698.71 -268.67 6.14 -518.72 -1,129.45 938.23 -178.04
INT064 4,932.79 856.24 1,101.34 996.88 680.00 -40.11 -68.87 738.68 680.00 684.17 1,036.00 -72.19 984.27 -574.18 769.80 3,167.89 1,402.18 101.86 100.28 1,155.77 -631.40 -54.00 -1,320.47 3,582.48 -132.78
INT065 -39.47 1,111.21 8.98 42.27 86.75 29.90 7.97 -6.14 54.13 17.87 -235.63 1,693.69 -277.72 -1,880.74 276.09 44.51 146.36 2,247.69 153.25 -609.57 305.09 -4,971.03 2,665.67 -834.76 6.08 -72.72 -145.56 -857.65 -696.03 21.12
INT066 49.10 1,091.61 995.89 1,026.86 16.78 8.41 14.91 153.19 9.71 1,275.40 786.37 -280.19 0.74 233.95 1,051.01 1,535.62 6.32 348.10 -3,729.93 1,190.55 -187.97 94.96 -52.99 -126.41 16.53 315.32
INT067 265.58 1,087.40 1,051.96 1,118.91 1,147.07 23.02 -7.17 9.27 300.75 680.00 40.07 1,096.64 786.60 170.02 889.72 0.94 -141.90 3,956.16 1,766.17 -117.02 333.37 -2,188.11 2,029.39 26.55 31.53 -1,164.54 2.82 210.53 7.45 -86.10
INT068 1,139.03 1,107.56 1,165.91 3,211.38 -0.63 706.56 -124.49 17.73 217.58 882.39 2,528.91 2,245.36 233.99 976.88 -568.19 -1,829.03 5,999.00 1,758.07 -184.57 311.05 -545.62 2,271.98 600.00 -158.32 3,037.78 4.27 315.30 2.88 -138.30
INT069 1.90 1,200.34 1,072.32 903.06 1,723.57 -266.32 -258.83 -35.84 51.74 -15.32 22.52 -4,380.58 -8.73 6.90 -553.81 -691.93 7.62 -2,638.16 -374.97 -2,986.98 -2,891.13 151.13 -3,649.67 -3,146.87 -1,505.98 13.16
INT070 -257.40 1,236.09 989.25 1,197.43 1,402.68 787.11 61.94 -33.15 679.79 187.91 3,582.56 846.57 -356.60 22.21 -685.55 -160.01 1,149.47 -785.91 -1,356.65 37.39 1,093.54 11.88 155.62 -3,067.34 349.76 37.06 1.76
INT071 35.00 1,235.46 1,338.02 3,770.11 1,520.86 901.83 93.62 -253.02 838.72 1,699.75 3,368.59 -1,224.94 2,608.46 2,363.68 266.19 35.90 1,174.66 1,093.23 -122.05 -25.62 331.93 37.57 -173.39
INT072 20.77 1,233.42 2,917.19 5,284.07 1,524.11 186.31 172.56 286.32 945.76 1,144.84 1,758.31 987.43 -1,449.79 3,745.32 2,988.25 -902.68 319.30 205.32 1,456.87 943.33 -270.39 114.07 37.68 -889.86
INT073 27.29 1,354.44 1,187.97 1,276.43 679.55 109.68 25.35 680.00 1,060.42 24.84 2,282.04 277.32 146.20 1,379.33 -12.77 34.83 268.48 160.17 2.52 -61.79
INT074 -186.82 2,099.40 183.29 1,192.15 1,033.70 143.46 20.02 45.46 284.70 1,035.96 242.63 -169.60 318.85 139.63 1,586.63 1,071.68 -166.14 106.31 330.56 206.83 3.49 39.52
INT075 3,098.71 280.69 865.32 84.85 51.74 -21.32 28.11 299.00 289.05 1,180.89 302.00 -77.44 206.02 177.69 1,405.95 798.94 0.43 188.88 300.43 299.20 1.73 35.66
INT076 -202.27 -533.91 272.94 760.53 262.61 120.49 -118.59 49.61 -30.27 66.41 298.61 265.16 277.58 1,232.57 302.00 35.71 274.98 -2,392.17 243.62 1,729.69 -343.19 -52.89 273.92 350.00 2.27 37.51
INT077 23.69 -2,384.88 282.62 851.86 28.43 93.82 162.68 208.39 101.64 680.00 110.96 0.38 269.44 -288.76 198.05 1,624.62 134.98 199.00 -474.15 270.10 148.15 1.42 249.35
INT078 -182.96 -808.73 178.56 1,348.98 -22.09 30.11 10.58 62.59 250.39 147.46 729.47 922.60 147.88 301.00 270.55 94.62 139.52 291.02 212.32 350.00 -100.30 97.20
INT079 -145.00 12.79 118.66 1,292.68 17.41 106.76 5.64 -34.35 125.02 680.00 785.70 292.25 726.57 302.00 177.62 275.74 898.96 170.00 -3,570.38 138.03 307.55 329.37 280.25 267.58 58.96
INT080 -47.07 1,203.27 -83.56 110.80 3.99 70.23 88.08 680.00 866.59 151.99 680.00 134.20 301.00 297.78 184.46 326.55 -4,169.23 63.99 112.55 283.58 298.84 -119.84
INT081 -1,091.45 680.00 1,392.69 1,268.33 119.66 1,051.28 5.45 787.41 680.00 1,588.86 3,006.53 770.80 262.45 301.00 299.00 1,873.17 -559.37 940.06 -281.04
INT082 -363.48 911.26 1,384.58 1,032.31 -3,116.19 1,073.84 7.84 1,163.91 5,209.65 950.77 101.21 48.19 299.00 1,814.87 282.93 142.79 -4,704.13 191.96 251.17 -195.85
INT083 -445.24 1,050.38 1,406.67 -319.66 10.11 96.72 94.96 1,179.95 887.43 -148.61 869.50 104.41 -88.67 -40.34 301.00 127.40 -613.47 -290.95 128.42 245.11 223.30 -32.40
INT084 73.52 -772.08 668.09 2,154.42 -100.41 -2,173.47 -36.61 39.45 38.09 31.70 1,189.79 680.00 31.10 102.25 37.65 139.91 -428.24 -55.82 -28.56 -3,127.74 80.46 92.46 136.84 25.33 116.94 4.20
INT085 1,125.61 1,296.61 1,126.98 -550.55 4.47 5,727.94 801.22 1,109.50 5,805.86 996.81 -50.12 40.39 36.93 3,594.54 66.46 79.28 -253.70 256.09 155.56 184.54 229.33 -150.52
INT086 49.94 10.96 1,111.14 1,318.95 37.32 -1,264.32 33.29 4,573.33 775.29 49.18 1,085.74 2,731.68 70.03 71.45 41.88 2,151.76 135.25 -1,326.34 -57.86 -1,837.54 72.82 52.47 155.33 89.26 -471.69
INT087 -502.30 1,128.04 1,240.06 -2,073.34 -0.96 -3,272.21 -24.63 3,878.39 677.02 78.52 1,541.18 1,052.24 63.91 184.21 101.49 -22.02 -439.49 -26.66 54.71 -2,936.15 -63.97 -166.17 -35.25 14.70 341.02 151.82 700.00 234.60 -81.27
INT088 -1,112.80 1,118.40 1,118.09 -74.46 -4,921.91 -241.94 -206.12 -220.35 -30.83 -273.95 -3,813.33 17.19 -41.42 -8.96 80.93 -453.60 -5,001.00 -23.03 -59.58 -26.17 -0.88 313.84 43.86 90.66 294.40 -4,117.40
INT089 1,046.03 1,087.56 2,825.84 1,164.49 -573.15 -136.89 -150.14 674.49 992.34 966.52 1,054.40 969.68 658.77 680.00 790.79 1,127.88 -1,379.35 2,387.47 848.19 258.99 948.94 1,051.04
INT090 946.61 62.06 1,054.88 1,083.13 166.95 14.45 17.18 -0.54 670.64 -2,763.30 1,144.87 1,228.22 92.10 65.73 -72.76 -498.42 99.69 100.34 558.71 808.01 84.59 196.62 873.34 134.54
INT091 680.00 41.57 1,048.44 1,064.43 -32.23 -1,633.81 -3,806.36 658.89 -3,289.81 3,268.78 729.22 -28.72 -253.06 82.51 84.87 50.55 -4,544.05 -2,159.58 386.42 860.71 -108.37 26.07 -323.04 636.51 178.51
INT092 70.80 1.77 1,023.90 -11.42 -2,380.03 -2,778.01 581.61 -3,236.84 -25.21 -40.93 -2,492.10 -251.90 -4,671.72 -2,881.48 131.52 -1,459.14 77.89 -3,350.93 -4,499.00 -6.10 -3,229.27 -4,057.34 94.59 -307.78 -372.05
INT093 982.96 -61.81 1,093.20 3,698.91 5,029.78 755.96 -293.96 764.57 704.86 1,170.82 665.39 321.44 193.40 1,327.50 3,426.55 -737.40 805.67 1,079.69 902.27 -601.06 -1,212.95 1,051.16 1,014.81 711.82
INT094 984.14 115.93 1,084.62 1,232.48 1,399.71 -318.44 744.71 4.56 685.93 680.00 3,053.45 636.49 174.15 196.24 206.45 660.00 132.55 8.48 -65.87 4,060.34 656.75 54.69 165.31 346.25
INT095 795.27 1,183.90 893.22 987.19 39.55 14.66 -90.02 680.00 787.84 106.55 -266.04 258.81 680.00 210.13 18.79 -610.25 1,118.02 913.64 -168.05 239.56 345.52
INT096 11.22 1,170.62 949.45 695.92 13.58 -29.47 -43.43 23.90 -70.18 385.17 38.29 -201.62 -207.56 -56.31 218.17 680.00 165.59 102.37 7.82 -1,305.57 750.70 916.95 111.17 95.28 -2,603.35 134.60 197.69 291.11
Pret Final Unic din luna Ianuarie 2025
1/1