PDF PAGE 1
Data: 11.06.2026
lei/MWh
Interval/Data 01.06.2025 02.06.2025 03.06.2025 04.06.2025 05.06.2025 06.06.2025 07.06.2025 08.06.2025 09.06.2025 10.06.2025 11.06.2025 12.06.2025 13.06.2025 14.06.2025 15.06.2025 16.06.2025 17.06.2025 18.06.2025 19.06.2025 20.06.2025 21.06.2025 22.06.2025 23.06.2025 24.06.2025 25.06.2025 26.06.2025 27.06.2025 28.06.2025 29.06.2025 30.06.2025
INT001 680.54
INT002 332.54 861.37 287.97 264.16 168.76 788.49
INT003 92.09 643.69 708.06 33.71 151.80
INT004 160.80 208.05 89.22 343.85 684.05 203.65 65.35 22.26 -680.83
INT005 224.44 692.27 91.84 105.04 761.32 606.53
INT006 692.22 929.96 682.13 635.70 0.00 732.58 341.89
INT007 49.43 328.93 105.58 0.64 631.93 692.35 206.22 215.69 -3,312.17
INT008 127.19 653.46 167.94 349.96 74.70 -389.53
INT009 390.00 1,056.44 0.08 546.79
INT010 127.97 782.50 701.89 0.00 0.36 782.68 160.62 140.45
INT011 672.61 704.07 0.18 431.33
INT012 236.39 161.28 661.30 217.58 587.49
INT013 390.00 787.56 279.96 99.06 215.74
INT014 730.33 45.91 210.11 390.00
INT015 390.00 741.57 378.00
INT016 923.55 271.43 189.75 51.00 723.79
INT017 633.77 755.06 692.05 701.52
INT018 163.93 733.43 299.85 313.34
INT019 710.80 295.44 0.00
INT020 276.96 0.94 879.92 731.19 721.99
INT021 390.00 324.30 256.38 684.23
INT022 857.93 313.43
INT023 103.37 -42.67 390.00 124.03 106.40 749.19
INT024 160.40 21.54 169.56 346.99
INT025 863.97 44.41 2.39 37.08 637.95
INT026 78.11 1.66 224.10 625.23 387.64 333.52 557.27
INT027 30.59 191.77 294.36
INT028 313.27 393.30 341.45 212.29
INT029 31.57 132.32 306.01 251.46 183.93 756.88 295.81 328.61 -645.66
INT030 50.55 251.06 733.83
INT031 306.89 242.83 276.32 253.03
INT032 251.63 44.78 240.95 647.56 98.28
INT033 372.44
INT034 63.59 210.94 587.72 -98.80
INT035 698.09 0.62
INT036 -5,087.10 111.79 -4,853.71
INT037 104.61 1.20 -989.33 202.23 -601.30
INT038 519.90 214.80 -4,497.27 -2,171.86
INT039 -2,357.78 -958.75
INT040 -368.81 -5,581.25
INT041 428.48
INT042 193.20
INT043 55.07
INT044 -1,197.61 137.65
INT045
INT046
INT047 -874.89 457.79
INT048 22.23 88.06 614.98
INT049 -6,505.93
INT050
INT051
INT052 4.67
INT053
INT054 -4,897.11 492.84
INT055 216.21
INT056 716.93 94.00
INT057
INT058 -567.46 -446.54
INT059 105.36 4.35
INT060 0.93 -334.53
INT061 -45.83 -5,434.73
INT062 539.56
INT063 -189.40
INT064 333.88
INT065 -487.82
INT066 433.66 -182.37 -165.00 -250.00 -181.18
INT067 20.00 0.00 28.41
INT068 352.37 89.96 -156.12
INT069 -3,295.09 -498.56
INT070 -1,093.82 -26.20
INT071 376.89 453.20 580.63
INT072 370.82
INT073 -1,141.27 18.07 28.15 -845.95 -2,567.77
INT074 204.65
INT075 259.30 294.97 782.13 64.48 354.72
INT076 0.00 284.74 856.60 564.98
INT077 127.94 110.82 260.00 206.07 -3,338.41 173.21
INT078 328.22 386.08 589.09 254.49 390.00 319.78 400.00 348.36
INT079 390.00 376.99 -437.31 398.18
INT080 316.64 385.91 400.00 913.58
INT081 352.25 251.00 1,020.67 364.93
INT082 251.00 377.74 883.70 388.39 344.79
INT083 378.83 700.66 2,180.46 366.01 384.00 385.29
INT084 0.00 673.78 -34.09 767.14 532.50
INT085 283.43 890.07 -70.72 113.92 318.56 353.35 -4,089.92
INT086 373.80 162.51 374.83 730.34 689.56 1,159.71
INT087 374.53 700.19 390.00 1,251.51 385.72
INT088 2.69 357.16 649.40
INT089 803.91 88.29
INT090 933.24 -1,040.30 844.01 987.88 327.27 394.07
INT091 -128.66 128.18 635.22 860.85 284.92
INT092 329.55 -225.31
INT093 -630.76 31.01
INT094 906.72 339.96 -64.97
INT095 610.70 -20.49 739.31 609.80
INT096 0.96 670.71 219.54 534.68 99.16 137.58 617.81
Pret final de excedent din luna Iunie 2025
1/1