PDF PAGE 1
Data: 15.05.2025
lei/MWh
Interval/Data 01.03.2025 02.03.2025 03.03.2025 04.03.2025 05.03.2025 06.03.2025 07.03.2025 08.03.2025 09.03.2025 10.03.2025 11.03.2025 12.03.2025 13.03.2025 14.03.2025 15.03.2025 16.03.2025 17.03.2025 18.03.2025 19.03.2025 20.03.2025 21.03.2025 22.03.2025 23.03.2025 24.03.2025 25.03.2025 26.03.2025 27.03.2025 28.03.2025 29.03.2025 30.03.2025 31.03.2025
INT001 193.28 278.22 105.56 16.06 1,006.20 0.00
INT002 362.52 192.78 170.32 861.89 178.82 188.20
INT003 73.84 179.83 823.07 599.68 304.29
INT004 63.22 104.96 49.22 186.57 -3,225.44
INT005 900.42 222.64 0.04 210.33 0.00 673.68 -1,194.49
INT006 824.42 957.71 303.59
INT007 743.62 361.86 1,106.10 175.57 224.54
INT008 199.02 642.28 848.24 381.16 99.34
INT009 835.73
INT010 774.23 905.08 250.45 962.90 46.80 921.76
INT011 114.94 921.22 713.28 56.77 184.52 0.00 891.78
INT012 691.78 865.72 870.85 54.25 365.15 175.29 367.83 60.24
INT013 800.12 234.94 789.73
INT014 183.99 622.80 249.22
INT015 364.43 108.26 372.40 622.36 231.07 308.48
INT016 648.82 171.38 147.82 380.53 589.91 619.56
INT017 388.23 817.68 892.99 538.51
INT018 537.40 1,259.96 996.07 1,087.81 97.00 141.15 0.00 0.00 124.55
INT019 1,011.52 569.12 1,080.36 58.93 279.32 961.90 868.01
INT020 1,103.37 0.70 217.39 391.28 272.38 176.17 1,096.30 897.84 628.16
INT021 393.99 818.42 645.32 155.32 476.75
INT022 965.96 0.87 1,045.10 160.07 331.18 262.15 107.85
INT023 1,049.27 399.00 931.40 749.98 0.00 702.81 633.23 132.83
INT024 1,059.24 288.66 488.61 375.19 195.48
INT025 923.99 1,197.82
INT026 1,139.70 888.32 386.62 338.92 207.63 102.06
INT027 361.06 995.91 939.23 362.25 261.51 101.05 225.49
INT028
INT029 361.23 1,060.13 1,156.90 963.74 1.25 280.99
INT030 199.24 368.33 508.86 216.04 368.12 100.99 390.00 0.40 1,040.32
INT031 -338.17 361.01 374.65 377.86 344.46 371.33
INT032 94.38
INT033 434.74 2,059.23 191.87 1,421.76
INT034 185.44 361.13 357.52
INT035 836.76 201.45 -2,813.48 -1,759.41 -3,988.69 1,065.90 291.97 300.00 -1,751.69 -2,915.05
INT036 -3,017.79 1,341.45 540.11 254.05
INT037 359.51 359.23
INT038 -4,820.10 229.27 1,446.58 -163.11 376.67 -409.92
INT039 -34.53 827.11 398.83
INT040 -263.33 704.31 -2,171.13 -159.70 -7,110.97 362.27 1,124.75
INT041 -939.23
INT042 300.22 2,292.49 0.20 1,203.63 294.34
INT043 380.71 -1,119.61 -3,930.81
INT044 -123.72 0.41 1,371.15 -1,515.31 -2,014.09
INT045 647.07 269.74 0.20 288.24 311.12 -109.04 -263.41
INT046 -5,093.37 2.18 -4,158.83 677.97 -268.89 4.42 383.13
INT047 167.18 -3,676.05 1,814.07 107.80 -134.18 -283.75 -61.64 -3,775.78
INT048 974.40 2.61 277.01 -2,325.18 104.67 -956.70 20.46
INT049 1.87 17.08
INT050 362.36 126.05 536.64 -3,475.02 0.30 411.87
INT051 234.36 6.13 83.73 31.21 303.84 110.32
INT052 192.61 -82.03 292.24 45.53 1.52 165.23 -156.88
INT053 -2,441.72 530.17 -3,096.45 63.38
INT054 4,513.14 191.10 1.22
INT055 185.71 37.68 1.62 122.72 1.56
INT056 166.62 8.45 58.86
INT057 114.08 404.21 -48.80
INT058 0.12
INT059 362.59 9.65 628.61 825.94
INT060 1,072.97 0.11 22.15 422.29 -44.45
INT061 193.64 -1,163.77 0.10 -874.64 -49.61 106.45
INT062 -5,010.67 222.30 1,541.63 -943.76 -78.12
INT063 362.82 111.58 -10.00 562.12 1,537.55
INT064 1,470.00
INT065 19.98 280.85 399.00 1,269.40
INT066 382.71 250.94 438.56 4.91 394.26 98.59 3.90 188.66 774.79 163.04
INT067 373.37 0.00 358.30 582.23
INT068 1,017.76 8,022.65 394.00 6,581.93 249.58
INT069 1,672.01
INT070 367.27 179.72 365.02 390.76 223.59 386.46
INT071 0.00 359.14
INT072 1,298.03 369.75 399.00 339.13
INT073 919.04 -3,547.91 -4,210.73
INT074 270.25 294.44 -325.26 201.73
INT075 1,559.00 368.45 1,020.57 981.89 340.52 588.97 592.02 812.06
INT076 965.62 0.80 644.78 400.00
INT077 381.35 868.58 1.10 -52.61 1,177.45 802.71 -1,631.38
INT078 1,192.19 388.14 480.58 -169.28 376.84 1,335.13 843.58
INT079 1,032.22 427.34 375.73 390.00
INT080 991.94 893.42 386.50 374.00 1,067.95 937.86 319.02
INT081 390.52 683.60 387.71
INT082 362.15 437.45 142.90 944.97
INT083 359.33 193.59 145.42 387.98
INT084 987.29 321.28 228.45 -1,387.64 737.82 174.59 574.34 383.15
INT085 318.27 -141.52 -405.44
INT086 933.45 400.00 1,055.71 0.30
INT087 360.16 960.28 326.30 111.00 187.69 361.53 1,077.40 365.31
INT088 956.02 293.58 710.39 159.10 19.90 967.99
INT089 929.67 359.05 7.15 1,178.33
INT090 -1,743.72 361.61 997.69 297.82 285.96
INT091 -349.21 368.64 -4,023.77 305.64 0.40
INT092 104.03 91.53 371.50 -5,037.02 723.64
INT093 -1,451.24 722.67 280.29 741.91 9.94 637.68 997.32
INT094 1.23 390.87 811.18 -2,914.92 330.45 224.31 369.36 984.30 157.84 875.12 765.02
INT095 506.32 994.35 142.46 351.91 152.20
INT096 841.65 899.68 133.56 367.27 965.93 861.56 -176.07
Pret final de excedent din luna Martie 2025
1/1