PDF PAGE 1
Data: 12.02.2026
lei/MWh
Interval/Data 01.02.2025 02.02.2025 03.02.2025 04.02.2025 05.02.2025 06.02.2025 07.02.2025 08.02.2025 09.02.2025 10.02.2025 11.02.2025 12.02.2025 13.02.2025 14.02.2025 15.02.2025 16.02.2025 17.02.2025 18.02.2025 19.02.2025 20.02.2025 21.02.2025 22.02.2025 23.02.2025 24.02.2025 25.02.2025 26.02.2025 27.02.2025 28.02.2025
INT001 -744.73 360.96 1,107.12
INT002 264.47 305.44 967.78
INT003 719.42 193.35 360.41 902.49 1,005.90
INT004 111.24 -1,154.92 172.80 360.34 853.68 776.25 167.33
INT005 1,016.04 360.82 390.75 371.67
INT006 890.21 361.00 363.59
INT007 1,102.23 360.00 1,007.25 162.01 864.52 361.00
INT008 864.00 145.71 151.17
INT009 856.38 360.28 361.00 679.98
INT010 799.92 362.22 185.76 178.54
INT011 1,014.83 89.94 864.50 855.00 361.19
INT012 975.05 385.26
INT013 -35.37 300.99
INT014 92.32 177.44
INT015 193.68 229.10
INT016 33.93 188.32 361.00 186.13 692.72
INT017 708.95 95.55 860.25 731.62 200.00 364.34
INT018 1,102.91 167.22 706.15 873.48
INT019 336.67 272.75 158.13 1,017.59
INT020 349.68 335.72
INT021 907.86 361.00 200.00 366.00 208.02
INT022 281.71 1,079.24 187.70 663.86 420.45
INT023 320.00 339.91 1,282.84 1,010.08 919.16 -386.54
INT024 350.00 143.88 336.94 386.40
INT025 -130.93 -414.26
INT026 135.32 366.00 358.11
INT027 274.38 743.02 662.85 1,123.97 360.00 3,812.96 853.99
INT028 348.91 111.40 360.34 -412.39
INT029 1,012.38 928.08 841.13 665.07
INT030 0.00 1,007.31 1,024.62 360.58 0.00 950.12
INT031 980.12 -28.95
INT032 480.93 359.09 977.55
INT033 930.86 911.91 271.81 987.25 0.00 -38.42 377.18 111.27
INT034 1,115.84
INT035 364.75
INT036 360.00 360.00 -510.08 360.00 361.04 361.00 27.87
INT037 1,065.67 -766.31 8.49 7,024.82
INT038 -89.04 3,564.07 361.00 164.80 -2,584.59 367.13 15.97 366.49
INT039 -2,236.46 -170.24 70.77
INT040 -582.15 227.37 1,263.91 -4,305.93 -199.47
INT041 196.74 13.62 170.91 13,796.08 -4,055.12 5,678.40
INT042 -1,159.92 -162.75
INT043 -103.05 132.92 1,367.28
INT044 -6,032.85 -2,683.56 -3,035.53 244.78 867.47 -2,987.50 -80.26 -193.12 43.83
INT045 -2,900.96 741.80 265.35 360.26 -427.38
INT046 1,491.41 216.68 -2,322.27 104.69
INT047 1,009.11 46.15 -152.22 56.76 -1,766.77 25.16 110.96 1,340.59
INT048 -1.38 -150.48 -1,700.38 -0.28 -250.97 949.19 -3,113.14
INT049 201.73 2,275.58 74.95 1.88 17.01 -914.58
INT050 45.06 1.73 11.93
INT051 -20.58
INT052 -179.71 1.36 2,269.36 360.87 360.15
INT053 -170.12 468.45 156.07 112.25 277.92
INT054 -274.44 -138.79 360.00 86.90
INT055 -1,275.50 71.55 -1,104.53
INT056 0.10 -1,062.71 -87.23
INT057 0.10 164.43 -320.57 -74.88 917.66
INT058 0.10 -144.79 -134.01 8,433.79 332.09 -7,616.31 198.10 -1,115.32
INT059 157.70 3.91 -115.06 -1,359.70 -163.22 13.93
INT060 158.22 0.57 710.72 -963.69 -2,599.46 -160.17
INT061 -530.37 637.84 -139.30
INT062 -54.27 361.00 866.50 162.43
INT063 -165.41 7.45 0.40 733.91 0.20 -34.82 29.53
INT064 118.87 -470.43 -461.12 2,152.63 12.38 0.50 7,387.09 6,023.59 0.50
INT065 969.83 349.85 2.40
INT066 194.76 -1,783.97 0.70 152.56 56.46 -1,987.36
INT067 1,117.05 -128.49 0.60 0.55 360.00 1,369.10 52.63 2,091.81 8.20 0.70
INT068 2,815.99 1,297.55 -386.33 360.00 361.00 52.00 2.52 -1,109.04 363.10
INT069 986.50 1,047.19 306.90 -3,325.49
INT070 2,160.92 374.86
INT071 360.00 106.10 360.00 361.00 363.10 361.00
INT072 1,005.69 905.63
INT073 935.77 360.00 853.38 1,351.35 952.04
INT074 1,218.10 360.82 127.42 0.90 1,018.16
INT075 360.00 1,024.37 893.88 1,049.63
INT076 794.01 743.18 390.00 145.00
INT077 393.73 360.00 360.00 361.00 365.25 1,768.68 804.56
INT078 1,163.90 360.00 360.00 364.33 873.75 390.00 400.00
INT079 1,019.11 978.94 365.00 877.22 383.67 1,234.99
INT080 82.29 360.00 1,880.10 758.74 362.11 1,010.70
INT081 384.93 0.00
INT082 104.94 360.00 694.44 790.66 959.01 385.73
INT083 365.19 164.75 372.37
INT084 434.87 960.62 728.50 767.01 786.29
INT085 946.69 1,129.52 297.87
INT086 360.00 971.32 366.00 360.34 361.45
INT087 1,334.31 360.05 362.12 903.21
INT088 881.69 515.98 673.44 803.10 1,002.52
INT089 531.25 -299.78
INT090 1,028.65 360.00 540.39 1,095.17 1,022.55
INT091 273.56 997.44 930.08 1,199.75 912.29 160.97 362.69
INT092 1,056.12 897.17 230.89 188.42 200.71 957.97 1,094.41 201.04
INT093 -453.36 991.39 1,125.94
Pret final de excedent din luna Februarie 2025
1/1