PDF PAGE 1
Data: 30.05.2025
lei/MWh
Interval/Data 01.03.2025 02.03.2025 03.03.2025 04.03.2025 05.03.2025 06.03.2025 07.03.2025 08.03.2025 09.03.2025 10.03.2025 11.03.2025 12.03.2025 13.03.2025 14.03.2025 15.03.2025 16.03.2025 17.03.2025 18.03.2025 19.03.2025 20.03.2025 21.03.2025 22.03.2025 23.03.2025 24.03.2025 25.03.2025 26.03.2025 27.03.2025 28.03.2025 29.03.2025 30.03.2025 31.03.2025
INT001 204.09 276.93 127.22 40.59 930.46 323.40
INT002 474.10 168.16 215.86 846.77 249.09 175.85
INT003 113.45 187.43 805.97 549.00 295.56
INT004 115.20 98.95 40.73 186.56 -2,328.83
INT005 939.56 264.57 95.49 271.17 51.00 550.00 -1,425.21
INT006 744.00 932.39 324.08
INT007 744.00 366.44 881.84 119.83 214.12
INT008 184.52 840.00 744.00 437.36 67.34
INT009 777.45
INT010 932.73 845.11 254.19 924.86 86.50 777.45
INT011 154.71 846.51 887.76 124.92 131.36 4.77 876.03
INT012 840.00 879.54 840.00 135.81 411.30 172.98 439.96 100.74
INT013 884.94 1,038.84 778.63
INT014 164.62 549.00 244.10
INT015 397.25 139.80 356.39 549.00 218.19 313.43
INT016 996.12 191.71 102.20 390.80 549.00 750.00
INT017 484.14 744.00 930.48 549.00
INT018 998.94 987.55 972.30 935.59 90.21 149.48 22.55 36.79 129.99
INT019 953.70 1,265.92 980.21 102.74 264.78 921.10 872.51
INT020 994.39 599.76 147.13 407.98 253.71 133.65 944.56 919.44 798.13
INT021 429.70 868.02 842.25 153.01 803.99 199.42 450.45
INT022 974.91 535.28 993.16 110.80 398.60 305.36 86.24
INT023 995.96 449.19 905.29 744.00 2.09 549.94 549.66 133.29
INT024 997.28 250.52 550.00 430.98 146.46
INT025 955.55 992.32
INT026 988.09 848.59 340.50 291.89 217.21 102.04
INT027 368.03 840.00 1,004.10 379.57 273.86 88.68 244.66
INT028
INT029 471.90 921.13 1,018.62 1,088.26 2,417.52 138.36
INT030 161.62 323.23 5,999.00 263.96 397.28 92.00 459.84 866.25 984.08
INT031 2,085.10 395.92 472.32 305.45 375.86 406.23
INT032 1,552.46
INT033 1,257.12 998.91 369.59 997.01
INT034 173.49 378.98 374.58 243.31
INT035 840.00 265.80 -1,188.22 -652.81 459.41 928.68 1,124.66 627.29 -496.46 -6.57
INT036 -2,419.47 1,083.75 608.32 301.50
INT037 439.69 396.98
INT038 648.03 400.64 550.00 189.13 345.42 32.21
INT039 -26.31 625.89 383.82
INT040 745.65 1,167.46 250.67 559.44 3,085.93 361.10 841.46
INT041 -62.77 321.84 211.04
INT042 368.35 932.92 964.97 491.97 527.62 295.81
INT043 399.07 -130.04 -680.51
INT044 263.78 551.73 898.11 302.13 -676.05
INT045 1,079.42 189.84 1,699.44 351.65 511.60 534.93 201.94
INT046 1,373.07 306.27 1,481.54 512.62 348.78 658.25 280.42
INT047 168.12 706.35 776.89 87.22 167.10 299.25 140.08 -1,986.20
INT048 920.72 8.16 404.09 40.50 69.12 74.43 622.04
INT049 258.66 135.62
INT050 353.81 32.96 505.39 -288.36 517.92 605.00
INT051 115.21 115.38 262.01 93.58 605.00 89.10
INT052 138.89 -28.07 333.11 39.16 540.36 204.44 168.96
INT053 -339.83 484.77 -429.81 47.16
INT054 415.48 2,342.51 152.68 544.29
INT055 161.83 16.10 400.68 71.13 308.51
INT056 129.57 0.35 20.99
INT057 104.82 472.28 153.13
INT058 278.76
INT059 380.96 22.83 550.00 662.67
INT060 584.04 132.81 14.60 446.59 100.31
INT061 128.87 131.09 84.41 1,491.75 -27.52 222.71
INT062 933.04 202.43 917.77 66.99 178.47
INT063 456.50 46.58 234.65 550.00 988.29
INT064 940.41
INT065 337.95 472.16 484.54 948.96
INT066 402.04 446.81 946.58 466.77 1,050.44 93.60 280.47 287.07 969.37 156.55
INT067 388.68 217.33 385.66 550.00
INT068 986.09 4,087.39 356.27 4,634.11 263.83
INT069 1,817.76
INT070 369.03 527.03 407.99 360.48 360.70 343.14 381.40
INT071 399.20 302.86
INT072 1,052.46 345.23 448.46 343.13
INT073 823.37 -2,569.23 1,307.08
INT074 408.82 316.39 1,890.32 1,113.26
INT075 1,552.42 755.60 997.90 992.32 824.72 680.17 1,080.45 704.31
INT076 998.83 1,022.90 1,585.36 684.88
INT077 442.23 1,015.31 650.81 1,047.07 982.50 847.72 -95.39
INT078 1,160.86 390.12 1,415.65 1,343.25 1,134.55 1,251.82 1,503.91
INT079 997.62 1,134.96 1,189.27 569.15
INT080 981.70 995.49 400.84 398.45 1,088.29 1,019.15 298.99
INT081 451.17 1,085.08 353.35
INT082 388.58 1,126.24 137.43 985.27
INT083 520.59 161.22 169.64 429.24
INT084 993.44 1,010.98 332.65 3,060.59 997.43 2,072.25 550.00 388.81
INT085 271.65 1,367.29 4,874.55
INT086 876.49 498.88 1,044.61 1,044.85
INT087 431.85 840.00 311.34 275.07 164.45 289.21 997.82 351.14
INT088 1,244.10 346.08 848.60 169.03 203.53 852.23
INT089 869.00 297.82 668.01 1,037.59
INT090 1,178.92 729.13 979.59 317.20 337.41
INT091 0.00 339.27 1,189.24 320.64 777.84
INT092 1,522.68 84.21 1,102.86 2,394.76 744.00
INT093 1,267.53 846.67 1,051.78 846.33 666.81 922.54 979.17
INT094 828.17 617.94 840.00 2,280.65 355.40 1,131.83 367.53 840.65 148.75 841.68 875.27
INT095 1,065.24 840.00 155.43 331.31 118.57
INT096 1,028.71 992.80 147.91 376.36 916.18 847.46 1,088.20
Pret final de deficit din luna Martie 2025
1/1