PDF PAGE 1
Data: 08.01.2026
lei/MWh
Interval/Data 01.10.2025 02.10.2025 03.10.2025 04.10.2025 05.10.2025 06.10.2025 07.10.2025 08.10.2025 09.10.2025 10.10.2025 11.10.2025 12.10.2025 13.10.2025 14.10.2025 15.10.2025 16.10.2025 17.10.2025 18.10.2025 19.10.2025 20.10.2025 21.10.2025 22.10.2025 23.10.2025 24.10.2025 25.10.2025 26.10.2025 27.10.2025 28.10.2025 29.10.2025 30.10.2025 31.10.2025
INT001 790.29 711.92 740.90 612.05 328.44 348.73 536.63 318.06 137.37 448.20 89.62
INT002 803.83 25.19 176.50 321.33 401.43 825.39 839.48
INT003 273.29 114.00 400.00 400.27 347.67 815.28 316.84 400.00 556.57 228.50
INT004 117.42 114.27 675.83 -310.99 400.22 241.35 318.51 -1,068.19 -307.77 118.40
INT005 658.78 -776.70 322.17 399.44 653.82 134.86 -32.16 330.32 1,166.48
INT006 130.30 178.17 -277.85 777.29 186.77 626.02 -63.38 378.89
INT007 95.91 743.64 398.84 132.81 180.64 390.00 26.88 26.83
INT008 793.49 179.84 308.85 -6.48 95.97
INT009 73.35 554.88
INT010 395.00 120.05 78.63
INT011 122.97 48.58 216.87 71.51 49.92
INT012 124.17 122.76 334.59 830.01 122.09 316.46 326.23 329.71 70.89
INT013 391.27 381.34 615.33 310.61 274.88 158.17 99.13 331.92
INT014 488.74 636.08 210.14 165.31 166.25 128.54 -225.24
INT015 93.86 54.02 400.00 817.66 176.71 -30.01 143.87 60.97 405.00
INT016 498.14 628.75 136.58 115.78 221.47 95.17 98.32 140.37
INT017 813.35 645.37 861.07 34.87
INT018 725.76 110.75 278.88 -4,672.55
INT019 671.82 634.73 139.37 153.70 181.34 318.57 0.32
INT020 250.36 792.37 137.91
INT021 543.82 395.00 639.52 201.62 141.67 539.62
INT022 54.71 410.00 211.57
INT023 224.07 113.16 410.00 325.63 387.40 288.89
INT024 673.00 474.46 302.75 79.94 -35.91 578.61 0.31
INT025 190.19 256.47 6.08
INT026 390.00 326.67 520.60 0.00
INT027 276.43 165.12 -1,161.56 750.46 242.03 167.06 100.00
INT028 521.82 735.44 420.00 558.02 318.68 805.33 718.49
INT029 307.26 199.22 -1,497.28 230.98 275.30 2,117.25
INT030 843.04 518.53 547.49 728.62 -3,734.17 61.81 302.57
INT031 329.16 741.13 192.57 316.06 893.63 332.80 337.33 0.40 710.89
INT032 335.18 104.68 395.00 316.43 726.92 400.00 31.76 0.40
INT033 1,027.12 395.79 306.09 837.54 -1,141.00
INT034 329.88 95.69 338.05 -1,044.47
INT035 316.82 664.95 342.08 316.57 -56.61 471.58 69.43 -100.30
INT036 179.80 120.97 -3,753.67 78.76 -294.62 88.57
INT037 729.62 450.00 29.34 -541.44 32.08
INT038 331.99 318.23 -193.85 -72.43
INT039 295.07 214.58 46.64 -693.50 -329.64
INT040 67.82 812.68 -22.11 4.57 198.24 -1,499.33
INT041 365.78
INT042 66.10 79.11 -632.84 -165.00 -910.43
INT043 222.49 -2.42 -2,000.51
INT044 -6,419.11 -4,045.26
INT045 -149.79 -6,044.60 -1,940.92
INT046 -665.76
INT047 -348.25 -955.86
INT048 337.27 -5,038.57
INT049 48.34 -548.17 360.60 -6,335.04
INT050 -18,690.40 445.65 -277.39 -2,526.25 -402.36
INT051 -126.53 0.00
INT052 -448.39 544.10 368.79 -85.92 -846.70
INT053 -99.00 279.29 564.23 536.65
INT054 299.62 -508.42 298.55
INT055 485.37 80.13 -90.62 -138.00
INT056 501.43 4.21 -57.49 -463.61 -86.61 -2,314.54 522.66
INT057 1.14 47.05 137.94 531.56
INT058 -98.80 304.90 39.17 774.38
INT059 1.85 -3,326.58 -648.34 -1,238.70
INT060 114.04 57.69 -1,294.14 52.29 328.23
INT061 -6,377.81 -85.26 -400.55 -454.16 210.31
INT062 -1,702.99 383.91 -17.63 -3.93 0.64 367.75
INT063 457.17 17.48 69.42 -165.81 7.89
INT064 233.49 408.47 -62.19 2.64
INT065 -635.32 -102.02 -4,326.13 -715.31 0.74 -5,695.35
INT066 341.57 -85.75 -531.41 -2,751.21
INT067 703.67 398.17 395.00 -162.44 -301.51
INT068 -164.00 -298.39 0.10 688.92
INT069 400.00 712.30 377.25 362.61 231.05
INT070 311.42 420.26 1.63 402.00 1.03 307.66
INT071 0.00 421.10 1.10 352.99 218.50 1,143.06 363.95
INT072 1,736.39 649.80 -93.32 3.63 338.44 278.06 520.47 674.60 354.18
INT073 400.00 390.00 171.48 318.56 400.00
INT074 354.13 396.67 666.17 404.00 -249.62 26.36
INT075 112.66 676.46 420.00 120.94 251.00 -23.64 877.71
INT076 779.94 721.51 -96.92 0.00 335.64 752.89 263.55 315.13
INT077 0.00 831.89 -175.17 0.00 322.69
INT078 251.00 1,116.54 511.23 318.95 -1,065.20 1,167.18 -624.51 400.00
INT079 320.55 0.00 417.86 320.04 -690.33 400.00
INT080 0.00 355.99 83.15 729.38
INT081 231.41 401.78 410.00 339.75 260.66 354.40
INT082 304.47 805.78 400.00 410.00 -211.94 382.63 18.79
INT083 731.95 804.43 410.00 0.00 -15.29 147.95 327.45
INT084 -28.80 -13.99 184.92 379.80
INT085 379.72 -333.83 959.94 629.01 317.01
INT086 -97.87 -950.07 122.26 520.93 983.09 693.94
INT087 337.25 -852.73 825.83 308.38 652.81 317.67 879.50 400.00 740.15
INT088 -236.72 346.32 816.56 803.01 427.94 732.80 137.96 246.33 792.51
INT089 555.36 89.49 840.44 307.20 174.57 766.47 515.62
INT090 306.04 712.80 -329.07 405.00 131.21 0.00 138.14 730.51 169.53
INT091 153.98 165.37 343.83 361.83 762.81 152.30 367.23
INT092 312.87 730.19 994.47 280.03 347.25 886.79 143.68
INT093 -109.81 723.58 321.85 697.10 694.50 810.82 625.56 661.18 1,403.63 556.14
INT094 -294.22 169.29 323.27
INT095 330.35 857.34 808.16 146.08 390.00 292.79
INT096 379.17 143.43 142.80
INT097
INT098
INT099
INT100
Pret final de excedent din luna Octombrie 2025
1/1