PDF PAGE 1
Data: 28.08.2026
lei/MWh
Interval/Data 01.08.2025 02.08.2025 03.08.2025 04.08.2025 05.08.2025 06.08.2025 07.08.2025 08.08.2025 09.08.2025 10.08.2025 11.08.2025 12.08.2025 13.08.2025 14.08.2025 15.08.2025 16.08.2025 17.08.2025 18.08.2025 19.08.2025 20.08.2025 21.08.2025 22.08.2025 23.08.2025 24.08.2025 25.08.2025 26.08.2025 27.08.2025 28.08.2025 29.08.2025 30.08.2025 31.08.2025
INT001 654.94 287.30 585.81 167.58 402.09 768.30 225.49 719.90 298.89
INT002 723.81 104.19 646.57 420.00 97.87 682.81 700.82 -0.82 142.73 198.86 404.00 278.11 706.55
INT003 420.01 420.00 420.00 177.05 319.86 158.38 644.20 669.31 0.30 0.00 67.45 661.75
INT004 633.52 312.75 196.11 99.48 128.99 59.74 492.48 52.81 139.95 130.38 79.32
INT005 697.29 0.00
INT006
INT007 1,017.59 404.08 240.67 491.19 184.08
INT008 762.84 698.26 107.43 12.56 697.12 147.39 324.97
INT009 633.46 388.57 676.74 644.09
INT010 700.37 646.61 248.08 420.00 397.50 390.00 89.51 132.56 634.40
INT011 420.25 322.98 178.62 400.00 252.46
INT012 101.91 120.83 175.91 711.13 164.32 680.84 114.08 123.05 247.36
INT013 420.09 221.80 390.00 420.00 645.62 134.60
INT014 421.00 626.34 118.18 673.61 663.52 420.00 130.55 91.26 722.26
INT015 1.21 35.34 420.00 151.06 119.29 715.81
INT016 420.13 729.48 2,607.29 125.64 795.58 114.76
INT017 0.00 179.04 658.96 169.14
INT018 0.00 300.74 94.54 165.62 133.03 149.40 111.47 120.93
INT019 420.69 282.93 640.05 130.56 420.00 550.71 666.62 185.82 56.86 624.14
INT020 636.60 176.29 303.04 97.16 143.56 698.50 531.77 683.18 96.98
INT021 0.00 119.91 63.62 692.22 0.00 161.74
INT022 420.00 63.23 642.32 0.00 390.00 95.77
INT023 824.04 203.67 698.37 420.00 246.13 374.96 715.72
INT024 755.76 177.26 99.33 242.99 420.00 390.00 364.31 61.00 124.62
INT025 420.01 88.94 555.74 651.76 110.49 232.75 420.00 292.71 492.24 420.00 724.03
INT026 420.01 128.36 616.62 228.39 103.06 420.00 289.03 575.60 702.85
INT027 234.42 281.55 249.15 420.00 390.00 390.00 170.06 390.00
INT028 703.68 448.26 420.06 688.29 686.92 592.13 433.30 566.79
INT029 243.48 219.76 107.97 51.33 279.97 750.09 377.22 -114.20
INT030 92.35 294.23 594.75 646.38 0.00
INT031 283.91 60.68 725.11 729.26 301.23 390.00 390.00
INT032 153.56 37.30 657.31 305.55 -23.71 371.88 227.04 382.63 420.00
INT033 789.10 413.58 207.46 -53.00 100.85
INT034 420.00 0.40 107.61 370.22
INT035 0.69 3.27 57.54 -3,600.70 -263.83
INT036 -1,387.66 -54.82 117.84 115.97 491.37 -4,599.54 133.55 97.30
INT037 -1,136.27 41.82 690.63 369.79 446.64 -50.66
INT038 -1,817.94 196.67 -375.86 -119.43 -4,459.90 183.75
INT039 -450.57 -152.65 404.00 102.17
INT040 -3,606.49 -5,208.55 300.14 -3,883.52 -4,728.24
INT041 225.84 555.91
INT042 -76.41 285.12 235.10 467.85 -1,827.13
INT043 -308.25 -95.19 12.26 -299.35 -4,159.93
INT044 -151.94 241.23 -3,576.06 -2,642.93 -224.36 -6,942.45
INT045 96.90 -4,668.11 363.40 -13.52 7.48 -758.35 -2,614.93
INT046 -6,628.40 2.00 -2,947.90 -156.09 -3,661.40 -3,543.53 -18.48
INT047 -262.47 76.77 -3,014.59 10.81 -219.69 -125.64 -94.97
INT048 -93.97 430.22 -4,020.60 -132.36 -87.57 -122.17
INT049 -4,447.20 7.74 -315.01 606.83 -83.62 455.33
INT050 -2,840.71 -7,001.00 589.12 -5,242.81 206.40 -76.26
INT051 510.75 -2,002.27 -1,917.52 -1,609.62 532.82 198.68 589.69 497.37 -1,964.09 -85.02
INT052 -679.69 152.46 -264.03 -86.71 91.93 371.00
INT053 -716.01 -165.27 481.26 541.15 -7,992.16 -186.30 -4,585.30 17.08 179.35 -28.42 -3,830.73 372.45
INT054 -138.33 -16.07 380.35 190.62 -2,470.49 -44.83
INT055 -19.13 284.24 119.97 545.75 -30.13 -2,227.47 -24.92 340.31
INT056 384.05 500.24 -344.06 -139.04 44.46
INT057 524.39 -4,770.58 -54.40 -83.68
INT058 -3,016.34 103.52 -108.00 497.29 -83.28
INT059 87.04 -1,402.43 -84.91 143.13
INT060 -51.83 120.54 595.18 -4,573.98 -86.54
INT061 -1,017.61 -4,999.00 390.00 -206.92 -4,823.59
INT062 -4,999.00 -4,313.71 113.99 647.20 -165.00 -65.42 -3,982.96
INT063 -4,926.13 -4,047.66 463.43 -137.33
INT064 105.78 -4,560.80 509.14
INT065 -6,599.43 225.00 -3,988.99 -2,925.97 -164.97 -4,990.43 -1,620.24 0.38 -151.82 599.65
INT066 220.42 75.31 197.30 -3,870.81 3.28 280.67
INT067 242.19 90.19 -304.46 504.50 17.73 15.20 454.34
INT068 -949.83 1.12 -165.51 4.96 2,372.81
INT069 -4,763.14 -4,763.00 529.86 268.38 -128.17 -3,544.32 -5,817.29
INT070 -296.46 -3,913.23 -6,198.93 -2,428.29 -650.97 -5,619.23 2.91 393.49
INT071 -106.00 -2,892.47 201.95 -184.98 649.52 -8,131.62
INT072 390.00 228.40 -376.82 201.80 1.00
INT073 313.70 373.46 -2,225.54 -3,651.20 190.45 242.71 -1,853.46 49.89
INT074 386.17 -612.91 507.71 189.24 -228.23
INT075 529.57 103.66 251.31 289.31 406.55 698.75 -397.64 371.00
INT076 314.11 325.41 390.00
INT077 2,230.28 -4,670.54 778.33 195.84
INT078 390.00 308.22 306.47 -4,733.76 -1,624.88
INT079 0.00 0.00 346.51 375.79 362.61 -890.77 558.37
INT080 -1,545.69 631.41 1,008.88 387.53 530.47 905.19 705.52
INT081 0.00 958.69 2,125.23 264.11 646.42 0.00 208.16
INT082 409.00 347.14 380.66 354.17 649.82 100.00
INT083 618.99 572.44 572.33 390.00 608.36
INT084 654.95 658.63 516.60 149.55 741.71
INT085 458.24 409.00 323.86 378.19 692.27 682.04 160.64
INT086 717.81 659.31 409.00 320.84 538.82 388.33 389.54 645.86 176.65
INT087 390.00 742.36 356.43 380.99 346.79 318.47 689.78
INT088 390.00 855.71 597.99 695.30 186.30 728.63
INT089 675.35 415.58 959.52 412.21 387.53 572.25 662.52 81.64 283.63
INT090 644.10 377.17 756.20 315.69 651.74 98.66
INT091 696.46 325.02 177.64 698.61 155.54 4.12
INT092 341.99 759.94 -337.94 640.36 770.27 221.76 168.04 -1,834.08 -5.39
INT093 211.32 588.29 -1.62 164.67 309.41 -10.92 3.83 184.99 97.03
INT094 420.00 394.82 324.44 176.67 182.04 567.26 387.64 622.86
INT095 740.01 865.23 740.94 378.46 214.85 119.40 391.85
INT096 171.45 -335.08 190.09 635.69
Pret final de excedent din luna August 2025
1/1