PDF PAGE 1
Data: 13.10.2025
MWh MWh MWh
Interval/Data 01.08.2025 02.08.2025 03.08.2025 04.08.2025 05.08.2025 06.08.2025 07.08.2025 08.08.2025 09.08.2025 10.08.2025 11.08.2025 12.08.2025 13.08.2025 14.08.2025 15.08.2025 16.08.2025 17.08.2025 18.08.2025 19.08.2025 20.08.2025 21.08.2025 22.08.2025 23.08.2025 24.08.2025 25.08.2025 26.08.2025 27.08.2025 28.08.2025 29.08.2025 30.08.2025 31.08.2025
INT001 -15.339 -0.336 5.640 15.720 7.058 -1.903 30.096 5.460 0.718 -13.565 -55.161 19.893 20.657 19.298 -9.302 38.364 -4.079 11.980 29.214 -3.372 11.680 1.551 22.269 -3.627 75.092 15.064 -25.528 12.366 11.415 30.416 34.716
INT002 -8.306 -3.225 -6.519 15.511 3.601 -9.200 28.216 -6.140 3.567 -13.121 -42.516 19.541 25.010 8.360 -3.991 48.644 -2.442 8.916 13.251 -7.853 5.910 0.829 10.330 -6.361 61.229 2.725 -33.645 1.687 -2.939 20.422 19.810
INT003 0.675 1.858 2.196 13.866 7.823 -6.088 41.268 -16.087 0.334 -23.714 -40.024 26.289 19.482 5.241 -4.772 42.594 -1.753 12.435 5.114 0.633 11.886 21.597 6.634 3.605 30.990 -1.825 -27.538 12.104 -11.789 7.473 28.081
INT004 -3.842 -13.309 6.132 24.768 7.356 -5.005 26.957 4.358 15.463 -20.334 -36.080 24.779 20.187 -0.007 -12.343 48.900 1.738 16.822 -1.301 13.215 6.532 19.512 12.831 17.189 18.735 10.478 -11.528 0.607 -21.554 -10.031 26.955
INT005 -16.422 -8.019 -1.444 26.154 21.282 -23.024 -19.913 28.802 12.304 -16.023 1.196 22.274 12.790 -21.651 5.522 50.967 6.433 24.838 -32.410 18.413 -14.248 12.262 -37.758 4.945 20.466 19.144 14.127 31.931 -20.239 -19.454 14.607
INT006 -24.005 -6.344 -9.832 21.215 27.298 -17.581 7.907 18.505 14.612 -20.448 -9.199 15.516 9.811 -24.956 8.890 57.314 14.777 39.085 -43.964 29.606 -19.878 31.918 -36.653 15.166 18.928 15.738 18.895 28.282 -29.995 -27.174 19.096
INT007 -4.118 -17.819 -7.344 9.604 33.050 -21.342 33.461 21.315 0.042 -10.110 -15.512 16.240 -7.613 -36.398 13.523 51.530 4.125 26.607 -48.267 39.250 -11.743 23.293 -6.600 18.595 12.141 5.936 15.833 14.908 -30.211 -35.105 16.300
INT008 -6.079 -4.504 -3.782 2.734 44.197 -9.765 -2.459 30.126 -0.590 -8.392 -15.697 26.488 -8.064 -21.872 7.639 43.790 5.633 16.149 -43.601 45.592 -7.026 4.344 4.314 13.531 23.309 0.172 11.302 -0.995 -23.949 -37.902 17.625
INT009 -13.021 -14.945 -28.402 5.446 50.760 -7.108 -50.592 19.897 13.012 10.059 -7.071 16.175 -0.550 -7.138 10.983 45.610 27.576 42.389 -22.942 61.148 0.695 -1.775 -2.301 -4.205 67.874 10.148 21.921 20.585 -4.492 -22.580 29.530
INT010 -3.366 -19.728 -20.826 -4.167 48.447 -25.491 -41.105 0.655 11.017 16.104 5.696 18.909 3.015 2.374 15.310 31.517 26.352 32.135 -27.696 63.131 -8.499 8.003 3.365 -8.226 59.679 2.295 19.401 11.120 -0.048 -20.401 25.249
INT011 1.475 -23.589 -19.920 3.584 46.404 -31.739 -37.730 -5.647 -3.824 8.733 13.654 11.785 4.405 2.012 14.638 31.477 22.603 33.080 -26.794 78.778 -11.862 10.332 9.019 -12.094 49.804 -3.403 21.767 8.614 7.413 -20.145 19.656
INT012 5.063 -16.149 -11.914 1.245 47.517 -17.377 -36.956 6.928 -4.259 -7.377 11.364 21.268 1.599 -0.987 2.218 23.055 14.473 43.013 -9.882 77.183 -15.508 13.879 -6.094 -17.095 33.813 -5.912 7.317 7.066 5.805 -22.734 2.157
INT013 1.213 -6.821 -17.728 7.626 29.728 41.943 -96.753 19.874 11.887 3.644 21.671 29.885 2.925 6.961 -8.679 23.784 24.620 45.480 2.942 59.296 -2.267 15.759 -22.929 -25.872 49.361 4.481 14.411 21.148 14.466 -9.297 7.064
INT014 5.847 -6.879 -9.773 -5.232 17.892 31.164 -77.074 25.431 12.108 2.861 20.373 26.429 -2.673 8.330 -5.530 17.423 24.773 54.612 4.821 50.817 -12.346 18.892 -33.860 -24.541 40.568 5.730 3.342 14.272 18.311 -11.987 -5.996
INT015 7.155 -6.067 -20.611 -7.610 1.686 3.543 -71.122 27.803 9.400 12.301 27.780 31.921 1.959 10.935 2.907 15.480 21.157 68.415 16.492 49.663 -22.008 23.248 -36.019 -18.869 38.563 9.822 0.250 17.916 24.157 -8.391 -4.300
INT016 5.211 -1.952 -60.107 -6.955 9.469 -0.873 -53.710 32.803 1.579 -1.121 23.847 31.347 10.039 9.414 6.503 16.100 12.635 71.716 23.175 51.484 -27.350 25.230 -18.629 -6.711 42.505 16.650 -0.951 21.768 24.565 -10.066 -8.875
INT017 2.349 -12.916 -66.488 -13.346 27.968 -11.970 -26.237 40.929 12.186 16.918 17.346 44.562 6.248 11.490 -2.498 -0.384 9.923 48.973 34.306 34.822 -22.427 26.733 2.158 8.730 58.245 20.826 8.359 25.533 25.251 -11.632 7.130
INT018 4.148 -19.352 -76.896 -6.747 24.216 -4.144 -22.413 19.385 5.377 13.837 -1.820 39.457 0.213 9.255 6.671 -10.332 0.484 45.515 35.510 31.299 -29.200 23.855 -13.536 5.187 32.544 22.158 0.046 19.031 27.108 -17.038 2.997
INT019 3.301 -15.916 -61.502 0.312 10.565 -12.081 -24.404 14.855 -2.065 7.126 -8.437 19.473 1.685 1.418 24.024 -5.796 -0.815 43.021 31.503 19.623 -33.661 21.758 -0.025 0.870 6.469 19.900 -2.884 18.062 22.689 -13.407 8.531
INT020 -6.377 -4.400 -53.693 2.954 15.390 -9.361 -65.700 14.861 2.051 -1.919 -2.199 17.419 7.437 8.648 22.122 10.468 -6.736 38.614 29.906 16.421 -22.691 24.514 5.819 -0.290 9.490 28.074 -4.412 8.389 11.844 -13.988 1.319
INT021 12.404 1.967 -56.114 26.038 25.879 -21.413 -47.999 12.615 27.320 9.444 4.041 11.753 3.966 12.116 28.473 9.726 -1.788 63.129 23.563 16.036 0.623 23.226 82.658 7.396 35.180 41.101 9.665 6.616 10.863 -13.936 0.263
INT022 4.494 7.889 -59.685 19.018 18.221 -24.266 -44.973 6.909 28.173 14.612 19.629 -10.886 4.211 8.969 25.967 18.820 -2.124 62.404 21.179 1.561 5.066 24.798 66.736 12.569 30.172 30.814 11.120 0.893 10.067 -14.296 -9.776
INT023 -4.033 38.224 -43.741 7.556 30.515 -26.703 -31.424 14.854 25.202 12.273 4.013 -29.468 6.458 -1.103 33.309 27.774 2.914 61.963 18.172 3.633 10.812 21.267 17.998 4.865 14.763 27.187 5.373 -4.897 7.854 -15.686 -31.617
INT024 -2.039 39.874 -42.812 1.548 24.946 -22.693 -13.287 22.811 17.722 0.985 4.161 -29.531 12.854 -4.678 39.777 30.377 4.227 64.862 20.760 3.037 4.029 12.619 11.032 0.840 8.496 29.435 -5.843 -10.629 5.807 -14.917 -46.532
INT025 4.085 35.213 -32.740 2.727 27.992 -2.784 -11.244 22.928 -5.406 -0.809 -19.806 3.697 7.546 -18.236 29.632 19.470 0.327 83.295 19.497 2.444 5.641 -2.883 4.455 -6.925 29.367 32.406 -3.570 -19.719 11.106 -21.552 -49.936
INT026 5.074 50.264 -17.220 -1.764 19.587 11.293 -13.030 12.630 -4.356 1.498 -25.381 4.397 10.309 -18.400 30.189 22.661 5.082 66.828 21.007 1.683 3.443 -8.054 12.899 -4.916 38.669 27.270 -0.590 -14.686 17.168 -20.713 -36.727
INT027 8.040 57.306 6.653 -10.079 9.574 8.736 -11.774 17.661 -12.868 10.659 -36.548 16.834 20.587 -17.894 34.660 20.545 16.358 59.301 21.671 6.732 2.045 3.558 26.928 -0.241 34.345 21.039 0.885 -9.494 19.145 -10.249 -33.714
INT028 -3.852 62.321 27.851 -4.512 6.802 0.366 -1.537 15.480 -0.899 9.709 -47.133 21.886 13.007 -26.147 32.229 23.529 21.390 77.740 16.253 10.633 -5.728 -3.485 42.957 -2.228 34.771 6.629 -9.640 -16.361 14.297 -16.799 -33.215
INT029 6.080 31.686 7.681 5.581 21.872 26.489 10.011 6.177 -7.429 8.812 -22.352 32.582 -9.559 -22.665 6.943 -0.408 2.129 92.661 47.251 22.505 -2.697 -1.144 27.427 -7.616 44.055 13.211 -13.456 -18.169 8.514 -46.234 -30.639
INT030 -4.973 30.687 18.217 -4.714 17.638 29.621 7.073 -8.540 0.957 10.822 -39.571 25.658 -4.184 -20.461 11.966 -0.035 6.557 74.388 13.463 25.613 -9.361 -10.546 34.766 -6.558 28.409 -0.011 -25.057 -24.484 4.093 -37.009 -25.149
INT031 -0.833 34.045 29.423 -6.700 8.953 32.174 6.250 -23.209 -3.305 7.999 -45.122 14.033 -8.783 -15.185 13.881 -4.208 14.653 71.286 6.975 33.151 -2.006 -12.976 37.243 -8.214 24.771 5.072 -16.253 -13.991 8.074 -21.646 -19.463
INT032 22.576 35.043 30.689 -14.667 14.409 31.875 13.203 -34.211 -5.851 1.413 -41.052 8.252 -1.868 -7.146 6.268 -18.652 10.092 56.025 20.521 42.459 -9.834 -21.007 41.070 9.970 15.354 13.784 -8.013 3.991 33.612 -24.109 12.471
INT033 27.688 -6.085 3.221 -20.770 7.214 45.163 -4.871 -32.075 -30.458 -34.408 -92.003 13.846 -25.347 -12.759 11.328 -61.257 -3.317 50.876 42.095 24.577 3.452 -7.258 16.808 -4.561 16.796 -4.464 -10.298 -19.596 5.880 -35.071 22.274
INT034 40.768 -28.327 2.919 -7.169 4.986 45.579 -4.150 -27.456 -31.069 -32.417 -75.177 32.086 -20.940 -0.607 13.917 -67.903 23.470 21.925 45.940 30.142 -0.969 -6.679 15.966 12.055 24.462 20.300 10.127 -10.403 17.441 -18.849 17.508
INT035 54.679 -10.326 15.174 6.664 3.315 44.045 8.559 -47.008 -24.341 -12.349 -44.199 34.861 -17.855 7.417 11.774 -54.676 34.086 3.996 45.838 21.907 -12.239 3.418 5.215 9.351 18.268 24.204 16.442 18.725 25.587 -6.944 7.693
INT036 60.020 11.882 22.766 20.960 20.650 48.168 17.894 -7.959 4.569 8.910 -10.959 46.703 -1.027 27.166 23.864 -8.111 35.998 -7.127 64.843 54.060 18.307 9.258 7.035 12.463 49.349 52.490 40.965 61.612 62.888 9.793 4.947
INT037 38.642 10.570 -29.016 2.871 3.715 15.906 -32.314 2.129 -19.795 -28.747 -47.603 1.102 -25.915 27.912 13.547 -5.823 6.617 -39.880 71.333 17.667 -15.526 -16.625 -9.382 15.801 -5.750 12.273 20.303 -14.331 38.871 -27.528 -18.607
INT038 38.188 -8.927 -14.717 -11.137 19.604 6.672 -22.509 21.128 -16.249 -10.165 -51.626 20.381 -6.836 42.870 18.510 7.944 20.262 -28.751 59.103 7.675 -21.314 -21.309 -14.278 9.790 11.121 24.407 40.571 11.091 62.997 -35.909 -33.161
INT039 58.493 -27.766 5.503 -12.996 44.328 4.309 -28.361 31.911 -11.677 8.354 -31.664 39.203 3.164 44.598 24.304 19.298 6.438 -23.955 61.717 9.390 -20.981 -30.406 -16.921 4.655 29.797 17.189 35.780 23.645 65.746 -19.505 -35.262
INT040 66.215 -15.492 8.954 -24.172 47.818 8.668 -8.901 47.937 11.983 12.530 -28.048 51.085 17.804 42.878 40.722 38.874 11.146 -20.733 69.994 36.254 -0.671 -46.696 -28.249 12.094 26.792 17.669 32.320 29.763 75.067 -1.155 -47.710
INT041 -11.995 -29.666 -37.584 -13.713 6.592 -0.129 1.493 51.857 -16.817 6.627 -19.846 13.532 10.343 22.566 2.569 44.837 -1.402 -0.365 61.203 30.953 -34.029 -47.203 -43.828 -4.639 12.393 35.434 19.102 -5.056 46.879 37.850 -52.551
INT042 9.522 -23.609 -35.772 -21.975 8.527 -2.831 11.217 55.898 -13.736 5.266 -20.766 19.097 20.498 32.328 10.619 46.508 2.060 -13.907 58.757 27.189 -42.509 -73.462 -47.586 -0.972 11.327 42.131 28.368 14.940 59.124 23.299 -42.625
INT043 22.178 -30.472 -19.204 -28.865 37.360 -19.107 6.005 34.956 -6.923 3.988 -6.837 18.050 13.182 27.435 -7.818 35.996 -15.655 -6.993 58.980 29.631 -40.413 -121.831 -53.372 8.473 19.653 52.441 30.733 15.614 56.515 -28.864 -31.315
INT044 46.913 -23.136 -10.277 -13.363 58.991 -0.858 0.473 27.300 -7.815 13.570 -4.540 16.313 29.394 25.388 4.531 30.257 -15.640 7.011 69.852 46.640 -17.213 -147.090 -44.534 43.488 20.857 78.008 57.051 21.174 62.745 -62.957 -17.309
INT045 0.074 -28.190 -0.016 7.147 20.800 -2.633 19.410 6.384 -14.624 -23.515 -24.321 13.811 -19.750 -16.142 -10.094 -3.043 -12.368 48.801 36.798 35.849 -16.681 -152.881 -43.586 37.518 4.780 49.537 10.227 -4.310 72.469 -28.400 -19.303
INT046 20.119 -16.789 3.094 6.108 29.400 -4.623 20.754 -15.303 9.524 -12.777 -7.340 12.972 -7.581 -20.755 -4.279 1.399 -9.619 61.782 43.058 45.672 -14.643 -158.146 -54.712 29.637 -32.542 62.688 2.563 12.308 70.176 -28.731 -23.373
INT047 31.089 -23.456 5.390 -14.365 36.216 13.608 9.797 -11.078 11.109 -11.881 -4.677 -6.230 0.052 -41.440 4.870 21.122 -11.948 48.465 34.099 51.683 -26.967 -175.245 -54.246 49.369 -17.561 64.613 -3.137 9.821 63.343 -18.586 -27.043
INT048 38.851 -8.975 5.894 -14.899 46.161 18.427 20.196 -0.775 -6.454 -14.745 -3.841 -1.361 6.682 -21.933 11.724 11.067 -31.534 59.121 32.499 41.580 -27.032 -148.929 -35.052 62.107 16.613 79.471 -1.947 28.551 60.314 -12.785 -25.033
INT049 45.954 -15.724 -3.275 14.150 58.293 69.046 61.267 9.128 -30.711 -9.861 8.665 3.313 -1.906 -47.492 -11.310 -19.418 -28.862 58.891 28.375 50.805 -32.047 -108.132 -2.141 37.153 -0.664 60.178 22.834 25.254 32.408 -0.910 -53.640
INT050 46.103 -23.809 0.246 10.351 51.040 59.604 50.623 -3.985 -1.390 -14.311 11.163 8.672 -10.862 -48.741 -16.332 -18.932 -21.688 54.166 27.616 27.091 -25.492 -100.411 8.036 28.956 24.756 70.911 25.078 28.023 29.646 8.467 -38.801
INT051 27.477 -26.681 -3.580 -19.325 43.219 47.031 42.290 8.752 14.593 -5.027 12.080 11.285 -0.609 -34.695 6.819 -3.224 -5.960 64.388 27.825 17.027 -19.416 -45.857 8.435 27.741 25.193 60.761 31.062 30.504 29.235 12.405 -24.432
INT052 16.477 -17.199 -9.448 -20.281 47.238 51.281 55.900 10.683 10.565 -25.230 11.552 10.988 1.071 -9.561 19.928 7.062 9.535 72.256 32.261 3.657 -10.180 -1.327 4.592 39.802 29.503 55.019 35.949 30.760 30.243 5.962 -6.457
INT053 30.381 -15.328 -13.027 9.882 33.988 46.118 56.375 36.595 -4.312 -5.221 11.686 24.986 10.171 -0.398 0.480 12.996 17.677 44.469 45.934 -35.390 -11.577 42.014 18.588 38.225 41.803 58.223 61.096 19.638 46.626 12.191 -3.011
INT054 14.507 -35.296 -8.679 10.162 22.569 34.485 38.124 27.860 10.809 0.448 15.177 21.045 16.839 0.820 -5.800 14.517 15.373 62.677 26.848 -28.847 -4.309 64.848 12.723 48.367 27.267 64.577 41.614 24.675 44.684 25.958 -8.244
INT055 0.680 -42.019 -15.406 0.857 3.327 21.668 29.611 29.702 2.690 5.245 13.430 26.647 10.764 15.386 -3.016 14.786 -2.501 31.336 33.846 -4.677 4.348 52.859 19.181 58.164 39.121 62.949 47.961 39.850 47.572 40.629 -4.727
INT056 8.788 -43.991 -20.491 -24.067 -7.639 -8.751 10.966 34.085 12.550 -1.862 13.538 15.222 16.027 8.721 10.654 19.646 -9.222 28.410 24.653 -1.158 -0.813 63.362 17.652 51.175 22.560 50.008 56.492 36.865 48.626 27.233 3.978
INT057 23.142 3.891 20.097 -45.648 -24.040 -19.161 -1.606 55.632 7.867 9.129 20.180 15.772 14.722 6.419 28.954 31.922 -9.640 59.207 -8.423 37.622 -4.910 74.689 45.285 45.784 2.680 52.327 55.580 20.748 44.322 11.978 33.474
INT058 17.632 -12.247 12.339 -13.561 -44.376 -24.157 -0.384 48.904 8.724 9.079 14.977 -1.472 16.031 9.771 19.889 8.192 -4.959 71.545 3.999 32.592 10.442 107.479 22.066 57.289 0.173 39.090 62.591 16.944 46.815 10.854 13.896
INT059 19.711 -29.138 3.099 -25.528 -52.572 -8.222 4.546 34.142 21.345 10.953 23.645 -9.252 18.504 1.864 17.132 12.988 -14.336 67.156 7.741 17.694 35.466 80.135 14.857 48.909 -22.008 32.862 62.804 16.241 42.599 0.955 23.545
INT060 16.040 -3.586 -0.704 -26.093 -42.422 4.902 4.518 23.101 16.316 10.595 16.846 -10.501 6.230 -14.123 12.631 -1.832 -30.036 57.537 20.898 28.839 17.859 89.831 12.564 57.630 5.295 28.203 66.250 12.114 22.487 -37.861 9.907
INT061 30.794 0.488 29.118 -55.024 0.589 21.254 -3.124 26.918 19.656 10.131 6.569 12.258 7.850 -14.716 27.220 3.620 -13.770 35.809 9.632 21.373 -3.846 107.418 15.925 87.132 25.998 55.053 72.499 8.568 28.306 -43.195 22.055
INT062 29.283 -9.732 28.784 3.877 -14.702 20.738 -11.181 24.509 12.111 -2.168 27.465 10.262 -7.120 -1.826 33.718 -3.569 -10.271 30.252 -18.001 14.521 6.779 112.300 15.577 88.279 -4.580 54.296 73.449 3.851 24.961 -18.046 72.385
INT063 28.911 -7.410 10.841 -0.760 -26.936 31.051 -116.369 21.783 14.764 -14.832 41.346 11.394 -1.651 -11.290 49.611 -10.062 -7.407 2.855 -8.546 3.193 21.875 100.748 -3.376 111.172 -5.885 46.479 53.332 0.274 43.891 -24.853 95.828
INT064 30.683 -8.738 4.427 -16.119 -11.349 29.426 -119.001 20.060 23.176 -28.349 27.723 8.040 -4.415 -17.330 35.913 -17.897 -1.240 14.136 4.333 -8.399 9.074 77.993 -6.971 92.299 2.920 36.293 36.607 -13.014 45.399 -44.032 81.866
INT065 19.118 35.789 19.886 9.240 10.700 44.844 -100.440 46.122 5.061 -19.449 30.816 37.449 5.889 -8.042 40.203 -6.764 22.855 59.719 12.518 10.531 12.241 27.545 9.892 101.727 21.416 71.288 57.990 9.856 86.858 -1.935 49.819
INT066 24.050 9.145 18.378 26.522 29.833 51.961 -121.900 28.063 3.152 -29.280 52.553 29.374 -12.853 -14.461 33.644 -6.874 24.055 63.282 2.331 4.071 -25.571 5.625 26.787 97.944 21.942 37.334 38.321 -21.005 60.757 1.981 49.252
INT067 32.214 4.464 14.944 24.537 48.530 44.184 -96.018 24.564 7.498 -14.828 53.347 37.084 -1.425 1.517 27.187 -5.893 15.912 40.708 13.018 2.748 -15.493 -18.124 37.508 72.532 25.389 42.562 36.518 -11.118 58.641 -1.717 42.585
INT068 32.189 -3.121 -5.953 39.865 53.635 28.461 -7.958 18.196 -8.164 -34.051 63.277 19.384 -2.483 -11.594 19.792 -16.765 -19.314 22.840 27.013 -2.128 -7.988 -67.808 28.135 62.232 30.916 47.285 42.529 -4.810 50.637 -13.089 -12.667
INT069 13.583 9.463 9.403 54.109 64.166 11.662 57.499 31.662 22.834 -10.576 88.632 2.855 -29.755 -7.139 31.402 34.524 8.899 10.767 53.643 23.356 27.386 -76.015 56.553 66.030 30.296 13.743 66.843 21.928 94.424 45.218 -38.304
INT070 18.334 -16.474 -17.986 61.315 29.802 29.153 32.510 23.079 1.961 -26.410 69.828 5.582 -67.503 -16.769 17.728 19.131 16.425 10.444 43.734 30.626 30.607 -115.940 40.800 55.871 34.413 -9.300 37.307 7.102 63.865 18.922 -0.477
INT071 24.435 -30.029 -30.365 38.868 14.505 22.482 48.027 10.293 2.599 -25.258 44.753 18.174 -123.860 -19.020 18.608 17.722 -3.829 41.071 38.372 44.415 46.815 -139.900 42.832 10.385 39.839 -8.437 25.714 11.228 56.883 21.965 24.571
INT072 21.999 -56.960 -40.151 1.748 -30.991 -12.969 24.230 0.522 -16.933 -52.105 34.285 9.894 -163.293 -49.894 -22.370 -14.106 -31.287 38.109 50.402 27.040 30.777 -153.966 39.221 -35.942 19.181 -6.599 9.642 -6.802 37.670 -7.944 10.651
INT073 46.177 1.075 2.927 1.303 -0.984 16.065 61.248 38.028 37.852 8.725 58.209 18.943 -116.652 0.081 22.640 31.283 9.871 37.658 52.601 44.280 48.772 -146.899 36.260 -19.745 42.706 17.613 26.114 23.640 67.570 43.519 48.849
INT074 28.471 -13.830 -6.105 -29.069 -14.188 18.835 65.271 10.097 20.308 -2.168 27.233 -3.795 -145.438 0.477 -5.933 15.246 24.743 36.887 37.622 47.297 57.196 -139.039 30.927 -104.652 26.321 1.620 8.521 -9.104 41.677 32.280 45.962
INT075 7.639 -34.763 -1.400 -32.507 -37.338 24.521 51.683 6.679 10.453 -10.482 9.833 19.146 -144.192 -8.730 -4.595 -1.338 17.318 53.978 49.841 45.456 42.193 -124.044 27.070 -93.477 23.789 4.461 -0.476 -22.599 10.628 8.636 30.983
INT076 -17.725 -76.400 -20.012 -31.631 -41.545 -1.942 48.543 -21.921 -5.874 -41.326 -24.297 8.198 -164.845 -47.734 -20.001 -24.437 -5.920 66.828 33.997 29.322 13.413 -122.374 8.676 -85.795 0.325 -13.011 -33.606 -52.816 -4.476 -18.897 0.141
INT077 -2.173 -4.382 -9.909 -12.122 -4.484 -5.851 69.842 32.039 14.854 -52.926 29.556 33.715 2.785 2.366 6.569 -6.510 29.995 50.328 2.604 19.588 -7.853 -41.792 21.972 -54.329 -19.541 -18.951 -8.214 -5.307 36.788 37.294 16.087
INT078 -9.187 -10.000 6.873 -12.758 -11.780 -10.218 56.779 32.257 -9.944 -44.964 32.328 16.002 -13.011 -10.701 21.691 -14.497 30.922 66.525 3.495 5.489 -15.890 -1.883 20.323 -2.566 -13.244 -27.850 -15.047 -34.416 25.955 35.780 33.542
INT079 -17.975 -21.683 0.046 -13.060 -7.741 2.395 40.094 18.103 -23.548 -74.132 20.931 6.437 -36.846 -35.746 16.359 -26.874 31.640 72.925 7.148 1.924 -24.844 3.532 9.830 31.026 -5.330 -19.977 -13.103 -40.908 9.187 29.818 40.074
INT080 -38.794 -36.222 -19.196 -39.536 -17.166 -18.134 12.555 -1.929 -3.016 -85.918 -6.799 3.946 -25.038 -46.257 -0.128 -35.692 41.923 71.827 -11.152 -1.333 -22.893 14.019 11.457 37.086 -11.970 -24.389 -24.572 -41.057 -8.043 20.881 59.474
INT081 11.751 1.258 -0.259 -2.055 20.139 -42.297 23.511 11.287 6.042 -47.636 19.316 -3.591 -95.097 -23.802 38.516 -12.944 59.235 88.525 3.156 -17.858 -16.640 56.426 12.777 29.105 -6.289 -5.928 17.430 6.688 13.378 20.717 83.309
INT082 24.623 22.875 9.406 2.275 31.832 -19.464 7.050 12.856 11.991 -34.176 25.560 2.000 -104.105 -21.462 33.678 -12.212 51.208 85.748 2.320 -9.083 -29.958 66.689 14.062 26.960 -12.063 -9.817 -1.565 -14.759 13.962 7.614 71.789
INT083 20.801 12.135 -15.840 -6.704 25.493 -23.863 -1.561 10.043 15.473 -30.803 20.318 -5.376 -78.812 -22.021 34.276 -18.420 43.706 80.270 -0.472 1.690 -33.501 68.964 -8.805 47.411 -7.361 -10.039 -11.696 -29.032 7.469 -9.259 48.179
INT084 19.149 -6.622 -30.462 -24.761 24.589 -31.896 -33.577 -2.111 -2.160 -46.533 31.353 -18.821 -90.937 -32.002 27.561 -13.037 34.699 72.158 -9.822 20.791 -23.462 115.314 -0.080 58.558 -6.457 -13.162 -20.187 -33.265 4.459 -5.879 54.402
INT085 11.167 -5.638 -10.767 -19.941 16.250 -40.764 -82.790 -1.450 3.416 -62.726 2.967 -39.702 -95.626 -31.170 40.542 -18.581 32.634 81.052 -12.396 7.028 -31.525 138.481 8.425 31.358 -3.821 -5.370 -15.497 -2.407 -0.246 -29.904 29.234
INT086 14.739 -6.387 -6.740 -18.917 11.469 -43.680 -77.392 -15.396 7.809 -31.355 1.000 -59.033 -99.397 -24.940 58.394 -10.497 27.968 91.627 -1.116 20.234 -13.865 207.267 23.600 69.606 1.854 6.203 -7.590 16.033 4.289 -21.185 63.458
INT087 7.926 -7.274 -23.335 -8.306 4.483 -43.082 -61.605 -9.739 18.834 5.608 21.531 -52.685 -78.490 -19.234 73.283 6.006 21.460 107.367 16.794 38.309 15.066 259.600 36.695 85.954 20.164 23.518 11.714 37.920 6.184 -5.463 81.108
INT088 1.998 -9.866 -10.648 16.258 -2.382 -34.234 -35.028 -2.830 31.104 14.509 41.397 -36.461 -50.681 -3.877 80.483 5.009 18.051 134.716 19.404 62.227 26.458 244.352 50.650 86.269 35.254 45.506 28.999 60.167 24.220 -3.822 87.893
INT089 -25.930 -25.570 -20.154 -1.922 -16.675 -75.505 -61.954 -38.658 3.334 -0.947 -3.781 -38.779 -40.505 -33.593 61.196 5.921 2.579 68.750 -3.553 18.674 -2.053 158.312 25.054 69.953 13.127 -6.775 3.581 17.139 1.246 -9.767 47.677
INT090 -8.088 -7.217 10.307 26.533 -31.184 -52.714 -13.907 -38.413 20.271 21.039 46.051 -36.693 16.825 -17.500 49.138 6.361 -4.255 57.380 6.371 34.975 11.434 152.303 21.610 73.358 10.516 1.077 -10.893 42.118 -1.375 1.213 20.731
INT091 7.245 -7.177 6.983 35.132 -13.672 -29.833 24.972 -33.155 22.892 23.238 72.233 -31.788 27.673 -3.448 26.013 7.914 1.353 67.211 4.251 51.861 20.048 143.893 42.369 62.080 18.688 16.036 -1.507 38.931 7.065 7.962 3.411
INT092 15.953 7.445 21.661 40.097 -3.905 4.600 31.433 -8.018 26.954 32.504 82.355 -2.454 49.733 2.969 23.611 6.822 15.068 71.669 14.295 56.839 8.308 123.958 49.547 64.253 31.042 32.004 21.511 41.310 12.537 20.517 23.879
INT093 -13.609 6.523 -5.926 3.205 -11.830 -10.723 27.467 -45.612 9.320 -1.827 29.347 -22.710 33.611 -26.343 0.175 3.455 14.476 38.988 -6.286 -4.210 -12.567 44.580 3.738 36.520 18.478 -22.751 -11.461 -5.545 9.786 2.975 6.441
INT094 -17.030 5.565 2.119 10.471 -6.672 26.165 31.523 -39.742 4.200 -0.380 32.727 -11.002 33.970 -8.773 7.188 3.959 8.250 52.248 -17.953 6.414 -11.800 54.000 -3.905 33.732 1.059 -10.957 -6.769 -2.353 19.238 7.568 43.192
INT095 -0.964 -2.820 17.039 9.886 -4.208 48.778 26.862 -35.615 -7.197 14.008 31.916 -12.734 38.801 1.555 14.042 -0.344 12.486 59.868 -26.103 11.120 -15.724 44.140 -13.687 46.075 10.304 -11.480 4.364 1.472 32.969 29.745 52.826
INT096 4.454 8.190 21.076 24.402 9.523 50.531 32.822 -9.023 21.497 7.054 44.866 4.840 20.938 8.236 15.440 -0.180 13.310 58.053 -10.040 18.534 -17.797 50.456 -2.838 49.838 15.811 -11.257 18.666 9.750 37.859 45.327 51.961
Situatie privind dezechilibrul SEN pentru fiecare interval de decontare din luna Octombrie 2024
1/1