PDF PAGE 1
Data: 04.11.2025
lei/MWh
Interval/Data 01.09.2025 02.09.2025 03.09.2025 04.09.2025 05.09.2025 06.09.2025 07.09.2025 08.09.2025 09.09.2025 10.09.2025 11.09.2025 12.09.2025 13.09.2025 14.09.2025 15.09.2025 16.09.2025 17.09.2025 18.09.2025 19.09.2025 20.09.2025 21.09.2025 22.09.2025 23.09.2025 24.09.2025 25.09.2025 26.09.2025 27.09.2025 28.09.2025 29.09.2025 30.09.2025
INT001 -1,056.02 206.17 6,450.81 6,986.60 266.27 104.23 270.54 699.81 147.51 787.87 6,901.55 202.96 -126.68 797.34 549.00 -109.03 534.15 -649.80 4,458.15 261.86 21.47 799.72
INT002 -10.50 107.49 5,524.39 6,854.97 215.83 699.40 -710.83 1,003.22 4,854.88 183.31 -175.87 773.43 549.00 4.79 187.16 296.33 -348.85 763.87 86.17 2,808.67 182.90 195.03
INT003 -224.75 -6.35 1,345.59 947.22 -68.95 699.82 254.33 935.29 1,083.05 45.44 99.57 43.49 740.53 270.99 -783.36 18.04 547.89 72.33 293.94 -1.92 6,737.27 15.03 240.59
INT004 -242.99 -278.14 867.72 972.22 -149.21 -2,433.63 698.76 258.24 699.68 1,076.98 334.57 -3,319.28 -169.24 741.54 -2,332.66 675.19 180.06 -67.48 59.53 5,673.52 5.80 -238.87
INT005 -74.18 1,312.50 1,344.44 128.00 3,330.87 1,687.37 180.24 4,053.68 250.05 -336.47 100.22 952.26 -159.52 183.48 545.92 -121.67 793.83 85.47 712.00 807.72 1,046.22 265.96 -127.28 0.71
INT006 206.57 1,091.93 215.88 699.01 149.95 915.95 189.21 888.36 335.43 195.85 184.81 933.59 736.90 111.64 -118.23 209.93 1,670.16 204.48 657.12 759.00 579.89 884.38 1,705.42 306.33 -194.63 221.86
INT007 111.39 662.15 221.06 146.16 699.67 134.37 896.92 911.39 114.46 13.45 156.00 977.68 -33.10 -581.03 200.23 783.48 193.13 646.00 337.11 830.61 877.37 285.13 161.73 172.61
INT008 -19.24 686.73 -1,683.20 113.49 1,580.57 968.45 664.00 780.80 -40.83 73.81 190.89 703.62 -425.17 -1,078.49 110.08 545.49 646.00 498.54 859.94 291.51 94.23 -272.21
INT009 156.52 180.22 788.23 1,162.78 711.64 816.98 238.79 902.14 266.85 42.87 1,188.09 298.74 -110.56 -185.39 743.43 124.55 466.19 808.15 475.00 884.75 800.20 201.98 137.51
INT010 138.08 122.84 798.75 254.93 758.66 752.45 229.43 828.71 800.69 4.06 961.79 269.86 -195.61 -491.99 186.09 119.86 646.00 725.03 475.00 901.99 925.75 83.96 161.35 -39.31
INT011 158.74 133.32 698.71 259.12 910.87 120.88 699.68 194.65 250.89 821.15 778.20 113.47 -738.55 -1,413.23 160.53 679.09 617.66 741.00 387.90 907.89 799.00 799.00 226.87 -105.56
INT012 89.83 1.02 698.85 345.54 630.00 698.81 215.14 699.11 214.34 699.05 173.12 811.44 691.00 567.00 705.54 -433.00 -5,704.20 93.73 685.40 22.64 637.28 721.00 793.87 200.78 33.54
INT013 92.17 -5.03 699.50 345.41 775.94 311.54 699.91 289.05 -2,298.54 826.42 696.86 212.54 2,547.02 226.91 -343.98 -2,572.50 498.38 785.87 798.92 189.93
INT014 295.09 367.15 699.93 205.76 688.90 699.68 165.55 320.74 257.23 -3,294.26 811.59 692.85 196.85 758.71 684.00 -781.28 85.49 -62.78 150.62 772.30 778.75 296.37 799.36 -13.04
INT015 282.11 390.00 699.83 199.14 673.35 699.76 41.39 215.73 260.59 -3,817.36 942.84 952.83 697.00 252.55 747.39 650.00 -465.19 -17.12 492.18 144.36 771.27 795.92 154.57
INT016 189.12 215.06 699.26 -859.52 598.00 316.93 -4.95 229.32 313.74 361.39 -71.33 699.00 801.78 186.17 238.06 698.10 700.01 -644.05 -205.96 494.74 582.00 707.37 475.00 1,356.19 796.46 181.48
INT017 188.33 4,736.20 -4,050.41 699.07 699.88 131.03 698.94 263.30 -16.98 699.00 806.41 162.35 162.04 696.59 649.00 -186.85 -664.96 109.22 622.25 798.99 475.00 883.79 802.83 236.31
INT018 197.51 103.61 2,806.52 -4,384.38 699.33 699.70 153.92 246.27 314.60 699.00 827.33 219.58 694.86 649.00 -171.72 297.97 50.31 646.45 797.11 836.36 799.87 202.95 200.88 720.79
INT019 219.93 2,486.64 -3,441.04 698.90 148.45 156.41 350.60 568.00 699.00 807.81 2.55 280.03 790.54 617.00 209.62 -71.33 215.21 501.49 474.07 591.19 786.43 475.00 866.43 798.58 149.77 169.73 683.16
INT020 203.18 4,440.85 -4,999.00 698.96 257.94 0.03 174.66 148.12 -3.43 699.00 810.02 23.28 744.61 668.72 231.28 542.41 582.00 759.00 881.46 799.74 122.03 94.90
INT021 170.99 72.19 1,218.58 -3,111.60 698.83 699.77 -39.05 699.50 264.51 192.03 -224.67 699.00 786.77 86.72 755.78 616.00 31.40 -383.22 493.64 602.71 667.00 788.20 803.33 150.75 -222.69 161.81
INT022 151.62 1,305.34 -575.28 0.17 175.58 128.41 0.00 774.68 89.91 485.00 789.40 616.00 -282.89 553.38 196.36 -49.70 781.21 795.05 799.38 181.39 -91.64 201.05
INT023 2,589.27 -602.49 21.84 305.71 699.00 130.82 485.00 800.00 586.00 474.87 -213.53 486.46 494.61 474.25 661.69 797.92 475.00 790.32 794.98 283.79 237.12 248.89
INT024 995.15 192.39 279.11 0.32 245.05 -120.02 252.08 703.70 141.97 593.76 858.33 638.00 -6.47 474.03 493.27 653.80 797.21 3,870.98 568.36 784.25 203.14 72.07 123.09
INT025 56.91 320.35 45.75 699.46 930.39 76.09 -1,557.90 699.00 784.50 215.06 878.82 -13.43 -2,913.61 472.60 588.47 570.87 788.60 799.89 945.16 759.00 156.88
INT026 322.44 699.16 699.92 723.30 53.79 689.10 206.28 699.00 800.00 289.85 475.00 946.05 723.95 79.33 -411.07 849.25 651.21 462.50 799.90 860.69 611.64 900.32 818.00 759.00 -80.66
INT027 857.52 211.44 1,067.10 699.88 53.61 274.10 250.10 3,402.65 -69.81 263.96 843.78 1,123.67 880.05 475.00 161.55 847.42 705.51 4,854.27 799.66 1,132.63 846.43 959.74 1,002.33 765.67 296.36 839.18
INT028 3,657.83 128.47 6,336.77 124.01 737.78 136.79 -83.07 842.44 166.01 2,541.65 45.45 140.66 858.16 1,742.34 -303.73 849.53 543.74 2,385.61 2,952.28 799.97 833.31 3,358.43 940.17 849.49
INT029 -2,133.07 -3,119.57 932.74 698.97 45.58 316.15 3,258.22 -4,986.76 985.86 793.28 969.61 964.44 -4,270.03 202.38 935.82 500.24 1,003.69 799.67 800.00 799.69 1,178.59 245.61 797.15 -135.72 310.01
INT030 878.72 313.37 997.26 139.12 732.50 184.00 1,815.63 -306.69 942.46 762.26 1,085.42 1,012.43 3,585.17 784.23 1,319.72 472.36 994.97 969.14 1,116.09 941.26 1,018.46 813.06 799.79 302.15
INT031 3,141.78 -221.64 2,867.56 282.14 952.15 277.38 10.26 878.30 1,341.73 390.00 185.64 1,043.49 732.46 828.60 2,572.88 708.73 472.36 1,027.26 1,030.34 1,207.58 981.31 3,220.87 800.79 1,025.86
INT032 1,959.32 699.98 3,960.59 379.54 898.17 -341.09 9.89 305.80 3,861.40 297.86 248.96 807.15 375.41 820.39 1,045.45 739.78 472.36 1,013.65 889.45 883.20 3,326.01 799.51 145.80 1,123.57 1,157.02
INT033 1,042.39 1,121.12 882.01 745.66 -417.24 17.26 4,530.64 157.24 871.97 656.55 288.36 391.62 2,148.78 801.28 1,080.20 899.97 476.52 1,083.88 842.76 800.00 879.29 2,629.79 1,416.08 1,187.56
INT034 1,048.83 1,013.84 757.65 699.82 -44.04 8.88 3,621.33 362.07 1,240.15 679.78 675.89 152.28 4,182.61 811.90 917.83 475.31 1,086.11 1,061.27 800.00 1,028.86 6,325.13 232.37 219.71 1,922.40 1,791.69
INT035 1,064.72 781.35 699.32 -8.01 -63.88 -197.88 1,577.90 219.20 1,075.48 627.52 932.27 -483.41 20.64 2,708.09 -4,665.19 980.56 1,484.63 194.76 750.33 1,086.40 4,193.97 153.12 5,682.06 1,258.70
INT036 315.88 609.45 212.35 279.63 -100.75 -63.61 -3,069.20 1,547.84 318.45 -1,150.18 1,119.44 630.60 813.32 -1,327.32 -1,115.57 1,084.55 799.97 847.75 -278.40 988.59 3,310.73 157.66 1,960.72 1,017.69
INT037 1,115.02 3,614.22 -16.04 748.73 285.73 450.00 -1,213.78 3,593.36 4,814.25 800.00 786.39 1,611.21 -430.38 1,337.70 -2,347.04 6,163.32 62.01 461.93 1,298.99 908.94 247.85 6,281.30 1,137.28 1,007.72 799.00 1,407.33 2,268.07
INT038 2,000.42 699.91 134.56 825.45 339.81 15.55 -174.49 1,302.36 6,499.52 697.28 800.00 791.41 567.81 -98.01 1,826.25 3,133.20 -890.97 548.86 894.96 800.00 6,291.27 1,096.27 824.19 2,870.37 2,340.04
INT039 3,138.49 265.71 125.06 699.91 355.03 -82.02 450.00 -152.74 1,258.02 3,582.25 696.45 800.00 699.00 -504.40 1,009.74 3,279.61 -4,129.63 773.82 280.93 1,016.12 2,022.25 208.53 1,590.50 1,077.80
INT040 792.74 -239.44 234.21 328.09 -272.21 49.66 -892.59 1,272.25 961.37 867.96 800.00 795.88 -838.33 -4,095.95 1,005.66 -6,988.34 791.68 -290.79 -6,154.74 1,073.87 1,257.14 175.37 171.45 3,175.53 803.12
INT041 390.00 188.52 103.81 686.39 251.75 79.34 337.72 17.71 830.18 3,503.31 923.27 485.40 863.42 505.00 -3,583.21 1,249.96 -1,764.52 5,678.21 2,977.58 -1,170.17 673.56 1,005.95 882.24 904.60 319.67 4,672.59 1,250.01
INT042 311.24 222.44 660.00 25.41 49.75 13.95 257.34 -103.56 390.00 1,664.12 944.17 699.00 22.82 -2,960.85 935.32 995.49 -265.35 275.14 734.61 932.35 2,005.81 101.11 715.00 1,176.01 799.44
INT043 699.78 211.42 156.78 -2,470.26 -1.50 173.13 -65.88 785.92 1,663.87 908.76 380.53 -3,743.05 -2,296.79 -1,710.72 -470.12 628.00 -728.07 -103.51 616.52 787.80 948.59 27.53 -525.77 1,040.17 679.55
INT044 696.34 59.63 190.00 2.50 25.15 -159.05 317.10 699.66 399.23 -5,000.00 -105.69 -3,493.93 -51.23 -1,720.71 548.78 550.00 329.81 697.66 -695.40 175.72 1,026.39
INT045 550.00 550.00 633.74 -850.80 59.63 -65.10 728.93 285.99 390.00 -4,999.94 664.17 10.94 710.77 -151.41 193.82 3,012.60 32.19 550.00 716.98 531.22 829.00 242.47
INT046 564.84 550.00 550.00 57.17 18.93 307.57 396.90 1,859.81 -4,999.97 837.50 32.48 -15.74 -99.58 211.95 39.73 450.10 29.94 550.00 614.53 531.22 227.81 196.00 120.44 964.01
INT047 554.38 550.00 550.00 0.04 -169.72 7.82 699.48 699.00 -1,062.45 882.62 21.82 -228.16 -343.79 -604.00 -256.38 9.82 550.00 566.47 528.22 -534.25 30.14 259.73
INT048 550.00 550.00 550.00 29.29 -1,167.79 26.66 6.31 699.00 352.84 -1,879.44 -150.09 680.28 31.29 -3,555.25 51.27 -4,825.85 -972.70 20.61 556.75 528.22 -714.84 -440.98 799.00 -1,712.73
INT049 549.00 612.76 608.62 15.96 -6,215.93 -45.97 0.97 699.00 699.00 234.42 837.20 -29,436.23 545.96 550.00 -2,418.22 -22.90 -2,020.05 -614.87 550.00 524.31 652.71 750.16 100.64 -719.37 306.86
INT050 1,293.02 559.77 495.91 26.41 21.82 -4,144.98 -18.35 8.55 699.00 699.00 462.03 822.54 539.56 550.00 -87.31 535.34 56.91 459.35 0.54 -22.65 69.61 655.05 744.87 -221.87 -829.54 752.99
INT051 606.84 555.14 38.72 32.07 13.42 -5,223.22 -58.55 17.66 699.00 385.65 169.69 0.85 462.03 765.68 36.42 32.57 450.03 478.78 -220.63 -11.58 -79.28 65.42 659.00 748.93 167.84 -4,674.60 786.81 6,699.36
INT052 578.45 119.59 25.78 16.59 0.00 -1,632.87 -63.44 34.20 699.00 699.00 699.37 536.13 39.43 450.03 531.03 112.79 -162.30 3.23 53.57 87.00 654.53 215.31 -43.75 -245.89 708.30 6,156.90
INT053 644.55 45.66 29.53 5.94 9.73 0.06 -46.89 36.09 681.00 699.00 202.56 0.55 450.00 -2,106.88 -4,316.54 -127.21 -3,689.21 -71.76 532.51 531.26 -951.02 -69.46 550.00 -173.73 669.87 202.71 199.10 -1,175.54 792.44 849.81
INT054 550.00 540.00 475.00 0.03 16.68 -8.73 -59.50 522.00 681.00 699.00 550.00 -455.12 -3,555.68 -768.32 519.67 -1,967.11 -270.30 555.08 450.00 -611.93 -32.38 550.00 -9.74 1,185.31 223.10 115.40 -931.21 797.45 851.57
INT055 640.34 687.73 25.02 8.89 4.51 -21.37 -67.63 522.59 681.00 699.00 186.78 -668.68 -1,216.01 -1,494.27 515.77 -161.86 -790.06 -9.97 450.00 -5,154.43 -0.92 550.00 32.67 852.37 195.54 -3,427.53 -22.39 800.00 6,310.48
INT056 645.92 626.32 23.76 0.70 0.63 -19.73 -62.44 522.00 876.70 760.36 188.87 -2,072.08 0.00 -4,048.94 -18.18 -112.29 450.01 453.88 450.00 -6,051.35 -84.47 550.93 43.26 811.86 375.07 -1,551.56 -26.78 799.96 3,670.01
INT057 563.34 603.76 24.12 11.97 10.96 -9.14 -62.27 173.66 876.94 704.08 840.60 141.43 -4,468.14 -180.93 -2,256.78 530.53 -133.02 -134.57 482.77 -4,802.60 -955.78 33.24 63.59 1,173.03 192.47 -96.70 -5,453.26 796.11
INT058 563.49 546.64 0.09 -18.29 0.60 0.60 -55.39 342.69 681.00 1,017.40 762.36 185.55 -3,772.70 -2,564.75 706.59 -283.64 450.00 505.18 -6,453.27 -219.58 -385.97 517.24 2,977.59 -220.85 -1,949.30 777.95 832.85
INT059 5.99 524.19 -4.91 630.68 -60.07 783.24 681.00 787.58 698.80 -273.53 450.00 -1,938.71 685.37 -94.75 -144.54 -9.37 489.60 -6,127.22 -83.13 -313.69 1,479.23 1,527.55 191.85 -183.46 -1,775.87 839.59 2,684.15
INT060 0.01 518.17 9.68 630.00 -130.39 279.43 681.00 699.00 692.25 -23,871.22 2.68 450.00 480.86 -1,807.07 -3,036.04 464.60 453.08 -4,083.37 -1.98 -19.26 1,671.49 665.71 193.08 -128.66 -301.69 803.66 3,647.34
INT061 -25.66 344.40 195.30 -116.73 -70.49 694.83 231.88 696.65 -30.48 -4,284.00 -832.29 211.84 450.00 -6,090.13 473.19 93.99 688.04 733.82 64.40 -2,712.49 39.10 799.09
INT062 49.31 554.30 7.28 30.26 313.98 -50.16 -144.00 27.92 754.30 699.95 699.97 -4,601.89 472.51 188.92 -3,027.58 450.00 558.14 -6,793.18 25.82 550.00 2,574.79 729.45 88.73 798.21
INT063 29.02 597.25 10.19 621.12 64.86 257.99 3,713.95 -803.71 -300.03 568.25 217.21 -90.28 -731.75 523.08 588.89 -2,519.60 37.25 164.12 701.08 761.73 663.00 589.66 -258.43 827.20
INT064 65.64 208.90 2.74 105.91 450.00 450.00 40.61 239.10 699.85 3,310.16 -3,070.03 18.52 824.36 0.16 201.50 526.38 3,467.32 0.00 482.92 539.98 740.75 887.08 652.22 674.79 998.05 -722.79 806.00
INT065 14.41 53.78 28.94 0.02 45.85 -5.19 1,130.53 820.71 120.38 -63.96 48.35 0.90 266.38 -3,345.27 90.76 76.49 -977.59 268.49 2,254.03 1,139.92 358.77 -279.69
INT066 652.93 96.65 14.57 11.44 629.45 -738.64 222.49 865.85 949.04 -82.78 475.00 499.65 22.24 514.22 69.25 473.94 119.74 273.36 978.40 917.55 786.52 213.36 475.00 758.47
INT067 508.50 620.12 677.67 12.52 804.56 615.18 -37.23 0.00 950.69 144.44 -67.58 11.00 538.23 600.81 492.90 628.89 470.69 299.22 1,219.38 916.87 767.07 244.33 5,387.86 719.22 814.07
INT068 474.11 252.13 658.03 0.60 4,232.79 224.82 390.00 935.13 200.44 550.27 595.10 751.71 -3,162.98 955.57 473.36 529.71 735.40 733.81 3,359.42 926.81 873.57 1,679.03 720.89 224.33
INT069 15.95 -178.01 24.52 -6,030.25 -35.80 0.82 1,210.39 -5,597.37 550.84 -327.42 718.66 190.55 -6,819.03 509.06 -149.89 16.02 -334.36 -45.08 -3,591.55 1,168.05 -735.10
INT070 576.88 51.15 204.79 -906.40 617.35 53.08 288.19 218.48 1,167.09 316.43 -492.56 496.46 475.00 922.12 196.35 -7,323.71 736.14 3,666.49 -200.31 119.08 104.88 271.78 755.95 595.50 -478.85
INT071 185.33 668.80 3,879.36 191.36 -79.47 1,855.21 611.34 229.96 148.03 1,694.10 -357.55 514.80 244.30 955.52 638.11 5,338.08 4,759.12 685.47 1,739.78 -1.84 220.94 1,003.17 974.37 109.21
INT072 199.68 3,708.80 3,262.30 682.02 3,187.91 3,491.70 296.29 146.85 272.47 -234.95 -170.71 563.90 852.84 1,037.97 473.11 1,369.15 6,999.55 3,178.06 6,062.95 6,223.32 2,676.81 2,025.53 93.85 4,019.91 1,691.57
INT073 2,146.69 650.36 225.41 -1,694.57 -3,287.84 -4,465.83 -2,640.51 221.73 -1,369.53 1,294.92 3.69 -4,154.55 784.78 -5,535.10 2,689.89 847.39 816.17 400.00 232.47 125.20 -6,806.80 -421.95 666.49
INT074 4,767.80 475.00 2,115.06 16.60 181.01 -1,799.80 240.62 344.18 -446.43 -4,032.31 1,358.96 1,050.56 475.00 5,328.25 806.17 886.20 1,458.03 211.12 208.39 -834.89 202.32 1,725.84
INT075 6,598.42 2,883.46 846.07 -148.92 235.79 203.96 -237.93 173.88 217.61 -831.26 108.57 -4,170.98 3,978.68 1,126.51 -8.18 308.29 6,891.80 1,951.96 868.40 1,280.50 1,177.31 300.72 161.13 225.94 3,585.16 780.66
INT076 6,154.42 6,960.66 6,690.08 4,764.97 824.96 208.45 14.68 1,616.96 338.83 283.28 1,216.72 220.89 2,129.25 6,679.27 3,818.49 308.15 796.37 7,001.00 0.00 7,000.05 1,562.45 1,306.23 6,445.25 158.45 254.94 225.85 6,284.45 2,298.24
INT077 1,031.70 1,063.60 55.07 183.22 -3,970.84 668.08 699.73 -445.21 -2,916.76 219.09 2,407.00 1,206.87 -2,031.93 -2,111.16 213.18 2,670.85 288.97 1,264.69 1,980.05 1,033.83 288.07 257.72 288.41 743.21
INT078 3,691.61 925.87 1,495.19 -67.04 220.23 196.55 -1,714.86 280.70 946.80 86.96 555.31 285.30 1,410.64 -35.82 390.00 81.69 1,431.57 -280.27 1,129.18 1,022.17 1,500.55 1,100.78 194.68 252.09 1,947.70 1,760.59
INT079 1,245.37 3,673.10 229.79 623.85 265.68 270.30 912.67 252.32 1,260.52 -314.64 1,445.97 2,199.44 365.35 4,079.22 103.43 1,541.79 1,944.74 1,455.98 1,172.91 794.17 653.63 2,093.22 2,401.66
INT080 876.60 2,499.33 1,335.76 3,606.65 1,486.28 2,682.04 1,463.25 1,467.90 1,453.05 1,434.41 4,736.40 342.19 1,260.75 4,261.62 5,866.64 1,632.28 4,270.03 55.08 2,227.08 3,581.95 1,499.67 1,914.04 916.47 1,375.35 1,068.28 2,388.64 3,357.47
INT081 220.58 2,667.82 1,306.46 -513.68 176.66 180.60 1,086.23 200.31 2,115.81 837.27 190.15 1,275.29 1,755.84 4,663.84 926.04 176.14 967.08 1,105.85 1,677.97 2,941.20 1,722.57 1,135.39 231.92 1,019.24 2,035.54 4,117.48
INT082 376.66 2,069.56 1,774.34 330.17 567.12 288.13 3,889.06 279.47 799.91 1,723.14 2,228.53 1,874.57 351.87 2,161.12 745.62 263.29 798.92 4,521.56 1,809.51 1,589.65 229.54 800.00 358.27 2,263.02 4,808.69
INT083 110.85 2,444.50 5,957.93 387.16 362.65 1,196.42 1,973.86 1,796.95 390.00 318.73 275.44 5,051.52 1,720.17 390.00 2,369.10 714.81 319.75 2,101.62 -1,147.09 197.75 799.93 249.95 2,059.30 2,213.50
INT084 138.01 1,850.86 4,346.97 363.76 319.03 182.34 1,167.48 2,161.59 1,597.63 1,832.35 374.68 232.34 315.00 1,780.99 219.08 3,641.71 624.62 299.93 1,799.63 300.67 181.83 152.24 273.78 2,027.98 2,131.44
INT085 1,744.29 4,074.50 1,235.04 344.51 924.48 1,916.36 1,488.52 1,333.49 1,182.04 799.80 1,002.78 258.80 1,529.37 1,021.94 5,571.22 -19.29 853.86 887.37 352.39 799.65 799.73 775.76 699.57 214.51 1,013.79 1,518.06 5,197.27
INT086 1,016.84 2,015.55 1,282.61 325.84 699.70 1,704.25 1,329.05 1,368.52 737.24 775.76 232.00 1,065.96 894.84 1,225.39 -260.38 799.75 70.22 259.80 307.67 1,430.27 6,370.77
INT087 216.69 1,042.37 2,699.88 -3,885.60 292.36 700.00 810.50 976.45 218.76 200.74 2,405.68 -639.62 783.65 275.28 231.69 246.44 708.35 298.28 255.25 2,999.82
INT088 -316.87 -6,207.41 260.35 699.26 -245.45 700.00 700.00 700.00 131.18 258.78 24.09 -639.95 -784.44 -891.48 -224.56 948.63 311.96 892.93 59.55 228.02 886.86
INT089 1,028.67 6,715.22 1,263.69 -384.62 700.00 3,975.35 66.79 1,132.47 323.01 1,106.55 1,199.37 800.00 299.22 -266.49 799.72 1,419.69 16.00 986.93 123.32 19.30 748.05 966.76 681.49 1,004.13 1,026.96 287.04 911.15 1,120.72
INT090 89.86 5,423.30 2,074.40 2,574.39 16.50 235.14 700.00 905.91 836.40 221.01 43.96 198.71 1,096.27 239.40 247.55 963.76 289.44 54.45 234.98 916.26 955.17 226.90 1,145.70
INT091 -70.78 809.36 89.53 1,692.55 142.72 700.00 780.57 132.44 131.97 235.42 316.28 -47.30 139.30 791.18 326.36 25.39 237.64 -84.83 290.09 869.07 321.72 236.56
INT092 -3,228.50 699.36 1,445.61 -39.28 -228.58 705.22 31.27 -2,912.94 61.33 978.38 -1,734.15 -335.01 165.28 115.28 -3,156.41 -2,763.23 225.17 -214.25 63.87 -207.12 -399.16 783.03 -188.48 -378.59 246.62
INT093 -1,325.08 3,758.21 5,420.66 109.67 6,820.95 -1,721.70 150.95 143.19 1,158.18 6,149.00 -457.80 -26.29 51.34 -1,035.17 -937.38 793.26 -984.09 549.48 1,439.11 1,019.20 0.00 108.22 806.94 925.73
INT094 173.35 3,394.48 6,499.67 665.00 339.68 6,455.62 186.81 262.80 228.64 169.72 939.46 4,204.85 183.72 180.06 223.61 92.52 -72.57 254.56 233.48 -61.32 264.79 782.97 930.34 802.79 239.31 1,104.66 1,009.00
INT095 -3.63 1,522.10 6,499.76 665.00 357.15 5,313.47 209.11 -2,382.80 127.00 299.22 1,166.36 4,582.28 221.56 186.54 272.89 227.30 59.96 -66.32 238.31 793.68 261.43 796.36 906.09 -238.07 827.41 784.21
INT096 -57.20 875.38 6,791.23 324.08 273.75 5,055.40 175.12 -9.56 -162.76 1,028.82 948.65 208.59 -517.68 244.91 -30.70 136.42 331.82 -25.25 307.75 228.33 221.42 882.43 301.42 -393.19 823.17
Pret Final Unic din luna Septembrie 2025
1/1