PDF PAGE 1
Data: 11.06.2026
lei/MWh
Interval/Data 01.06.2025 02.06.2025 03.06.2025 04.06.2025 05.06.2025 06.06.2025 07.06.2025 08.06.2025 09.06.2025 10.06.2025 11.06.2025 12.06.2025 13.06.2025 14.06.2025 15.06.2025 16.06.2025 17.06.2025 18.06.2025 19.06.2025 20.06.2025 21.06.2025 22.06.2025 23.06.2025 24.06.2025 25.06.2025 26.06.2025 27.06.2025 28.06.2025 29.06.2025 30.06.2025
INT001 1,291.26 116.74 -153.38 2,196.21 1,050.03 193.00 -90.54 128.13 846.33 -1,071.13 5,124.89 5,479.50 975.61 21.73 -397.42 275.79 650.00 1,020.84 1,191.27 3,427.39 -700.74 777.54 968.56 1,078.16 1,884.33 1,100.22 1,024.54 699.37 2,375.78
INT002 916.47 246.76 826.20 2,248.11 264.46 58.06 -1,707.50 765.21 -54.50 3,250.22 16.14 -88.03 371.55 998.34 2,477.04 -182.29 699.40 1,101.89 699.74 699.48 1,491.28 1,020.91 970.08 1,938.05
INT003 324.37 886.54 991.09 650.00 309.75 97.12 -4,518.76 -35.31 3,588.79 213.81 16.94 -93.06 246.82 259.26 1,008.84 1,079.56 171.33 -478.23 959.93 699.70 269.33 698.69 1,036.80 972.68 1,630.00
INT004 268.09 650.00 213.90 97.21 160.27 -2,476.86 -15.90 992.69 56.97 -3.50 -89.93 157.28 197.20 699.89 161.28 -1,328.91 1,002.59 246.74 695.92 1,035.41 878.02
INT005 1,202.60 353.48 260.55 2,474.10 124.87 269.08 100.65 -22.95 1,638.44 5,831.14 181.65 -867.23 962.51 3,546.73 1,071.26 216.70 903.74 83.63 223.11 2,734.07 699.36 3,881.12 -326.86 3,001.76
INT006 323.06 365.63 927.46 304.28 339.42 212.10 -43.19 774.26 2,470.35 72.09 -668.15 687.26 1,709.46 825.96 699.64 1,027.36 130.14 320.52 1,363.72 699.52 2,635.99 -4,672.91 1,111.23
INT007 197.12 319.81 946.21 161.73 254.98 42.25 928.40 685.26 211.89 -68.37 200.78 310.97 699.00 223.34 -545.89 196.31 238.39 983.71 699.00 945.05 -4,063.38
INT008 -3,563.35 316.07 207.03 171.86 210.25 42.61 27.01 -246.46 824.27 1,664.37 224.96 -122.15 173.75 201.65 699.09 200.23 -596.40 -426.92 191.45 269.69 1,047.13 699.00 1,107.31 -4,487.52
INT009 840.58 -1,579.61 247.68 271.73 882.05 285.64 239.38 31.71 1,113.75 895.19 853.37 209.38 235.02 884.81 699.37 1,135.57 699.53 922.26 795.18 242.99 330.13 227.95 699.86 1,285.05 -723.01 699.23
INT010 -40.64 276.98 321.10 282.66 227.36 -3.08 795.31 900.98 726.88 124.98 166.89 940.76 317.91 1,345.62 694.39 886.73 753.27 -864.68 227.18 699.17 741.98 -3,965.53
INT011 3.55 -282.96 343.34 350.62 224.19 253.08 223.98 -83.04 244.81 1,206.35 708.85 22.37 22.37 832.41 699.51 699.05 693.23 699.00 699.00 -0.66 212.83 296.96 699.69 1,391.21 -386.64 664.99
INT012 14.55 -1,907.88 256.45 69.71 136.77 211.14 288.81 178.03 -1,928.62 650.00 205.06 656.77 15.13 42.08 14.04 693.72 684.67 699.00 142.94 130.82 202.84 699.00 699.00 -627.10 688.36
INT013 43.03 -597.35 166.48 130.00 218.89 275.90 257.44 -159.87 229.71 918.37 680.25 -7.61 -9.91 -11.83 910.69 237.83 347.21 755.65 856.11 170.35 193.95 734.16 699.93 -2,665.11 1,030.08
INT014 0.22 0.15 267.35 170.73 215.59 108.44 205.06 61.27 -2,804.03 -1,785.07 692.30 -104.15 85.28 -21.01 1,128.64 699.00 738.73 -1,855.87 686.31 699.00 -114.69 243.17 699.17 699.89 -5,432.84 4,696.40
INT015 0.23 3.46 208.70 219.63 225.36 270.68 55.82 -1,723.51 -4,494.57 -4,807.46 650.00 54.95 -4.50 1.30 924.26 699.68 54.57 689.71 699.59 187.70 51.72 310.16 384.83 699.00 699.00 -658.09 1,181.58
INT016 0.24 55.21 337.74 197.05 22.71 -3,755.05 -1,458.49 671.14 -949.93 650.00 18.46 55.55 786.88 699.09 698.99 -3,345.76 680.94 699.00 166.08 -17.31 122.93 699.00 699.00 42.07 698.39
INT017 0.20 187.65 38.07 216.82 292.43 231.27 168.51 177.37 -881.35 -2,199.03 256.45 156.66 59.59 15.74 57.59 818.81 191.25 -498.82 698.57 699.49 164.32 145.93 38.03 875.94 388.39 250.18
INT018 1.08 244.66 171.18 365.96 181.53 181.40 122.75 49.09 -32.03 168.12 192.91 656.60 -66.57 -12.32 34.17 650.00 87.57 24.73 768.28 699.00 124.96 100.39 4.28 699.76 222.56 185.58
INT019 -2.86 365.29 315.43 180.86 191.94 204.79 174.16 -2,022.68 198.39 813.73 -406.90 -546.55 36.88 690.69 699.41 699.06 22.57 1,233.56 699.00 134.52 -799.28 238.89 255.18 699.96 112.92 216.58 324.42
INT020 -471.73 62.49 1,494.53 246.15 108.77 191.76 -9.70 202.35 -1,313.04 685.65 292.78 661.73 -53.97 217.87 736.16 8.84 988.43 699.00 81.52 -83.92 259.73 699.90 81.83 -434.31 218.23
INT021 116.47 66.67 209.45 109.47 243.60 89.32 182.06 -3.84 203.16 686.46 1.09 -147.39 267.37 211.67 341.76 -177.65 990.52 1,842.56 71.21 -275.19 291.79 287.24 699.00 71.87 8.30 210.84
INT022 -2,158.60 133.21 840.99 125.08 154.14 303.51 -272.55 180.50 19.01 315.74 237.16 697.10 2.10 -409.68 222.54 275.62 208.69 -873.49 943.63 885.47 195.31 -71.23 120.73 382.81 699.29 269.60 2.62 147.86
INT023 -4,499.00 29.50 211.20 195.25 82.43 331.89 -514.55 234.49 -8.01 275.73 151.05 650.00 -242.43 139.51 98.32 -1,276.54 699.76 724.45 198.79 126.28 390.00 124.65 7.41 189.06
INT024 -1,630.01 223.92 117.78 141.23 220.78 -4,499.00 180.85 22.70 687.27 268.89 672.67 18.40 -1,154.42 193.37 715.36 699.00 87.47 -70.89 213.59 871.37 225.36 101.73 288.48 202.12 -4.71 -4,630.79
INT025 0.75 -379.22 220.54 88.70 163.56 214.58 -1,248.36 157.46 -52.41 152.86 129.63 848.32 -2,826.42 253.52 1,118.71 815.48 50.38 250.66 699.53 328.75 245.60 236.20 239.10 -695.39 -264.06
INT026 -199.68 -5.97 142.00 9.28 202.38 73.68 -1,616.99 260.54 173.50 63.42 -2,926.38 226.14 964.66 749.69 233.94 773.01 -7.71 746.52 232.25 724.04 234.76 198.39 -232.76
INT027 -2,576.35 23.28 51.62 -14.58 137.36 1.74 -197.79 287.19 786.25 176.72 686.79 311.49 -1,308.72 816.32 702.48 243.22 699.00 53.90 699.60 712.92 237.58 691.34 175.49 795.49 -144.47 -33.68 781.24
INT028 -2,309.32 -75.01 60.59 211.53 133.43 -10.38 -416.76 243.50 730.48 687.54 349.51 -2,312.00 667.00 650.00 3,746.61 146.19 699.71 31.91 2,728.38 108.62 686.39 223.59 751.71 -408.10 -6.78 731.13
INT029 -155.22 1,135.43 213.59 126.68 -3,537.20 19.20 217.37 913.54 -177.99 703.17 993.08 998.52 -1,640.69 2,008.43 911.51 -20.59 699.19 -256.35 699.00 -117.74 736.44
INT030 -2,531.84 218.12 992.10 105.95 23.60 689.35 1.83 151.65 3,608.19 311.59 275.26 700.49 0.89 -74.13 316.87 986.79 279.94 1,001.80 794.24 1,033.40 4.33 682.02 388.72 699.00 3.04 2,605.25 699.88
INT031 -768.76 103.34 880.90 -462.01 680.64 25.24 32.07 933.35 260.83 709.65 7.02 195.69 293.62 1,009.43 260.87 1,050.00 699.00 699.00 1,028.82 -85.45 672.68 390.00 699.22 16.12 700.00 699.76
INT032 -1,258.88 97.90 141.28 -103.43 333.74 678.00 -58.64 16.17 859.93 80.97 6.79 183.84 250.63 998.88 203.66 115.34 699.00 700.00 -135.27 695.60 386.95 699.82 -1,287.45 700.00 696.96
INT033 -3,563.27 126.95 1,068.50 128.35 252.44 250.00 2.92 470.22 52.99 935.38 53.51 694.29 561.75 3,198.52 699.79 700.00 1,024.78 652.88 996.99 -2,042.86 583.45 834.10 -718.04 983.95 373.62 813.32 257.10 5,688.32 933.32
INT034 -644.98 53.93 2,827.40 312.26 256.29 250.00 0.96 470.22 1,013.54 373.45 153.46 668.84 323.60 700.00 1,024.74 594.45 943.78 -5,145.45 583.45 313.81 1,007.66 776.78 712.14 -2,790.30 656.12 880.34
INT035 -653.03 101.76 899.44 332.05 254.14 114.34 13.35 470.22 838.44 329.42 -271.11 118.54 41.22 21.01 329.90 212.32 2,271.87 576.77 272.43 -7,001.00 583.45 -539.41 410.65 389.67 395.04 -1,954.93 1,458.96 699.44
INT036 -1,133.52 -3,154.46 269.15 200.55 253.01 153.02 -23.93 69.05 -958.15 874.83 32.43 -539.68 -132.88 -10.90 -78.64 316.47 195.58 16,414.46 -1,864.96 -2,814.74 583.45 -1,976.12 11.82 105.33 254.86 361.76 -2,997.64
INT037 -1,192.63 227.73 5,228.43 194.41 4,588.07 146.82 650.00 791.29 282.59 91.13 913.02 3,141.31 362.09 650.00 1,375.93 550.00 -1,144.08 699.43 450.02 776.14 136.58 293.75 3,896.58 4,739.62 481.44
INT038 -640.98 40.32 898.41 173.54 234.74 550.00 749.75 390.00 111.71 16.46 634.72 91.66 3.81 194.08 250.56 550.00 -558.06 -4,860.24 450.02 33.76 0.60 211.97 675.83 4,762.31 3,829.22 481.44
INT039 -1,381.91 -2,511.90 204.30 191.47 156.56 -2,806.42 650.00 15.38 26.96 -4,035.81 -1,332.80 16.03 -389.18 492.41 18.40 2.89 84.12 17.28 550.00 109.21 450.02 31.68 22.45 -17.05 383.58 940.03 588.57 -3,340.79
INT040 -1,126.30 -2,255.94 -3.21 104.19 -1,211.90 -3,156.30 650.00 -2,352.48 50.86 -3,907.50 -2,399.55 9.00 1.61 492.41 -3,384.67 -232.27 -844.56 2.77 37.83 -3,631.93 450.02 39.67 28.67 -563.22 649.38 699.94 546.00 -5,296.61
INT041 -807.69 783.10 742.96 588.65 79.06 47.77 650.00 -41.21 644.37 -1,844.24 63.88 18.56 -6.70 446.12 87.07 -96.69 -10.46 190.01 550.00 -1,169.59 563.76 0.12 642.46 106.78 5,036.66 6,382.67 546.00 -3,027.20 -2,146.10
INT042 -694.10 26.63 35.97 550.00 24.29 33.22 650.00 7.69 747.53 88.05 5.47 16.47 0.25 446.10 -426.59 4.89 -2,561.97 91.45 550.00 -424.28 -402.35 0.21 255.68 616.76 3,954.68 4,202.40 460.03 -2,429.08 -2,587.81
INT043 -701.81 50.29 -2,413.72 550.00 108.20 -7.01 650.00 5.78 532.17 87.82 -32.66 -967.19 3.19 568.63 -186.56 4.59 -2,622.00 51.90 550.00 -3,268.46 12.08 41.66 7.94 573.72 702.73 905.62 8,645.86 -833.59 -108.78
INT044 -910.45 -2,559.29 -3,314.41 550.00 66.44 -965.53 650.00 -135.49 55.98 -1,367.80 -40.35 -1,389.55 2.57 -160.04 5.40 -503.04 -2,694.95 36.78 -5,389.61 -520.35 -227.68 -551.69 10.52 3,706.35 599.41 6,349.34 -646.69 66.10
INT045 -1,639.86 120.14 0.00 550.00 2.19 -33.02 519.28 5.55 499.67 -2,013.47 -365.88 0.10 492.39 450.02 -102.71 17.34 14.72 106.14 -25.20 -733.62 89.87 222.07 38.85 -2,561.80 2,800.29 1,223.38 645.55 -4,019.18 -368.18 2,339.95
INT046 -1,592.49 -84.73 -1,822.91 550.00 0.10 -23.73 519.28 -218.84 499.67 1.27 18.70 4.95 35.81 -78.78 -106.75 4.59 0.06 -1,221.15 550.00 -813.89 -997.22 229.27 223.57 -3,386.61 638.37 818.35 594.81 -4,221.61 -255.35 5,920.81
INT047 -1,957.46 -1,219.12 550.00 88.03 -25.62 519.28 5.77 -488.29 14.45 7.60 -466.16 -476.38 -91.34 10.67 4.90 -1,540.08 -9.56 -99.61 -3,075.34 -518.47 -1,772.85 -2,676.68 565.07 820.41 715.48 -1,870.53 -523.42 3,072.01
INT048 -17.12 -1,525.76 -116.76 550.00 86.26 -57.83 -1,075.68 -1,014.29 0.34 -246.51 38.55 96.51 -131.51 7.05 8.42 -736.55 558.03 4.74 -6,891.43 -1,415.57 -63.70 0.00 564.77 824.72 550.00 -711.21 1,245.41
INT049 42.20 -2,076.59 -1,861.81 -335.86 550.00 554.29 36.93 8.08 -2,089.06 -6,159.09 8.38 15.91 -2,253.70 -121.23 8.38 21.66 -3,080.95 550.00 -642.38 -3,974.72 69.14 7.97 -6,023.68 552.22 975.36 610.16 1,520.03 -163.90 607.80
INT050 42.66 -750.35 -3,432.63 -381.28 550.00 -5.28 22.61 6.04 -1,609.32 -5,240.84 1.79 7.09 -2,481.06 -249.67 -748.96 3.14 7.58 -7.18 54.59 -660.22 -5,234.45 60.13 23.83 -5,324.85 1,034.00 782.79 589.06 676.18 -271.83 605.53
INT051 158.07 -2,301.94 -1,378.97 -38.67 550.00 550.00 82.84 2.35 -2,502.94 -4,224.65 3.36 6.81 -2,579.18 9.21 -95.85 8.52 2.89 -290.01 62.18 -100.36 -385.11 63.74 7.02 -244.54 518.74 1,900.98 619.03 706.12 -1,086.89 601.46
INT052 35.91 -1,243.64 -1,395.75 -259.95 550.00 549.09 120.12 6.49 -1,369.25 -7,001.00 0.38 0.10 -171.41 3.09 0.50 11.85 -332.51 607.42 -334.99 -100.73 117.16 -40.62 2.89 518.72 2,837.42 772.70 4,448.28 -1,126.71 600.16
INT053 -560.45 -335.41 -2,955.05 -328.92 83.15 550.00 25.13 0.55 0.00 -3,015.32 0.20 3.81 10.74 449.37 -93.40 -43.31 -434.41 -1,050.33 63.96 -2,699.08 -291.02 -377.69 -186.75 84.11 1,800.28 597.23 339.82 2,312.80 -2,066.87 600.04
INT054 207.51 -186.26 -1,689.83 -29.02 -102.94 60.55 123.90 0.01 39.26 0.20 10.35 -25.97 -103.73 0.50 -149.60 -278.51 60.85 -863.89 -390.92 -2,787.98 32.20 94.70 779.53 371.99 550.00 5,999.35 -351.32 718.01
INT055 -598.06 90.86 -817.41 27.04 93.91 60.42 213.62 11.52 -1,835.01 32.22 6.85 8.23 450.02 -93.58 195.20 0.10 -86.45 54.60 448.03 0.45 -931.62 2.45 84.48 540.11 355.99 550.00 4,585.36 -240.86 3,173.77
INT056 -673.97 -495.38 -3,709.68 41.21 95.97 68.32 243.13 0.79 -154.42 -3.54 12.47 8.12 -139.80 -1,115.73 -326.84 -81.33 96.44 448.03 -501.85 -2,693.78 38.09 541.49 527.38 347.47 550.00 5,274.11 -448.24 2,522.74
INT057 -409.62 514.70 -4,399.23 716.19 -4,475.50 104.24 347.50 8.72 3,134.09 -141.99 2.89 28.75 6.81 92.59 -94.70 142.25 -267.66 37.68 107.10 451.45 -2,001.90 -4,966.28 -10,483.89 80.77 515.51 331.85 327.19 1,956.05 -683.47 728.91
INT058 514.70 -3,866.62 3,782.25 -1,875.27 150.61 205.34 7.91 658.87 -162.70 26.99 -608.62 -762.00 103.08 -87.21 159.20 -120.04 1.10 115.23 -10.17 -2,896.83 -7,001.00 83.49 58.42 374.42 72.16 1,573.41 -84.73 1,454.80
INT059 -806.71 514.70 -2,230.02 808.32 -115.55 132.91 171.82 11.70 5,368.61 -106.00 -6.57 2.63 -14.77 -82.21 142.68 -41.77 475.74 -1,362.34 448.03 -236.90 -3,205.85 535.57 515.51 376.81 155.97 925.24 -109.13 2,507.73
INT060 450.00 584.74 0.00 1,583.52 57.95 550.00 245.63 3.77 5,699.16 -105.72 22.17 -573.73 -430.11 205.30 -168.84 -1,974.54 2.47 4.50 -3,457.80 448.03 -242.62 -184.43 535.61 59.64 338.36 879.73 -78.78 1,342.51
INT061 68.68 505.70 -348.03 108.33 564.81 550.00 58.22 -467.23 896.01 -105.99 -45.31 -846.33 26.94 -266.54 7.66 -271.40 -1,717.61 107.22 448.98 -244.10 -209.29 7.01 88.39 -81.87 385.32 512.49 -30.47 768.01
INT062 0.01 505.70 8.90 3,747.03 827.92 616.63 231.68 -180.47 -106.00 12.30 8.72 11.71 22.38 -99.31 550.00 12.17 -2,340.36 182.17 471.25 -293.91 -263.43 2.31 -8.69 100.73 603.98 -1,014.01 528.91 -350.38 768.02
INT063 80.02 2.30 -1,361.14 3,298.03 3,167.97 1,989.62 187.99 -14.56 523.95 -165.00 9.58 2.08 1.59 202.53 -354.18 550.00 6.49 23.00 207.79 510.08 -296.92 -425.57 31.00 -17.70 532.51 3,770.40 4,787.84 -3,097.17 -4,306.42
INT064 68.88 10.30 -182.29 3,396.22 5,999.00 2,930.33 -336.57 653.36 6,930.62 -530.07 3.25 0.10 123.37 -589.40 640.94 0.54 26.16 -379.39 493.55 -257.98 -466.87 0.30 31.98 541.05 4,972.81 -647.81 3,945.05 -4,101.90 1,335.28
INT065 150.09 60.38 -4,734.25 215.69 1,587.00 1,993.14 58.18 9.07 -1,768.10 3,505.55 -1,450.05 -21.12 0.10 -14.10 17.03 19.38 -570.04 126.59 -2,915.24 -1,093.94 -250.98 -580.81 0.10 -105.22 -30.06 4,063.89 -1,109.17 3,418.78 47.42
INT066 203.14 54.95 -930.09 652.62 1,621.28 4,342.46 2.20 1,346.80 -10.81 6.51 0.15 56.33 145.71 550.00 -2,057.13 190.37 -1,789.31 40.41 0.10 -1,199.80 -201.18 3,422.30 546.00 1,032.48 34.65
INT067 450.00 9.93 -755.37 2,055.20 563.90 7,001.00 1,786.11 485.55 264.94 11.10 0.96 17.28 146.50 -2,786.50 550.00 619.71 191.09 -1,285.72 7.49 2,790.76 654.27 89.33 171.80 851.50 678.27 671.70 204.50
INT068 450.00 -26.66 -19.62 204.89 564.42 7,001.00 5,771.87 40.89 274.03 -4.68 0.10 1.10 109.30 -3,032.06 550.00 624.26 191.19 211.99 31.63 736.35 660.58 64.05 517.77 5,364.34 675.11 578.92 195.62
INT069 142.23 -3,377.07 -5,063.76 40.97 5.32 2,232.10 560.50 -2,737.46 -3,996.21 -3,652.78 -1.58 4.33 2.94 -4,526.66 550.00 587.24 -129.53 -47.99 200.10 -3,045.61 450.02 550.00 510.00 906.03 958.76 -4,720.84 133.80 175.15
INT070 63.44 -2,181.27 -2,665.00 227.56 814.00 4,856.98 619.72 2.71 -4,402.81 117.81 -3,467.60 159.56 1.39 -2,083.18 -1,873.85 33.00 130.92 190.24 -2,053.75 197.23 449.62 450.02 550.00 -362.43 278.18 946.52 945.10 546.00
INT071 480.25 163.04 33.63 213.15 852.59 4,339.47 5,291.34 35.68 -4,499.00 13.93 42.87 3,280.21 6.19 -6.91 787.59 192.38 550.00 290.28 452.02 505.26 719.99 371.66 329.78 4,954.69 1,571.77 1,855.58 232.16
INT072 4,489.82 133.14 -91.54 569.73 1,983.22 4,388.45 6,352.94 578.29 -5,753.62 0.50 597.93 2,173.92 473.09 10.65 -2,955.13 698.76 842.31 660.26 689.14 3,928.79 1,407.61 2,154.45 257.10 815.30 4,820.29 4,288.61 722.28 3,429.37 362.58
INT073 -180.30 5.13 89.81 -3,817.95 143.74 1,120.50 146.58 -4,138.45 -6,847.87 227.11 3.39 688.99 -38.93 -987.93 149.26 653.35 -3,417.16 138.20 187.71 -413.02 -102.64 249.02 194.23 4,809.13 -4,599.56
INT074 205.10 158.55 62.32 330.97 297.61 1,127.00 197.50 -2,185.36 -6,506.77 51.11 -1,386.52 9.72 1,040.44 47.84 5.96 687.35 699.00 306.77 -1,270.92 -288.62 -214.39 876.43 -1,428.35 184.72 4,368.45 385.94 -3,680.59 737.13 161.23
INT075 167.10 921.25 74.39 327.42 1,493.58 1,137.83 95.48 -391.25 300.01 1.79 1,102.15 4,756.49 0.11 125.32 676.30 699.66 374.72 137.75 634.78 1,832.68 221.87 4,040.82 -3,124.02 5,724.68 265.34
INT076 4,792.70 869.55 3,850.33 1,121.41 4,832.82 -303.94 1,122.83 390.00 0.60 2,468.90 3,066.61 -80.50 1,042.22 913.70 892.80 1,020.31 192.04 825.10 4,698.68 652.15 971.56 3,276.65 699.00 -3,588.78 5,918.62 5,316.06
INT077 -919.74 1,052.18 1,161.79 -161.40 876.20 -897.23 -1,327.82 -1,973.64 1,116.57 198.77 801.44 5.14 18.74 205.27 -5,903.29 175.46 -2,356.36 974.89 -1,464.10 811.79 1,272.63 38.99 -3,666.88 1,951.80
INT078 171.76 1,536.42 1,220.15 230.57 260.50 -45.89 1,380.94 310.97 692.28 836.40 -294.96 874.82 990.18 921.42 262.18 -42.97 1.21 913.97 1,140.96 2,812.90 1,042.19 4,965.99
INT079 122.53 1,316.27 4,098.65 273.72 28.53 144.70 1,128.39 -9.63 2,280.49 4,362.52 4,873.67 881.18 862.64 908.32 3,035.50 1,032.41 175.76 5,097.78 1,489.03 1,204.95 1,098.51 2,434.28 1,290.99 3,866.85 5,626.93 1,109.41
INT080 331.81 1,159.28 5,779.41 389.02 1,244.13 1.80 5,904.61 390.00 7,872.23 5,705.47 1,804.92 4,111.79 1,048.55 5,717.18 1,093.69 317.09 6,009.26 3,846.35 1,604.68 1,679.57 1,140.96 2,942.12 1,286.06 5,962.72 6,992.37 333.44
INT081 15.60 194.02 1,006.23 116.98 317.74 38.05 120.38 -463.33 3,410.11 331.06 1,405.46 230.21 -1,508.92 1,658.67 1,069.76 1,612.31 941.86 9.11 890.53 282.16 1,306.75 3,205.33 769.15 1,003.42 1,741.86 204.95
INT082 251.92 -2,613.14 230.86 272.81 235.49 227.52 -3,492.44 94.33 11.11 5,459.51 700.00 219.62 1,477.41 2,907.90 1,320.75 762.91 40.68 965.11 932.17 257.27 1,467.63 2,805.11 700.00 1,094.74 1,134.96
INT083 183.53 57.06 291.68 358.11 89.97 -1,793.76 -2,515.60 1.42 6,595.16 2,773.98 326.46 935.96 1,772.73 1,323.99 721.10 347.92 1,044.67 887.48 315.55 1,759.84 2,136.14 700.00 1,143.29 923.70
INT084 250.19 263.15 369.07 380.61 63.05 2.11 221.49 1.28 7,001.00 5,868.89 248.30 223.46 1,592.75 1,138.64 1,323.85 1,197.92 369.00 1,171.52 400.00 365.84 2,657.95 1,587.57 700.00 1,179.35 346.67
INT085 216.66 -1,580.14 -4,133.61 -1,615.97 -2,332.65 -4,332.06 -53.69 2,813.33 1,303.02 2,736.51 0.40 -1,324.70 700.00 2,150.13 765.60 700.00 311.34 372.33 1,494.91 1,810.26 1,343.66 -1,510.80 177.19
INT086 -2,222.43 144.74 -4,153.27 952.68 253.89 137.23 -2,428.38 -3,767.59 -127.07 1,995.76 2,301.04 1,479.84 236.87 301.19 322.45 951.60 1,627.11 295.32 181.35 1,705.69 1,302.94 -7,668.85 -53.99 227.77
INT087 -635.95 185.91 -96.93 10.34 -101.72 3,975.51 6,758.97 1,763.17 284.60 307.25 214.91 1,366.79 1,708.12 366.30 329.20 700.00 154.38 226.35 73.75 1,371.47 1,700.64 1,906.25 -2,535.35 372.35 301.47
INT088 23.91 147.52 226.08 102.78 380.52 -18.84 23.95 -121.57 4,508.71 5,531.33 -31.54 -3,611.85 215.46 178.63 266.96 1,949.07 391.84 223.32 1,010.64 391.25 199.14 1,188.59 1,635.87 822.67 32.70 338.66 318.73
INT089 255.63 900.00 900.00 5,180.29 880.21 -391.51 1,003.19 19.60 4,640.12 6,864.56 5,941.22 42.26 -637.18 235.11 1,236.57 6,490.25 6,162.79 5,167.70 740.80 757.88 700.00 729.13 1,668.68 1,512.52 1,186.80 2.84 261.67 1,287.89
INT090 -1,013.58 957.44 1,561.19 2,620.89 -33.87 -62.27 -426.68 3,311.52 6,122.81 3,857.42 -4,250.99 -3,328.67 240.27 1,329.26 3,922.80 1,402.14 159.33 700.00 1,064.59 711.12 885.73 1,375.49 1,031.05 -2,327.57
INT091 155.66 39.87 1,045.31 30.98 -168.79 6.23 -2,675.53 1,141.67 704.20 30.69 -4,516.82 -1,727.78 245.01 179.69 238.43 1,960.68 700.00 -3.25 781.16 1,145.99 324.20 322.51 2,882.97 154.29 -1,612.50
INT092 -3,724.45 -2,514.38 788.89 -40.66 47.66 44.60 272.28 9.84 -3,594.84 1,299.51 197.21 149.48 -3,489.43 -537.91 192.05 -42.98 -4,108.82 2,657.44 -2,180.89 884.77 1,979.12 217.52 49.91 -300.25 197.10 936.45 145.74 -2,702.91
INT093 98.92 -912.17 3,595.68 -4.27 225.47 -1,384.54 352.36 -1,863.42 -1,396.70 1,194.92 5,350.87 5,556.45 -165.80 -75.46 285.11 1,008.23 -1,354.45 1,150.64 5,004.40 2,931.11 6,158.25 3,796.27 970.72 4,552.43 1,209.73 62.22 5,071.69 4,743.85
INT094 -303.84 -256.14 875.98 242.19 211.01 -433.79 -3,033.24 -411.77 12.03 1,127.31 1,615.63 5,200.37 -731.34 -74.87 260.17 891.51 258.94 2,293.00 3,207.77 201.66 1,012.16 1,169.45 1,278.89 1,276.20 1,212.26 1,051.28 755.52
INT095 -80.86 4.64 705.38 267.38 254.46 15.16 -105.19 -4,287.70 2,413.08 879.19 753.81 -3.53 -242.68 279.21 650.00 -1,792.89 1,728.56 1,092.70 93.90 699.00 1,077.16 1,366.34 70.58 1,632.81 242.83 1,046.57
INT096 -3,357.08 -115.55 703.62 185.33 -1,715.30 245.81 -1,126.00 -6,968.87 167.51 155.96 97.33 0.46 149.84 135.75 -1,814.66 2,071.31 830.95 -1,048.95 1,052.93 90.71 1,939.21 1,051.94 625.00
Pret Final Unic din luna Iunie 2025
1/1