PDF PAGE 1
Data: 14.09.2026
lei/MWh
Interval/Data 01.07.2026 02.07.2026 03.07.2026 04.07.2026 05.07.2026 06.07.2026 07.07.2026 08.07.2026 09.07.2026 10.07.2026 11.07.2026 12.07.2026 13.07.2026 14.07.2026 15.07.2026 16.07.2026 17.07.2026 18.07.2026 19.07.2026 20.07.2026 21.07.2026 22.07.2026 23.07.2026 24.07.2026 25.07.2026 26.07.2026 27.07.2026 28.07.2026 29.07.2026 30.07.2026 31.07.2026
INT001 -162.05 1,388.12 -2,876.79 -889.80 -143.36 1,064.34 3,480.65 1,275.29 891.73 2,667.75 -253.80 899.08 118.34 -201.76 -247.68 1,512.80 898.44 1,176.13 266.01 236.55 -77.77 171.24 147.34 840.77 1,065.04 233.03 1,343.14
INT002 -424.89 3,043.80 -1,774.03 -1,870.55 1,053.49 4,627.70 1,285.65 897.50 1,018.15 -30.19 197.33 142.37 169.65 1,130.83 902.86 1,237.42 271.03 246.43 -635.18 102.48 302.95 750.00 261.08 1,220.93 1,013.32
INT003 11.15 1,366.08 49.67 102.66 -389.02 2,877.56 1,518.26 899.64 1,854.96 37.13 880.36 112.47 38.80 1,141.29 995.82 262.37 218.36 195.16 127.39 1,060.29 -43.86 1,035.49
INT004 -281.00 1,230.09 127.91 205.61 1,063.05 1,100.15 896.79 4,021.24 1,186.44 16.80 870.46 -110.28 -453.94 895.69 896.12 133.18 44.78 208.08 -79.74 295.56 -87.55 1,073.95
INT005 112.61 6,655.39 157.94 800.00 262.84 1,104.40 1,185.13 1,031.82 225.53 118.19 927.34 1,131.77 400.00 899.62 237.92 800.00 -3.96 238.36 -53.52 258.84 920.97
INT006 102.19 5,193.83 1,154.57 1,558.12 -4,089.97 845.03 1,658.88 884.02 958.24 -42.77 251.95 145.54 1,156.54 906.96 830.30 -127.21 892.93 232.81 -183.28 127.40 888.37 1,196.07
INT007 94.03 905.75 1,145.49 1,162.95 -4,714.82 867.94 1,381.55 257.76 -176.69 857.59 1,678.74 121.15 -86.75 839.51 288.06 1,186.57 888.56 58.90 898.34 194.00 -227.92 38.45 267.43 941.62 89.75 1,260.07
INT008 47.70 1,277.62 1,125.80 -1,751.05 800.00 1,033.24 0.00 232.09 813.12 891.94 35.94 56.92 139.64 800.00 169.42 800.00 1,163.24 839.60 -20.24 210.23 10.22 37.39 151.07 977.60
INT009 -105.75 1,202.96 257.61 1,096.32 -186.62 1,058.46 988.40 144.76 12.24 1,251.98 874.50 -715.39 258.67 899.00 887.49 1,279.93 1,054.01 150.39 803.92 1,420.60 879.85 -347.05 236.76 123.30 169.04 235.42 169.49 1,254.96
INT010 895.66 1,090.24 1,114.72 -1,660.87 883.69 1,250.35 229.23 -3,829.60 -2,922.93 927.50 1,098.85 -1,113.14 267.96 890.50 928.25 872.94 842.52 4,233.76 938.92 -380.15 270.69 -71.78 68.45 -1.92 843.95 179.66 1,296.35
INT011 -75.43 1,151.97 306.94 1,107.85 -5,139.73 865.48 1,265.88 131.63 -1,199.08 -2,635.44 808.00 1,144.18 -1,073.61 83.21 994.30 899.57 206.47 818.64 4,818.87 1,048.29 150.07 305.02 51.08 79.85 94.88 235.22 1,196.77
INT012 61.26 878.00 169.64 -4,995.12 845.16 1,012.03 -42.84 4.73 800.00 893.87 -5,563.96 -146.20 1,037.58 875.56 192.03 838.00 1,593.01 1,178.76 1,750.80 190.88 25.49 55.97 221.75 255.13 374.18 86.03 1,186.75
INT013 143.55 1,693.88 263.49 1,323.00 -3,634.32 964.49 960.09 18.18 -384.08 1,226.66 -2,429.96 483.58 1,208.60 509.45 814.15 97.39 899.52 1,549.58 1,440.22 2,850.35 271.57 64.73 49.84 346.77 219.91 178.33 993.44
INT014 122.14 1,195.99 288.51 -568.41 1,168.56 965.09 152.03 -33.96 1,360.51 216.59 -169.04 526.60 899.82 900.44 887.39 140.76 886.32 1,668.37 1,026.34 2,102.19 234.05 59.33 40.23 400.00 183.24 993.03
INT015 221.80 1,290.57 297.27 -48.39 899.31 889.61 1,118.85 42.61 62.48 1,356.56 215.99 800.00 477.06 257.62 885.02 865.42 1,025.05 210.05 863.10 1,202.79 893.79 865.29 288.95 50.04 19.09 364.35 987.96
INT016 252.00 1,174.15 295.60 161.35 -20.07 1,064.13 1,110.96 964.87 -395.29 46.26 1,344.72 3.42 837.13 777.03 899.71 938.96 882.54 1,187.09 1,376.50 7.94 52.55 750.00 -440.79
INT017 1,169.37 1,209.41 163.22 -134.33 1,316.49 953.04 883.86 -200.81 43.82 3,478.14 -99.30 899.42 800.00 899.30 1,408.22 254.96 869.31 1,402.27 1,175.81 260.48 62.07 47.86 828.56 -157.54 921.42 993.22
INT018 822.71 1,187.10 260.32 -1,194.73 1,334.13 1,233.66 -47.03 71.40 941.40 6.45 1,222.68 896.67 892.83 898.40 1,564.58 188.18 1,170.97 1,301.23 1,628.93 348.41 -64.28 16.53 855.23 -3,635.44 883.26 803.75 987.76
INT019 1,123.62 1,327.84 258.17 -799.21 1,153.78 1,195.32 1,058.47 -174.53 61.70 1,295.44 209.14 898.58 -35.05 894.57 406.15 1,116.51 893.45 1,281.32 1,200.03 159.18 -62.18 4.10 725.15 -1,442.93 805.36 899.77
INT020 274.59 1,031.83 169.01 1,085.92 898.45 1,196.80 -245.41 52.94 1,192.04 -927.42 899.02 890.43 402.50 869.39 1,185.17 860.07 277.90 862.28 1,439.68 1,155.84 62.47 -218.02 -27.52 702.38 800.00 837.80 983.98
INT021 262.59 2,152.08 106.04 1,355.12 874.25 994.49 83.57 31.34 1,304.95 12.40 896.37 225.35 992.00 -35.31 1,221.66 182.78 132.07 293.79 1,073.41 1,152.57 898.47 -198.98 890.14 898.76 803.13
INT022 236.94 1,341.08 243.13 1,119.85 1,003.01 95.72 -216.97 -170.91 895.95 257.62 252.11 1,256.82 1,146.78 287.58 268.17 252.11 895.33 1,172.86 987.16 818.48 893.24 1,173.94 893.47 1,005.83
INT023 257.91 96.14 331.58 134.51 1,064.51 856.58 1,205.69 -113.16 -233.80 400.00 -115.96 891.90 212.36 888.47 898.43 960.89 1,000.49 241.25 309.10 232.54 898.21 1,164.28 1,122.09 -821.31 800.00 1,009.94 897.07 898.74 800.00 957.48
INT024 251.44 313.90 -39.72 895.25 1,453.36 -159.07 -221.40 40.61 881.27 104.91 813.04 1,112.32 894.05 279.03 274.41 -924.41 899.26 1,154.61 896.83 50.50 812.04 1,022.02 800.00
INT025 897.32 252.00 256.18 1,197.46 1,673.23 -150.01 899.33 -201.98 942.43 899.85 898.10 889.61 1,244.57 259.93 239.03 -1,446.57 898.10 1,226.12 98.54 817.95 900.97 62.94 952.91
INT026 860.07 309.62 -2,827.14 1,270.37 1,104.76 -271.18 898.99 816.90 898.94 892.17 841.00 231.82 149.53 -132.64 876.98 1,230.04 312.16 870.55 899.40 249.27 916.03
INT027 888.34 818.29 0.00 -2,084.20 899.14 -5.88 1,271.20 888.04 6.73 800.00 892.44 1,234.84 800.00 829.83 200.00 165.75 -101.02 808.82 1,175.04 68.44 138.57 896.55 161.88
INT028 857.34 876.64 1,700.83 -2,519.97 -1,833.66 158.34 1,300.80 -169.11 214.09 -31.31 855.77 803.35 2,017.20 807.74 251.40 165.62 819.41 975.81 222.63 358.93
INT029 2,230.58 -225.89 1,957.43 -242.98 978.96 1,305.48 151.00 261.96 899.79 -235.38 210.39 1,346.05 1,516.33 1,327.25 143.12 1,084.61 185.96 41.60 257.03 1,177.65 270.37 -698.79 895.30 899.93 65.36 266.84 899.92 936.47
INT030 1,886.64 176.69 1,313.87 820.66 1,134.99 368.22 155.42 1,157.70 1.12 1,371.88 1,567.65 1,389.05 94.05 800.00 130.96 -76.27 169.24 1,147.94 914.90 -492.02 56.19 893.51 895.97 498.59 264.48 892.72 895.91
INT031 1,369.26 220.49 1,562.77 880.25 910.83 1,150.22 37.43 980.04 251.79 975.65 1,205.08 1,296.05 116.46 -1,028.78 254.00 324.83 1,060.91 828.97 -196.36 830.80 197.65 257.00 811.48 341.25
INT032 1,251.15 100.55 876.49 748.00 1,149.73 6.80 -45.73 287.27 -119.62 255.22 1,142.52 884.59 872.97 896.89 1,299.56 -469.58 893.99 -691.76 1,131.01 876.03 -240.03 100.79 831.97 86.34 251.73 254.94 800.00
INT033 112.38 161.21 1,067.90 6,422.55 821.96 896.45 217.00 263.25 203.57 272.16 1,026.28 -23.57 1,945.62 1,182.33 1,403.92 217.80 878.42 916.24 898.50 323.40 5,911.27 256.05 155.92 -294.98 -219.25 699.62 155.28 214.07 292.31 1,098.93
INT034 191.77 251.84 1,031.35 5,825.47 672.91 59.80 -17.83 289.24 127.33 252.93 991.94 838.18 1,170.73 1,114.24 1,307.49 -27.53 873.62 892.56 236.99 375.60 6,843.63 194.17 -183.25 699.00 866.18 -63.55 53.73 128.16 466.83
INT035 -843.43 252.85 1,019.49 843.77 4,503.21 777.00 -26.98 1,200.19 161.28 -300.86 939.70 1,150.55 891.92 140.79 4,802.44 1,349.78 201.49 803.50 469.54 287.79 1,537.72 231.56 -226.80 1,124.04 -187.38 -79.77 175.87 227.83
INT036 -563.08 1,043.31 985.87 833.47 777.00 191.64 1,234.40 153.55 -824.50 938.75 622.15 186.52 153.83 1,312.09 1,283.40 24.67 864.42 301.53 283.16 1,215.85 -1,562.39 -124.31 -87.29 1,129.23 -2,305.06 -494.75 92.04 211.64
INT037 -284.58 895.96 2,033.80 772.52 505.61 836.86 977.49 953.54 152.37 -85.87 896.58 -440.42 8.82 -820.13 1,932.39 1,129.30 215.26 834.79 764.03 410.04 -9.47 1,287.36 20.86 6.70 -735.49 699.00 1,086.86 -898.83 -65.74 25.64 157.27
INT038 34.79 886.49 2,454.69 615.87 550.19 820.00 1,166.33 1,044.15 -53.66 -24.35 889.49 -316.75 728.83 -5,364.10 1,332.40 1,113.75 228.44 944.76 2,901.90 300.00 -92.94 1,946.04 164.15 -193.04 1,073.26 79.75 147.70 2.76 156.63
INT039 -41.27 -87.16 5,992.64 605.17 -51.88 910.75 320.57 117.07 719.22 1,041.43 768.36 -3,748.32 871.35 1,143.38 256.10 712.92 700.43 143.79 31.84 1,181.78 -1,342.51 0.92 -342.10 687.54 1,084.53 -142.39 133.47 125.19 168.73
INT040 -192.54 294.75 2,220.83 605.17 -691.88 894.56 888.37 -665.20 -3,272.99 1,145.94 599.00 -101.41 813.41 1,079.37 -6.00 1,665.38 -81.80 -832.41 1,183.56 -1,140.36 -1.13 -250.35 1,088.17 -199.96 24.96 149.37 84.87
INT041 -78.94 -778.50 3,697.17 0.00 885.59 540.26 846.14 825.05 -592.40 717.94 1,196.33 797.94 1,138.56 4,640.51 69.28 909.86 899.69 -421.89 979.13 -1,352.21 -4.56 -307.79 503.83 836.07 -90.99 -172.53 39.41 162.31
INT042 -25.07 -108.77 1,303.38 -535.89 552.95 -458.59 751.67 700.00 -278.06 -1,671.84 1,055.41 -162.48 840.33 -4,529.93 257.55 2,629.57 109.78 474.54 899.00 -51.45 965.67 -3,633.74 -5.57 -396.18 1,246.61 649.00 78.79 9.52 156.62
INT043 -123.28 -518.38 3,108.21 -5,138.82 455.65 -158.13 833.17 336.46 -0.94 -165.36 62.26 862.44 39.18 59.28 909.80 -123.75 -189.23 899.00 54.37 979.08 -47.43 -11.48 -227.12 -230.83 841.22 38.29 -92.92 3.65 158.76
INT044 -158.61 3,556.95 -609.61 99.33 775.91 306.34 7.18 -3,079.44 649.89 -1,470.09 -1,956.27 -957.94 135.15 904.98 -140.08 -77.57 -203.44 899.00 59.62 979.43 -2,924.19 -5.55 -432.47 -632.94 100.88 -2,565.07 -56.58 5.77 -12.47
INT045 -98.13 1,427.07 444.58 -104.42 700.00 661.01 252.61 -53.23 -4,202.48 -907.40 -3,904.79 -1,456.57 820.00 825.00 -170.63 -519.92 -305.24 411.58 14.22 851.69 -3,979.21 -244.66 -333.10 -500.67 213.40 -1,831.01 -116.19 -4.38 697.92
INT046 -847.18 871.37 -5,014.50 -1,036.21 24.21 702.64 370.30 0.56 -405.56 -41.03 105.77 -5,885.48 117.47 825.00 -199.67 -198.88 699.00 9.02 1,125.71 -152.37 1.82 -168.07 -376.78 -148.77 -166.54 -89.29 15.41 397.96
INT047 103.48 1.83 -115.04 106.36 32.25 652.44 390.34 52.03 -76.42 -123.73 77.72 -396.76 49.52 825.00 -54.35 -44.06 -344.37 699.00 8.79 1,422.77 5.08 -81.59 -48.10 -324.53 -743.33 -164.87 -97.36 -290.00 695.30
INT048 211.41 -84.03 -143.48 432.14 0.00 700.00 718.94 273.29 52.30 9.68 -758.13 -904.01 -838.27 -1,098.96 151.05 2,289.05 -25.61 -60.33 -254.95 723.66 25.67 848.69 -2,455.35 6.37 -65.83 -416.39 -4,536.79 -157.64 -73.84 -284.45 258.90
INT049 331.47 6.65 -2,536.32 450.99 470.97 86.09 249.59 400.00 151.87 6.80 -18.60 -1,103.64 -3,872.06 56.66 20.83 226.63 -78.44 765.54 28.56 -18.37 -70.99 -90.38 -709.93 -4,981.43 -142.26 -88.54 -3,692.16 207.76
INT050 899.00 1.78 -4,322.45 470.97 -1,092.34 581.46 891.36 151.00 779.71 -240.13 702.85 -1,114.36 154.81 699.00 299.76 -18.91 719.32 33.11 -2,325.99 -31.35 -98.64 450.00 -286.31 -88.42 -143.17 -82.60 -3,541.76 251.84
INT051 907.17 -95.78 -4,641.52 7.69 453.23 -124.52 581.46 844.03 839.89 723.35 451.72 719.57 -81.49 175.74 707.55 317.90 604.66 450.90 731.98 16.33 77.01 797.42 -97.91 432.39 -148.24 -163.62 -164.88 -78.34 -3,883.22 254.87
INT052 1,013.71 2,768.85 -26.23 450.99 460.22 7.58 -61.71 717.74 1,091.64 774.22 1,077.30 -95.48 372.96 769.83 782.72 -314.22 450.90 697.36 1.89 274.16 -3.89 0.61 -613.43 -232.82 -162.79 -290.00 -105.42 -3,897.04 249.91
INT053 899.85 857.28 -1,171.62 -0.15 468.76 96.01 79.45 382.58 699.88 726.28 92.01 818.45 -106.99 284.34 319.00 699.00 684.71 305.72 -5.18 870.04 -199.12 683.41 409.92 -1,486.40 -126.32 -289.93 -95.41 -3,893.64 233.92
INT054 930.14 36.83 -271.21 450.98 470.72 7.67 47.09 700.00 766.93 865.25 315.69 450.00 747.76 -85.77 699.00 321.24 699.00 490.19 632.51 -24.14 31.22 805.15 659.54 24.99 458.75 -1,173.19 -125.81 -164.42 -94.93 -103.58 273.81
INT055 -126.71 -18.08 -2,435.91 454.83 -186.44 -10.02 394.31 800.40 731.84 450.00 -31.68 -102.83 699.99 400.00 773.56 490.19 648.51 -4,196.72 12.50 1,495.76 709.69 664.19 412.50 -730.57 -160.01 -165.00 -94.64 45.66 253.76
INT056 -28.51 800.00 -83.76 465.13 -169.99 662.40 700.00 768.88 760.79 623.38 -17.54 700.00 699.00 699.00 400.00 773.88 -108.40 521.78 -2,713.89 2.98 3,704.66 659.54 660.17 -398.20 697.39 -164.00 -108.00 35.53 87.98
INT057 235.59 -68.77 700.00 450.12 470.96 243.73 701.04 369.44 175.09 643.96 435.98 738.17 43.46 699.00 400.00 62.19 159.51 -1,603.18 18.45 4,099.50 666.55 163.19 -207.59 -53.46 -163.95 -149.00 -40.55 649.00 88.95
INT058 321.30 -6.19 700.00 450.12 720.83 156.38 673.97 344.46 220.93 643.38 700.00 -1,923.87 699.00 1,049.24 321.46 629.63 -5,833.70 14.32 1,961.40 183.32 95.56 -44.00 -129.46 -164.00 -3,162.88 649.00 6.47
INT059 310.56 -232.66 700.00 371.51 470.96 -36.30 768.43 348.06 500.00 645.64 -112.22 -3,630.96 709.25 895.83 348.52 535.00 50.20 12.61 731.39 666.55 -1,748.13 -438.66 -159.42 957.39 -146.21 43.77 1.00
INT060 212.00 120.90 880.11 779.03 654.33 751.07 237.99 545.27 647.28 6.11 98.84 699.00 16.00 840.75 838.21 265.27 813.08 464.67 1,143.70 722.86 -5,001.99 27.19 -152.69 1,143.00 753.25 -53.05 -49.84 18.35
INT061 -25.65 140.69 810.66 450.88 828.78 -42.35 665.71 1,389.23 500.00 664.39 -1,735.06 108.11 699.00 1,150.31 861.77 115.94 1,056.16 626.58 -2,013.14 1,174.03 970.70 -1,378.35 -1,172.49 -260.64 -365.51 573.11 -81.07 -467.28 -219.75 152.99
INT062 -236.24 150.30 771.73 450.88 4,604.91 -22.86 628.89 2,615.45 615.62 664.46 450.00 -2,502.13 290.44 5,407.61 6,059.86 254.99 990.27 534.12 -204.46 1,107.96 966.53 -9.47 -6,368.36 -292.05 -410.84 506.37 644.51 -2,453.22 -49.26 156.62
INT063 51.00 151.74 585.90 2,765.75 -126.68 211.64 886.34 628.97 667.84 23.37 20.17 784.48 4,670.43 2,061.12 -1,779.42 761.07 488.27 -267.44 201.55 -541.52 -21.74 -280.88 -344.88 107.67 673.15 828.60 -98.98 38.73 152.00
INT064 51.00 153.37 586.41 34.76 6,921.23 2,251.11 6,551.42 700.00 -349.56 857.76 450.01 450.00 -3,105.74 774.01 3,385.87 4,575.99 295.73 1,752.96 488.27 -288.21 699.20 -1,490.70 -480.71 519.43 -101.86 -65.47 688.10 780.86 -93.91 13.33 694.01
INT065 2,111.72 2.50 653.15 -4,016.61 890.76 154.02 2,358.77 117.38 1,185.75 699.70 456.06 452.90 -644.12 737.89 891.10 1,039.46 282.17 769.80 -289.55 686.75 80.67 696.63 -297.31 -132.81 813.12 701.98 -93.09 154.92 255.00
INT066 192.02 -227.58 667.73 466.36 964.84 685.09 274.93 247.43 699.00 456.06 452.90 -6,639.45 697.28 5,433.27 309.76 121.31 -78.44 -135.88 80.13 -46.02 -1,771.90 702.51 -1,132.49 705.53 14.50 -104.06 56.97 278.89
INT067 416.58 191.84 649.64 4.65 731.78 840.08 646.17 28.47 176.15 456.06 458.77 68.93 793.38 1,317.21 388.03 -287.32 -163.25 209.73 -0.01 -355.25 698.98 -391.61 501.65 -100.76 -104.68 74.00 333.98
INT068 899.00 883.18 645.16 971.08 464.76 657.59 3,205.69 -388.30 1,044.57 258.02 456.06 452.90 709.18 966.45 0.00 396.76 196.11 -84.23 692.07 86.29 2.28 696.63 -94.63 502.65 91.52 -96.00 152.23 279.17
INT069 82.49 1,063.39 777.42 825.46 755.20 50.08 -6,926.70 720.43 1,008.16 812.29 638.49 517.28 -3,775.13 787.91 1,145.80 1,079.91 289.33 57.54 -446.51 -270.93 204.57 19.57 -798.69 698.92 -309.16 -228.65 698.01 31.28 -65.75 152.09 279.77
INT070 897.68 1,252.16 776.42 1,609.25 -4,089.33 -5,060.65 712.22 252.79 144.92 686.36 513.18 -4,568.54 716.10 1,148.17 1,057.35 265.69 274.23 49.09 145.11 -12.92 -3,248.93 278.82 -231.57 -514.57 2,228.88 -801.96 -93.76 160.46 303.99
INT071 898.13 1,112.27 775.48 862.06 -9,284.90 -3,288.19 889.99 -3.11 1,752.89 -1,744.68 1,285.94 1,184.79 1,055.84 898.12 983.52 -1,375.16 17.27 197.53 253.82 -3,715.47 253.89 -120.00 -76.10 -7,074.82 889.23 28.08 1,002.87 341.94
INT072 933.92 1,148.64 1,261.09 -5,029.38 1,644.27 789.08 267.14 879.61 10.40 1,186.91 1,132.69 1,820.83 1,098.20 245.11 -2,335.46 942.40 -83.89 -1,170.63 706.28 626.79 -77.50 -5,570.45 877.60 240.71 779.36 153.06
INT073 1,442.13 254.72 1,223.58 -6,703.30 -7,419.84 -692.02 866.42 1,996.29 1,293.32 1,316.66 900.47 -403.28 263.80 -653.50 -6,906.63 791.83 -1,363.96 -294.01 -47.10 254.47 362.06 16.86 173.53
INT074 1,425.36 1,319.34 1,147.32 -4,109.18 -7,460.89 101.08 151.67 -399.99 795.22 842.88 12.89 1,792.96 1,307.41 1,250.78 1,327.46 -1,697.80 -1,297.55 1,460.36 61.39 -5,166.40 250.19 -1,678.42 -1,677.82 159.30 1,147.30 252.77 895.93 163.00
INT075 1,430.55 1,340.43 1,928.25 33.09 -1,910.82 891.79 153.56 157.64 154.11 -48.84 2,260.81 1,334.39 1,395.98 1,530.62 1,243.97 1,750.20 1,293.12 242.84 -143.27 1,500.00 285.41 823.15 182.14 -92.55 24.99 14.24 1,077.15 1,010.52 908.47 161.67
INT076 1,460.68 1,508.03 1,251.74 -210.02 -4,511.76 908.57 151.00 151.94 151.18 160.46 1,148.87 1,933.81 157.54 1,821.87 1,819.70 1,249.05 1,826.87 1,849.52 -49.36 -92.98 1,575.72 251.97 828.37 194.13 -63.45 2,313.98 1,014.11 1,177.34 910.09 153.00
INT077 2,936.41 1,197.21 -459.19 -4,156.64 0.02 151.12 -234.97 -63.42 151.60 2,621.57 251.77 2,723.69 1,093.16 1,220.73 -413.08 1,306.97 160.22 -103.05 869.75 1,517.86 1,228.62 1,301.93 898.77 154.77
INT078 2,950.73 5,718.53 -122.16 -5,060.51 291.05 151.73 -36.30 -29.98 160.92 -1,320.51 279.27 5,569.34 400.00 1,459.48 1,413.34 159.80 1,058.49 -7,691.33 364.65 875.11 1,260.56 1,296.40 1,474.96 1,604.82 155.00
INT079 2,936.52 5,049.87 406.00 -283.37 1,227.14 151.00 -234.37 2,210.24 1,203.51 -3,893.58 6,999.00 1,609.78 1,166.77 316.81 1,350.16 -6,776.49 -542.14 363.38 369.86 872.06 1,343.88 1,200.00 1,321.64 4,358.60 1,207.04
INT080 885.16 5,804.63 364.72 23.73 1,829.90 1,189.39 -562.19 1,548.43 43.74 -406.05 252.83 7,303.01 894.80 1,982.83 1,183.01 -4,415.53 -55.52 -86.13 313.40 773.23 1,238.91 1,185.57 1,593.94 7,958.08 1,215.93
INT081 3,544.35 405.64 -677.16 2.67 1,255.45 340.36 -677.10 -786.12 882.39 -1,464.56 -5,400.79 -40.90 2,206.35 323.45 -137.17 -4,490.76 -125.18 37.85 317.16 842.48 997.30 1,075.30 1,081.01 2,407.74 1,189.50
INT082 -8.89 3,038.61 257.84 1.32 877.46 255.07 279.96 1,263.61 97.36 1,731.29 174.05 1,860.74 312.74 -278.63 -984.57 -171.36 -24.74 340.42 924.21 1,059.00 1,273.54 1,595.18 2,555.54 800.00
INT083 42.64 1,847.43 181.79 -883.17 406.00 1,267.74 1,209.85 254.62 266.96 1,298.88 49.96 1,896.81 973.51 21.67 237.54 185.89 -106.73 986.84 1,237.98 1,718.50 2,098.54 889.02
INT084 -111.05 391.19 253.81 -978.96 1,894.65 1,043.45 344.48 2,380.47 983.51 0.14 1,596.25 -26.85 1,931.59 -79.87 1,169.42 -148.16 137.92 -111.84 1,724.80 1,538.47 1,337.08 911.32
INT085 27.04 152.05 406.00 42.63 1,619.19 1,049.66 898.35 327.76 169.14 2,677.71 84.47 1,651.46 886.55 1,151.65 261.51 1,118.40 1,390.73 59.30 274.60 -711.99 75.84 320.85 385.31 1,258.21 1,689.81 1,124.60 823.72
INT086 -160.14 187.34 136.76 331.92 5.94 1,189.46 1,199.38 16.13 1,422.63 345.51 1,078.69 4,241.39 169.14 1,937.69 1,136.11 272.61 1,212.41 1,500.00 33.18 -119.33 16.36 247.81 339.59 1,291.63 1,264.26 804.44 800.00
INT087 410.00 75.83 2.16 -957.30 1,704.73 1,082.30 894.72 1,413.01 285.44 1,327.38 -439.13 1,892.48 6,529.56 363.27 1,493.26 169.59 -126.18 246.92 213.52 278.91 1,234.31 1,444.03 808.00 919.91
INT088 101.00 410.00 2,223.65 4.88 1,692.60 1,172.91 266.22 1,353.13 123.11 904.84 2,337.67 8,432.38 335.22 1,054.43 442.94 -125.54 966.51 -423.17 -126.71 -23.77 148.06 1,239.89 1,761.72 923.92
INT089 4,878.31 342.59 8,919.30 384.90 3,275.23 5,863.45 1,591.40 106.93 -1,165.48 1,273.74 402.71 1,102.23 1,249.70 966.82 3,108.52 1,108.93 1,496.81 450.00 2,426.48 -350.66 1,639.09 -549.09 -210.70 -329.25 897.87 1,316.11 3,824.55 1,192.89
INT090 2,395.94 -49.77 7,978.41 292.33 1,760.21 899.96 114.00 -5,043.26 1,092.66 328.90 750.00 134.06 1,340.13 1,084.43 2,781.76 1,424.68 450.00 2,559.13 65.22 90.89 -41.63 162.99 1,083.49 1,331.91 1,507.03 899.58
INT091 3,929.77 -4,140.28 1,499.82 400.00 2,317.85 1,095.61 1,236.29 272.89 -3,438.55 1,084.51 354.23 59.10 870.99 1,211.91 438.30 1,477.49 191.32 77.19 -282.77 854.01 1,163.04 892.98 401.00
INT092 1,666.53 20.10 1,502.69 10.43 1,096.56 1,199.71 -222.52 -127.51 2,055.99 376.22 1,129.16 172.56 115.16 800.00 178.58 886.35 285.67 16.31 137.27 461.30 1,344.59 264.65 891.30
INT093 1,034.58 41.90 1,255.51 1,738.48 879.55 3,073.33 -112.08 -308.25 1,999.36 265.28 860.43 0.50 1,209.77 1,771.33 1,411.37 1,169.93 911.28 977.69 -50.87 750.00 722.89 1,378.32 731.22 881.58
INT094 1,868.04 33.43 1,200.02 907.88 1,233.86 1,200.06 -32.82 851.60 71.53 319.24 1,292.04 1,367.00 804.17 1,496.94 -118.76 750.00 816.88 1,088.05 899.71 1,298.49
INT095 1,160.83 12.09 -3,204.87 118.40 907.17 846.47 1,251.45 0.74 1,726.81 7.69 1,014.27 -234.89 300.00 871.21 1,413.89 263.93 161.00 77.92 245.64 788.04 1,192.98 188.34 898.31 896.52
INT096 5,791.44 15.18 -5,813.17 16.88 1,177.67 1,158.57 1,243.84 11.67 1,872.17 -18.77 1,176.94 245.47 182.83 1,135.65 317.70 1,463.42 172.58 71.21 149.25 311.97 908.33 1,197.89 157.37 908.74 898.20
Pret Final Unic din luna Iulie 2026
1/1