PDF PAGE 1
Data: 27.04.2026
MWh MWh MWh
Interval/Data 01.03.2026 02.03.2026 03.03.2026 04.03.2026 05.03.2026 06.03.2026 07.03.2026 08.03.2026 09.03.2026 10.03.2026 11.03.2026 12.03.2026 13.03.2026 14.03.2026 15.03.2026 16.03.2026 17.03.2026 18.03.2026 19.03.2026 20.03.2026 21.03.2026 22.03.2026 23.03.2026 24.03.2026 25.03.2026 26.03.2026 27.03.2026 28.03.2026 29.03.2026 30.03.2026 31.03.2026
INT001 -56.825 -54.675 32.230 0.399 14.253 28.513 -6.749 18.505 -12.621 -10.240 -33.650 24.702 -24.232 -28.820 -1.277 21.718 12.508 28.546 -34.913 -60.348 -37.037 -69.729 29.352 12.881 -34.462 7.296 -4.971 5.769 -34.264 53.023 17.068
INT002 -60.533 -48.540 25.682 1.470 17.082 8.434 4.326 18.201 -16.510 -9.047 -26.938 7.198 -19.537 -21.046 11.827 30.093 12.643 11.067 -38.430 -63.900 -24.598 -46.112 45.514 4.475 -40.980 3.044 -6.311 25.394 -40.604 58.043 2.255
INT003 -56.502 -35.433 43.049 -14.726 43.714 19.117 -9.280 16.095 9.565 0.665 -21.563 2.584 -5.551 -34.393 10.282 30.351 9.577 12.199 -36.133 -44.834 -26.361 -29.968 54.376 19.072 -47.554 5.627 -23.152 32.058 -36.481 58.110 4.583
INT004 -52.207 -20.132 53.613 -5.985 45.330 3.494 -2.833 34.288 -18.924 0.368 -11.307 1.388 -4.216 -33.338 6.309 36.293 9.834 20.495 -44.449 -37.701 -13.979 -7.448 51.904 22.053 -23.225 4.440 -27.064 39.980 -38.987 39.329 -0.727
INT005 -31.110 -6.011 5.519 18.011 48.666 -1.907 1.319 19.665 15.811 -6.971 -4.755 39.296 -16.456 -10.736 -11.426 22.027 -0.717 -0.250 -49.672 -15.860 2.697 -16.657 41.069 16.430 -3.290 -18.192 -38.742 -10.653 5.950 39.480 -8.480
INT006 -16.412 -9.707 16.634 12.162 55.911 -19.154 3.741 21.709 13.978 -1.463 -3.592 21.591 -15.203 -2.713 -25.253 27.104 -7.124 4.210 -38.615 -16.401 2.430 8.678 27.269 31.508 14.153 -15.534 -26.402 5.115 19.229 19.218 -11.872
INT007 -42.805 -4.999 1.057 20.527 70.007 -9.314 -3.045 9.446 6.803 -0.973 -5.051 12.347 -10.019 -7.466 -29.141 10.346 -11.121 15.426 -49.284 -5.980 8.017 9.114 46.129 29.176 7.847 -23.848 -29.502 10.769 20.680 -9.684 -33.168
INT008 -35.011 -0.441 7.372 -7.396 84.026 -8.228 -2.437 10.691 26.567 -9.602 -2.760 14.166 -8.288 -12.350 -37.856 -4.555 9.383 12.972 -34.981 -5.500 8.145 -10.660 56.860 32.959 8.660 -13.988 -21.399 -16.063 22.402 -9.313 -17.076
INT009 -38.599 -19.191 -5.276 -4.390 89.676 -5.585 2.295 28.102 12.083 -7.034 -11.176 27.258 -8.698 -6.481 -33.536 3.854 6.382 6.554 -35.777 -9.299 4.878 -1.469 49.176 14.760 7.309 -13.911 -6.774 -22.961 9.986 0.954 -23.094
INT010 -36.209 -15.570 -8.851 -12.537 76.485 -7.047 -7.606 21.083 12.826 -8.113 -12.859 18.955 -7.708 -13.306 -38.024 6.805 4.062 -2.490 -28.116 -13.653 11.112 -12.091 51.141 55.968 7.413 -10.786 -5.189 -33.473 31.302 20.765 -2.183
INT011 -31.694 -12.671 -4.853 -2.861 92.653 -22.805 -11.646 25.370 -2.957 -8.970 -10.281 3.870 1.307 -18.799 -18.159 6.410 11.789 5.113 -19.156 -15.713 11.506 -12.237 53.612 43.196 -1.772 5.118 -14.510 -71.693 18.611 14.785 0.482
INT012 -37.535 -14.449 6.137 2.728 95.915 -9.083 -9.787 14.528 7.065 -8.348 -2.224 -4.451 12.546 -12.611 -20.918 -3.816 22.047 10.786 -12.402 -16.191 18.662 -21.857 23.693 22.880 6.588 0.338 -19.806 -74.181 16.424 28.112 13.346
INT013 -42.830 -19.449 -3.543 2.049 86.580 -11.942 7.204 8.602 9.688 -17.445 -3.928 -4.538 -1.260 -8.359 -23.746 14.005 21.421 18.176 -11.168 -6.168 21.686 -35.444 14.223 23.699 -1.846 -6.628 -12.161 -73.287 11.351 20.062 15.158
INT014 -44.755 -17.037 13.836 -5.931 74.587 2.559 -2.517 6.524 1.676 -27.925 -0.487 -9.818 3.745 -17.921 -27.489 20.326 24.182 20.058 -5.671 -4.519 27.373 -36.262 5.240 40.328 -9.487 -2.215 -22.489 -66.238 19.088 24.567 8.773
INT015 -31.809 -9.214 16.787 -1.722 47.416 6.913 -19.052 -10.195 3.013 -25.408 -2.255 -4.883 12.376 -2.037 -23.068 23.212 6.753 24.135 -12.158 -5.531 22.875 -33.480 -4.103 48.918 -1.575 10.984 -24.359 -41.918 20.294 18.594 30.049
INT016 -38.647 -1.781 20.816 5.544 50.805 1.540 -22.239 -5.378 2.854 -11.822 0.877 -16.613 9.932 -3.638 -18.642 25.795 8.353 39.300 -23.469 -10.080 18.940 -16.617 0.062 21.064 -0.801 4.213 -29.252 -26.291 23.538 -10.730 19.082
INT017 -50.369 -1.268 25.383 4.967 65.655 8.952 -22.304 -5.706 0.770 -9.304 90.392 3.183 -1.425 -15.806 -16.208 40.251 11.314 42.057 -21.194 -17.648 3.361 -3.959 8.669 33.907 -9.120 -3.312 -38.819 0.976 12.402 -30.525 24.361
INT018 -52.920 0.696 17.510 3.219 69.067 -1.460 -18.458 -17.506 -5.653 -3.306 88.061 -1.098 6.640 -22.590 -15.980 43.593 7.576 21.970 -21.987 -25.278 2.224 -1.881 12.173 20.475 -20.812 -9.009 -48.187 -8.689 5.094 -56.596 14.799
INT019 -46.610 -1.605 14.021 -2.475 74.759 16.415 -22.108 -17.895 -0.741 -16.322 84.068 -10.554 1.068 -20.439 -21.643 41.132 6.661 8.863 -25.395 -33.855 -0.899 -4.218 21.912 14.508 -17.897 -34.591 -32.463 -8.517 32.513 -64.915 -1.473
INT020 -45.872 -2.479 12.446 -2.227 43.230 6.637 -14.496 -26.401 -1.399 -8.665 81.384 -16.190 6.854 -17.820 -22.107 37.839 -2.318 19.940 -15.275 -26.954 2.352 -4.499 29.585 7.487 -34.652 -25.930 -43.055 -1.416 42.461 -89.466 13.653
INT021 -51.499 -2.903 6.068 4.406 69.049 14.083 -37.089 -23.000 -0.086 4.407 29.213 -18.128 -6.135 -31.567 -20.627 47.490 -1.875 7.890 -15.001 -40.328 -2.606 -9.134 48.418 1.312 -17.788 -9.036 -18.266 4.869 33.874 -81.890 3.059
INT022 -56.073 1.375 -6.140 8.434 74.257 -0.925 -21.150 -25.236 -15.648 -0.896 10.339 -19.494 -16.277 -19.295 -24.455 78.999 -6.577 3.972 -16.948 -42.544 -3.473 -7.063 39.146 -4.754 -22.757 -13.991 -7.574 18.309 46.774 -84.392 -2.939
INT023 -57.907 -5.299 -21.322 -9.281 67.201 -8.926 -30.191 -25.637 -8.010 -4.162 1.835 -20.106 -16.315 -25.104 -13.972 75.610 -17.186 -3.162 -20.705 -49.546 -6.234 -2.308 31.884 -11.846 -33.495 -19.768 -24.925 32.829 39.034 -87.078 -10.285
INT024 -51.054 -6.791 -1.460 -6.107 63.850 9.967 -13.430 -29.163 -12.504 -13.154 -7.010 -36.712 -28.792 -35.965 -4.071 60.774 -4.528 -28.563 -26.172 -47.459 -3.810 -6.965 25.866 -20.575 -27.086 -23.678 -38.668 27.029 60.162 -88.696 4.874
INT025 -55.177 -2.420 -6.520 -6.916 75.162 -1.200 -18.926 -33.098 -0.758 -1.325 20.803 -3.132 -3.657 -17.868 10.609 43.981 7.522 -13.819 -14.375 -26.345 1.719 -11.051 40.217 -12.955 -22.415 9.012 -20.611 47.757 39.778 -48.512 7.499
INT026 -61.139 -4.444 -16.783 -4.596 87.614 5.257 -21.469 -39.564 -8.184 -25.916 34.089 -5.921 -20.073 -19.070 28.811 17.715 0.963 -24.170 -25.028 -21.040 -0.344 -2.932 31.147 -7.527 -7.659 2.423 -29.094 41.900 42.111 -66.274 0.120
INT027 -56.470 -8.894 -15.829 -7.861 68.186 5.343 -7.123 -18.872 -19.424 -24.321 36.476 -8.975 -8.201 -7.960 54.008 12.051 1.558 -15.082 -14.713 -18.055 -3.287 25.236 15.218 -7.532 -2.362 -1.695 -20.250 33.778 34.824 -63.365 -10.881
INT028 -53.088 -23.557 0.323 -22.108 61.847 19.922 -20.503 -14.421 -33.131 -38.923 36.482 -15.771 -2.712 -3.626 61.774 -11.104 6.975 -19.041 -31.718 -26.646 2.975 31.244 1.413 -7.624 -2.345 -4.007 -25.319 33.710 15.523 -72.461 -20.707
INT029 -50.070 -2.401 31.822 -9.163 69.628 32.355 -17.613 -15.691 -8.676 -14.420 79.675 8.141 22.125 -3.052 39.672 10.057 44.118 2.499 -23.771 -38.485 8.281 31.531 7.264 4.020 22.890 -1.897 4.678 34.992 47.784 -15.677 2.778
INT030 -62.521 -5.964 14.099 -5.048 72.887 41.458 -2.831 5.968 -8.269 -12.556 87.683 3.455 41.274 -8.321 25.870 1.662 58.614 3.665 -66.930 -46.623 -0.861 16.679 2.491 -14.519 16.461 -18.059 8.400 29.648 34.893 -18.885 2.426
INT031 -77.432 -12.000 32.654 11.813 74.082 56.552 -0.972 4.600 9.057 -22.743 107.197 8.392 52.010 -21.468 14.063 -3.563 68.793 9.908 -91.611 -41.005 -12.031 44.420 4.735 24.393 7.195 -38.453 5.793 -11.111 55.140 -71.534 0.783
INT032 -74.877 -25.363 14.315 44.918 80.575 71.580 20.243 21.904 34.575 2.738 124.779 0.500 66.902 -21.040 28.359 -12.640 83.819 20.495 -112.859 -46.353 -8.527 33.308 3.556 33.677 32.929 -60.230 -7.426 -25.260 56.403 -87.586 0.695
INT033 -86.207 -38.333 31.470 64.618 73.015 47.286 -5.626 -0.827 39.368 -27.335 10.083 -14.081 65.217 -56.004 17.203 -7.480 96.978 47.904 -154.021 -58.895 -11.413 47.483 15.654 45.774 18.743 -90.828 -40.935 -37.984 34.480 -13.999 46.613
INT034 -103.601 -67.390 53.430 71.221 86.741 71.055 17.348 20.259 67.351 -30.859 41.521 -1.286 60.877 -58.664 33.638 3.357 116.489 60.348 -179.414 -42.490 -8.852 60.542 33.031 66.623 7.760 -89.250 -43.926 -48.038 49.174 -5.538 35.549
INT035 -113.214 -71.037 61.955 92.247 91.007 95.543 29.418 35.418 88.559 -1.464 53.825 -5.843 66.867 -64.849 21.206 -6.266 117.087 44.981 -180.815 -16.694 1.318 50.554 1.777 75.089 34.915 -119.804 -46.473 -54.020 42.199 17.171 16.125
INT036 -107.086 -61.928 85.927 119.795 84.426 128.724 34.457 54.243 144.082 27.875 68.292 -8.176 76.840 -54.716 18.081 19.846 136.000 45.487 -171.701 10.627 20.647 69.987 27.665 90.075 44.849 -86.096 1.204 -86.042 44.635 24.551 11.716
INT037 -151.917 -130.487 62.726 106.393 54.421 67.701 -7.772 45.985 89.648 -1.459 108.460 -32.836 23.998 -97.121 -5.291 18.377 113.595 16.183 -166.816 -1.547 12.110 74.098 31.366 41.119 1.344 -106.728 16.773 -53.201 33.625 32.164 -16.598
INT038 -156.193 -129.090 63.882 108.548 71.275 80.500 -2.107 40.964 114.429 7.128 85.169 -52.517 17.032 -113.116 -16.795 15.437 113.788 27.296 -148.495 20.312 42.425 86.100 32.175 39.982 0.689 -90.686 27.584 -48.092 33.481 30.690 -36.104
INT039 -156.576 -123.837 65.592 96.120 102.076 83.203 0.909 4.132 120.222 20.831 109.795 -66.458 9.541 -117.965 -25.671 20.666 106.141 58.317 -121.189 40.861 61.679 80.417 31.033 57.056 -3.746 -52.296 29.361 -31.230 23.846 40.397 -72.892
INT040 -170.961 -127.932 98.577 95.392 126.152 112.663 3.934 19.271 119.161 37.544 103.393 -60.561 29.049 -112.711 10.871 34.348 117.674 51.432 -107.961 39.516 73.407 70.813 6.820 85.560 0.291 16.211 17.710 -18.863 21.159 30.548 -62.263
INT041 -247.768 -134.256 60.789 79.409 101.816 139.883 -18.778 -5.297 138.563 21.378 55.374 -67.783 15.045 -160.156 -6.683 22.433 138.086 67.936 -137.821 32.699 61.044 41.741 56.098 60.291 10.827 52.908 -2.014 -11.416 -7.030 21.696 -50.429
INT042 -254.859 -137.054 80.763 81.061 118.564 169.269 -16.507 11.406 127.166 37.667 72.199 -58.869 13.058 -144.370 -0.354 12.362 150.918 78.997 -165.101 42.857 65.613 63.197 60.621 36.741 22.277 96.545 -4.429 -2.513 3.319 12.896 -63.233
INT043 -259.603 -119.334 93.153 97.815 112.971 160.853 6.279 14.585 155.559 34.150 82.517 -58.165 28.224 -92.373 9.871 45.423 135.524 103.331 -161.036 11.729 60.519 43.538 38.519 86.108 37.062 116.147 -21.419 -26.464 13.718 7.173 -33.974
INT044 -239.433 -88.397 109.836 124.487 112.201 182.817 2.958 -0.898 131.916 42.814 64.113 -31.979 26.537 -78.581 16.232 64.328 143.605 112.700 -130.752 44.345 47.624 68.319 55.518 113.134 53.020 108.110 -20.560 -37.555 10.798 28.616 -17.345
INT045 -122.008 -126.633 92.459 131.318 55.717 192.951 -14.917 7.994 150.021 62.235 48.608 -33.395 20.842 -35.757 4.971 20.067 115.170 102.323 -170.170 13.528 11.069 71.529 71.942 92.772 46.337 56.389 -74.434 -55.575 -1.485 15.962 24.212
INT046 -63.294 -131.445 136.682 142.145 48.210 212.107 -17.472 -5.386 137.348 75.040 57.504 -13.631 21.191 -4.878 -0.620 9.100 127.175 86.923 -170.791 -43.725 4.198 60.467 84.211 107.346 57.668 53.976 -79.783 -67.036 -28.061 -16.127 31.159
INT047 -29.590 -123.907 132.487 159.781 25.717 207.666 -3.624 -13.471 148.872 84.185 46.627 -16.224 21.338 -11.703 20.927 6.206 123.924 101.523 -178.866 -32.678 -0.168 29.143 90.077 112.652 60.505 55.015 -44.718 -61.063 -14.280 -5.161 23.851
INT048 -10.650 -102.946 144.714 158.920 51.083 189.869 -0.871 -39.085 145.954 80.431 63.210 2.488 36.339 -1.371 49.300 45.636 112.652 72.509 -176.966 -30.166 -26.639 1.036 96.143 112.352 76.181 61.334 -44.344 -86.572 6.515 23.921 22.617
INT049 -25.380 -108.142 143.640 145.735 96.928 110.422 41.766 -36.843 129.740 83.288 43.098 19.275 73.205 -41.591 42.556 38.108 116.175 62.585 -146.400 -37.315 4.239 9.020 107.547 124.349 109.440 40.651 -21.293 -110.190 -3.473 3.544 13.499
INT050 -3.143 -121.785 144.085 162.328 95.503 111.556 43.562 0.176 142.762 98.431 57.697 16.049 48.251 -32.836 56.590 67.085 102.394 62.521 -134.934 -23.522 21.689 0.655 110.761 131.674 77.776 34.090 -35.418 -109.335 5.324 0.039 6.743
INT051 12.388 -93.443 155.549 153.353 124.300 102.936 37.137 1.953 144.363 100.166 27.658 26.625 33.108 -19.626 41.298 52.095 82.980 39.296 -127.118 7.947 28.404 10.885 92.231 120.370 25.914 31.234 -26.915 -108.304 6.458 -18.912 17.661
INT052 12.446 -86.960 162.475 133.252 131.114 104.024 43.204 -2.777 148.308 100.444 57.767 25.756 44.654 -5.629 46.102 59.904 107.315 34.931 -102.021 2.624 20.179 26.269 68.996 96.378 36.051 8.828 -5.221 -102.750 27.889 -17.713 8.376
INT053 1.631 -56.529 185.679 143.170 123.741 96.910 47.635 18.131 152.749 74.812 48.881 18.308 85.280 22.298 35.318 26.718 128.499 34.430 -59.511 -29.275 42.144 39.522 104.375 106.971 81.888 -13.643 6.237 -85.499 20.691 -32.518 12.265
INT054 11.096 -87.644 175.106 131.552 124.331 91.241 42.274 52.859 151.479 74.628 56.107 41.710 67.017 28.137 42.769 9.536 113.866 24.752 -41.890 -1.208 63.861 37.593 81.305 97.167 79.824 -43.496 -2.292 -69.669 24.770 -31.082 4.577
INT055 28.835 -113.208 175.289 107.671 97.118 88.330 38.005 67.685 148.498 82.348 42.228 58.940 59.232 56.046 40.709 -22.370 115.464 25.551 -62.044 17.581 25.407 33.425 62.608 77.821 62.958 -40.831 -44.625 -45.400 30.331 -19.826 24.910
INT056 27.417 -140.051 177.663 103.820 82.356 94.835 37.294 60.647 145.201 75.222 41.076 109.611 51.206 67.090 32.906 -30.356 105.564 22.737 -41.537 21.598 27.846 36.923 71.601 108.646 68.940 -68.930 -9.567 -60.552 59.025 -7.478 24.206
INT057 1.845 -176.877 168.220 64.044 77.163 135.750 69.071 88.143 157.639 67.238 42.049 74.053 49.179 62.497 63.293 -21.818 119.120 35.540 -73.361 50.685 27.472 51.646 40.765 51.407 71.630 -47.498 -30.484 -74.252 5.207 2.938 -1.367
INT058 10.605 -176.109 160.578 68.544 105.397 137.130 70.674 73.332 155.784 64.414 33.979 98.345 24.490 41.343 39.596 -13.515 117.134 19.082 -57.532 34.372 18.657 58.206 47.495 43.325 64.793 -74.142 -41.076 -89.938 -5.513 24.552 -1.514
INT059 3.642 -166.367 158.132 57.677 28.677 124.762 46.138 74.708 141.924 56.288 1.464 87.675 14.712 44.139 28.268 3.426 83.118 13.994 -63.446 59.296 21.670 64.757 26.847 44.320 57.269 -29.200 -33.046 -128.596 6.210 26.330 -10.513
INT060 -0.690 -149.791 149.333 19.431 -0.597 102.359 42.982 60.114 129.690 37.376 -7.677 86.496 22.670 38.400 20.339 -8.605 57.840 1.440 -81.902 35.319 0.504 58.383 23.931 56.356 58.966 -15.435 -43.512 -142.835 12.080 17.579 0.579
INT061 13.386 -119.690 158.469 34.307 36.470 120.816 9.656 32.464 157.032 60.655 28.001 96.060 41.104 52.083 32.988 15.922 41.824 -15.321 -62.055 64.324 5.266 32.136 26.578 48.690 90.928 36.572 -40.785 -132.709 20.710 33.560 -3.543
INT062 8.904 -103.432 156.322 12.948 13.299 105.874 12.358 33.141 152.522 42.114 0.237 95.431 49.768 39.648 7.678 40.705 57.370 -31.683 -83.222 37.567 15.121 28.249 28.968 22.216 77.086 41.882 -29.694 -117.307 -32.676 34.223 6.158
INT063 -1.970 -88.768 138.896 0.983 -3.588 94.377 11.798 27.147 149.916 46.867 -14.660 97.617 33.543 30.842 -3.512 33.293 61.854 -24.167 -95.420 24.898 3.853 46.718 75.466 22.538 55.021 23.540 -18.082 -100.419 -35.459 32.358 -11.949
INT064 -27.680 -79.707 124.394 -14.597 -60.465 85.516 4.712 15.462 163.051 36.390 22.936 72.808 30.166 9.590 -28.517 31.434 58.045 -44.342 -87.200 27.461 12.707 39.818 36.336 18.009 72.787 -0.713 -24.505 -88.976 -48.766 26.214 -8.242
INT065 -14.280 -40.037 87.461 40.514 -41.199 92.837 62.154 43.242 149.543 50.368 19.760 72.091 55.517 -24.339 30.977 51.098 58.987 -17.108 -67.720 28.421 9.518 16.954 41.041 38.669 114.916 -9.367 -28.000 -62.123 -8.395 49.434 12.904
INT066 -11.694 -37.493 61.217 23.670 5.800 58.761 66.998 27.772 145.378 10.930 19.735 50.170 37.315 -30.646 1.447 42.734 41.586 -13.841 -52.328 24.677 37.207 6.237 23.906 23.012 98.161 -7.535 -47.790 -21.493 2.229 52.748 22.607
INT067 -31.732 -25.469 15.376 17.256 9.634 29.540 40.211 -9.517 114.723 -5.393 4.592 33.635 25.729 -31.647 -36.328 38.736 42.191 -30.539 -66.817 7.625 30.670 6.070 23.711 37.709 79.519 -17.077 -58.181 -7.105 -8.296 54.072 5.145
INT068 -45.919 -13.649 -2.503 -7.201 -15.495 12.982 0.638 9.829 70.563 0.064 -10.749 -7.326 4.390 -40.984 -49.446 13.563 8.213 -59.479 -86.392 -33.488 28.496 9.827 23.291 -14.820 59.695 -53.612 -78.936 -24.204 3.323 45.750 6.352
INT069 -28.163 21.074 22.743 50.400 39.992 48.686 41.502 11.389 76.129 8.612 7.299 3.337 1.695 -13.497 3.575 18.738 17.228 -22.658 -19.969 -10.627 47.377 59.348 2.033 15.152 46.573 -11.484 -14.862 -35.803 38.521 49.021 18.807
INT070 -39.755 26.594 0.918 22.083 39.900 10.500 43.765 -2.533 67.161 -3.373 9.879 -15.675 -9.668 -31.534 0.798 2.427 13.996 -22.240 -31.566 -42.438 37.102 9.819 -10.509 17.276 30.939 -13.455 -17.280 -64.045 35.978 31.975 25.344
INT071 -33.201 -4.432 -21.922 23.578 9.711 0.725 40.962 -6.519 35.102 -8.772 5.977 -26.320 -14.811 -35.546 10.048 3.250 5.729 -14.019 -42.804 -75.414 24.228 -8.792 -0.042 8.587 34.684 4.070 -25.334 -70.388 23.412 27.241 18.935
INT072 -43.002 -0.580 -17.746 16.252 22.165 -43.951 21.937 -5.200 13.008 -25.813 -1.792 -38.025 -14.613 -57.237 1.267 9.348 -18.412 -36.129 -48.287 -101.414 4.926 -5.295 -18.735 -12.626 17.225 12.389 -31.029 -72.724 8.472 34.579 16.150
INT073 -13.704 -32.163 39.298 43.622 31.495 -4.216 62.339 -3.672 39.439 -4.277 38.271 3.668 4.376 -45.586 51.716 16.314 -15.858 -32.571 -63.162 -79.675 19.627 5.411 -9.376 6.989 22.685 35.332 11.302 -50.414 25.254 53.975 18.790
INT074 -24.873 -35.388 48.893 26.292 0.135 -36.527 23.478 12.850 51.046 -18.158 32.998 -0.892 6.205 -62.235 38.033 16.092 -28.144 -21.654 -59.468 -113.131 15.640 -2.534 1.600 -14.635 19.323 39.830 14.142 -32.210 -1.046 43.061 30.328
INT075 -38.294 -38.443 14.561 5.565 -11.435 -47.554 13.896 -12.349 14.958 -30.393 30.986 -12.564 6.965 -81.431 25.851 5.545 -34.786 -38.773 -39.612 -151.034 -0.374 2.521 -9.286 -28.129 32.493 28.489 -2.495 -23.833 -32.220 57.459 6.928
INT076 -27.612 -48.094 25.329 -2.994 -12.202 -54.067 27.764 -6.526 22.727 -37.535 27.968 -33.458 -1.647 -81.135 19.877 -1.028 -38.129 -30.686 -42.852 -152.975 -26.133 -5.131 -33.411 -43.299 22.976 26.440 -15.427 -20.711 -38.868 46.834 11.034
INT077 -23.152 -8.463 40.603 15.619 -23.047 -27.277 34.533 -5.280 15.662 -21.924 54.039 -24.209 7.328 -75.089 7.037 2.489 -29.183 -51.357 -2.743 -100.758 -26.399 23.348 -63.696 -51.677 8.633 45.186 -16.382 3.186 -34.629 57.500 4.016
INT078 -25.742 -13.925 39.190 4.418 2.092 -34.371 26.665 11.280 18.963 -22.963 49.547 -27.561 -8.795 -72.303 2.823 9.901 -44.999 -46.563 6.032 -93.617 -34.166 3.315 -97.649 -65.542 3.742 30.111 -47.418 7.721 -17.077 56.059 23.129
INT079 -23.761 -16.365 43.733 8.003 6.484 -54.059 30.061 19.923 4.709 -21.324 42.102 -43.805 -24.899 -50.562 -5.752 -6.312 -37.791 -26.669 19.879 -86.543 -11.219 14.476 -84.576 -68.433 3.010 32.482 -47.057 5.942 -14.639 28.838 -5.684
INT080 -32.713 -2.553 20.519 12.087 2.027 -62.705 13.003 1.095 17.977 -20.415 22.319 -16.960 -4.357 -68.011 3.304 -3.874 -39.086 -28.823 26.493 -53.224 -5.894 14.423 -96.151 -76.542 3.491 29.678 -67.381 9.524 -1.781 32.483 -15.407
INT081 -33.331 6.492 13.508 15.469 6.235 -35.578 7.767 5.103 9.862 -14.919 5.388 4.985 -24.932 -55.757 1.249 -14.625 -29.297 -38.496 20.166 -52.690 5.439 29.008 -77.615 -87.887 5.422 26.283 -78.346 -0.412 -13.994 9.627 -10.127
INT082 -36.482 26.890 13.460 28.174 -4.868 -31.872 25.720 13.808 4.454 -16.326 5.199 3.332 -39.637 -35.166 3.594 -3.763 -15.100 -39.877 16.308 -4.750 14.834 34.879 -71.805 -97.278 2.663 37.087 -73.479 1.242 -0.736 -2.864 -3.757
INT083 -28.547 12.490 -0.379 27.260 12.275 -40.899 11.979 -1.786 10.456 -6.132 7.375 -2.640 -36.876 -58.967 9.403 -13.446 -38.263 -41.273 12.400 17.086 8.873 17.188 -75.435 -107.544 13.863 25.826 -52.043 -1.521 15.162 17.313 -5.637
INT084 -23.220 7.370 13.332 23.499 14.683 -30.390 34.553 8.151 8.850 -0.713 5.140 -1.201 -42.043 -44.401 32.417 -5.823 -17.601 -42.866 -14.671 33.983 25.216 19.931 -73.417 -131.357 28.928 32.383 -52.542 13.044 26.413 15.964 1.014
INT085 -29.312 5.416 2.723 11.304 -0.727 -37.720 10.148 4.874 -3.046 -3.139 -15.566 -10.897 -10.838 -37.475 4.328 -21.831 -18.149 -25.385 -16.237 22.624 7.045 13.289 -27.711 -85.279 12.806 -10.394 -45.284 15.523 -12.962 2.422 -21.992
INT086 -28.955 -2.347 33.533 13.596 -2.226 -36.931 11.442 2.102 -3.052 -6.817 -11.475 -3.918 2.373 -21.002 15.982 -10.967 -15.423 -21.371 -40.238 25.706 -0.250 6.079 -18.483 -71.676 11.742 8.615 -45.099 16.239 10.601 18.984 2.568
INT087 -28.283 8.857 26.011 11.514 2.966 -24.724 24.944 12.346 10.805 4.187 9.199 9.727 16.829 -11.031 24.359 -12.735 -1.268 -7.714 -51.753 40.648 -17.627 27.031 -26.815 -49.520 10.506 -1.531 -35.424 16.484 31.545 2.568 3.407
INT088 -10.935 14.635 26.012 3.196 10.006 -32.395 17.050 7.539 17.518 17.730 16.436 13.801 24.351 -13.104 33.767 -14.482 8.301 7.940 -52.437 41.913 -21.033 21.118 -10.658 -28.666 15.471 7.635 -5.252 23.392 50.956 13.174 20.304
INT089 -21.901 13.534 6.931 -6.252 -25.445 -48.819 6.227 -3.799 -3.310 -0.368 3.240 -14.479 -1.853 -30.242 19.728 -33.450 -7.942 -6.553 -115.023 -1.744 -48.067 16.065 -41.424 -64.825 -3.728 -12.183 -30.767 9.025 11.889 -8.653 -6.308
INT090 -16.747 38.082 2.549 -2.469 -3.351 -43.322 4.992 -6.147 -1.364 -0.266 23.527 -14.643 5.366 -15.936 13.109 -18.419 6.301 -7.422 -105.563 6.489 -65.098 29.101 -43.719 -58.512 4.219 1.950 -27.697 -2.118 -5.068 5.317 4.099
INT091 -19.576 36.333 16.714 -1.574 5.720 -14.053 21.024 -3.898 13.705 0.401 28.520 -4.343 10.291 -24.625 19.054 -7.690 29.399 -11.369 -96.333 13.073 -70.540 17.796 -44.118 -33.903 3.699 1.804 -16.031 -1.321 22.441 2.407 21.294
INT092 -24.827 41.862 -0.651 2.024 35.316 3.865 29.930 -13.967 30.389 -4.176 28.199 -2.830 -1.136 -12.442 27.133 -5.141 40.065 -19.060 -64.468 6.627 -78.128 27.272 -22.154 -39.850 29.235 6.041 -8.011 7.543 29.228 18.042 27.134
INT093 -41.533 26.617 1.330 -17.951 3.743 9.071 20.159 -12.345 -4.259 -31.873 26.773 -24.999 -7.220 -19.266 35.971 -5.472 37.754 -9.572 -62.035 -14.339 -89.443 8.976 -25.956 -57.733 13.670 -0.779 -21.987 -13.373 0.000 14.707 47.319
INT094 -40.180 39.496 1.244 9.333 18.188 16.146 17.426 -1.544 6.812 -18.454 32.172 -33.757 -19.229 -7.097 29.589 5.686 36.157 -23.494 -62.939 -8.423 -100.554 16.102 -28.123 -61.506 16.119 -6.183 -20.205 -34.066 0.000 19.954 31.852
INT095 -38.064 46.669 -17.550 4.793 11.904 9.619 19.640 -5.020 14.863 -23.868 19.220 -32.040 -23.168 -10.428 31.580 6.304 36.815 -21.819 -45.056 -6.616 -119.700 22.617 -25.316 -60.160 26.341 -9.248 -7.143 -36.233 0.000 25.490 56.219
INT096 -46.194 29.118 -5.328 22.349 22.925 13.126 31.070 4.720 22.649 -28.043 12.499 -20.141 -21.343 -13.525 49.758 20.170 46.977 -8.670 -39.473 5.909 -93.914 18.837 -14.343 -71.042 20.059 -14.441 17.621 -30.772 0.000 4.991 54.618
Situatie privind dezechilibrul SEN pentru fiecare interval de decontare din luna Octombrie 2024
1/1