PDF PAGE 1
Data: 16.12.2025
lei/MWh
Interval/Data 01.10.2025 02.10.2025 03.10.2025 04.10.2025 05.10.2025 06.10.2025 07.10.2025 08.10.2025 09.10.2025 10.10.2025 11.10.2025 12.10.2025 13.10.2025 14.10.2025 15.10.2025 16.10.2025 17.10.2025 18.10.2025 19.10.2025 20.10.2025 21.10.2025 22.10.2025 23.10.2025 24.10.2025 25.10.2025 26.10.2025 27.10.2025 28.10.2025 29.10.2025 30.10.2025 31.10.2025
INT001 769.62 740.27 801.84 690.00 403.17 461.67 789.84 354.81 178.78 582.44 215.81
INT002 799.60 537.90 174.45 340.20 435.69 752.50 246.97 786.30
INT003 274.19 621.07 417.70 383.92 385.26 799.47 325.45 384.72 362.83 270.16
INT004 91.42 258.16 719.40 -175.07 338.75 229.69 248.66 -738.63 -148.63 118.70
INT005 700.00 1,587.66 503.53 570.48 700.00 168.26 79.12 431.74 758.94
INT006 148.74 151.20 1,378.91 205.08 591.93 22.91 377.26
INT007 112.14 794.50 416.69 176.09 178.86 386.60 68.76 245.00
INT008 774.00 160.77 34.79 128.00
INT009 93.54 796.04
INT010 147.93 409.91 155.26 147.40
INT011 121.85 909.16 172.11 116.26 71.23 112.58
INT012 131.32 464.32 338.84 777.57 151.38 428.45 329.84 399.77 157.01
INT013 320.11 499.67 667.42 459.11 305.22 178.86 90.76 365.20
INT014 750.00 241.95 151.90 149.66 162.62 -143.46
INT015 87.25 76.83 405.53 835.73 149.01 24.43 178.87 130.31 474.62
INT016 487.51 598.00 111.62 151.83 226.96 440.12 147.30 305.92 84.64 175.58
INT017 744.47 690.00 789.00 142.04
INT018 721.06 108.00 285.00 -911.77
INT019 669.00 193.36 169.32 151.53 389.19 378.94
INT020 134.15 724.17 177.45
INT021 550.00 590.56 665.00 173.98 173.36 549.00
INT022 219.60 397.76 167.52 114.27
INT023 190.20 176.31 445.51 331.62 650.00 303.88
INT024 649.78 799.97 723.17 123.36 762.16 598.29 367.07
INT025 188.18 241.06 481.58
INT026 434.94 359.76 108.72 521.00 2.27
INT027 323.68 632.95 3,614.44 753.41 237.07 210.75 437.96
INT028 518.24 742.27 445.10 676.00 397.52 790.84 727.00
INT029 344.57 183.87 3,030.53 158.51 -406.27 1,315.47
INT030 797.28 474.92 799.72 669.00 5,668.92 409.13 1,039.26 360.05
INT031 371.59 804.60 178.72 328.38 768.83 335.95 388.52 2,082.29
INT032 342.88 91.32 409.44 337.70 669.00 439.46 169.35 945.59
INT033 1,058.70 388.78 360.97 706.13 5,970.33
INT034 370.30 94.75 333.12 2,596.20
INT035 362.60 621.29 329.89 398.80 251.79 1,075.60 300.08 191.57
INT036 134.45 161.03 5,211.52 116.99 120.36 164.09
INT037 883.25 126.94 -97.40 229.88
INT038 338.13 341.01 1,217.21 122.10
INT039 340.98 109.33 215.92 3,691.00 223.17
INT040 214.89 883.65 118.70 214.16 322.46 762.37
INT041 360.85
INT042 218.63 1,208.36 255.19 678.23 539.65
INT043 219.39 233.13 1,385.38
INT044 3,125.68 179.70
INT045 151.42 3,008.77 -279.50
INT046 207.52 246.53
INT047 197.85 285.03
INT048 751.49 1,440.43
INT049 255.95 551.29 349.05 1,589.09
INT050 13,558.72 451.03 80.28 849.28 722.38
INT051 156.31 56.65
INT052 1,421.70 857.83 343.59 489.37 341.56
INT053 144.09 33.64 553.30 534.90
INT054 36.20 416.62 279.61
INT055 450.00 163.66 566.66 -165.24
INT056 456.23 177.04 592.12 387.88 517.45 427.22 522.00
INT057 211.77 66.78 708.15 495.00
INT058 440.27 291.90 34.46 798.25
INT059 243.79 829.76 502.52 271.41
INT060 247.56 18.91 1,910.18 48.93 499.10
INT061 42.80 804.32 317.37 53.02 314.27
INT062 394.47 700.69 789.63 453.36 202.56 355.67
INT063 647.64 398.87 156.88 938.98 378.51
INT064 267.66 581.51 806.11 381.65
INT065 172.08 898.84 1,043.88 323.21 559.93 1,023.42
INT066 344.71 660.56 264.82 717.17
INT067 633.19 897.84 436.85 761.18 696.97
INT068 1,536.88 733.74 253.91 762.04
INT069 874.07 635.00 604.77 232.73
INT070 985.19 489.17 347.83 419.36 1,498.89 339.51
INT071 615.89 430.42 337.23 287.71 352.92 1,494.61 393.05
INT072 1,891.24 765.30 1,849.74 371.34 808.87 789.85 4,386.88 799.16 450.57
INT073 408.52 603.96 76.97 309.08 451.08 520.15
INT074 388.71 420.11 707.60 377.04 1,229.30 1,457.71
INT075 144.04 667.56 572.24 159.68 440.27 1,551.78 799.64
INT076 885.35 825.41 1,393.43 1,455.73 465.54 866.48 264.49 448.75
INT077 220.28 799.22 1,930.81 524.36 297.80
INT078 534.34 1,163.13 1,669.27 337.77 3,933.96 1,067.37 2,388.01 447.59
INT079 345.48 -18.36 176.06 316.50 2,064.73 463.47
INT080 4.12 364.81 783.40 1,118.16 685.29
INT081 251.97 1,137.11 4,055.57 854.94 927.10 392.48
INT082 311.45 789.84 515.52 494.30 5,015.64 476.20 1,083.75
INT083 720.54 813.05 536.04 2,306.91 1,148.84 166.37 372.18
INT084 368.56 2,057.60 1,727.74 1,021.80 523.38
INT085 451.62 2,182.68 1,047.16 787.84 1,166.14
INT086 981.48 2,806.06 197.66 500.00 790.00
INT087 309.39 2,658.64 798.48 834.31 632.57 349.83 867.99 414.31 790.00
INT088 2,371.94 420.36 799.68 765.58 786.31 681.25 131.41 236.52
INT089 546.75 202.37 786.45 390.18 374.77 144.59 825.55 584.62
INT090 301.89 690.34 1,320.57 340.43 169.47 27.08 176.07 699.38 154.76
INT091 164.15 141.34 404.63 360.99 725.39 159.94 374.31
INT092 280.23 754.00 799.92 202.39 299.94 792.50 134.43
INT093 135.08 799.89 399.12 760.00 797.96 892.30 799.97 735.27 1,655.77 700.00
INT094 1,379.83 146.74 320.92
INT095 299.76 798.44 740.00 170.39 422.38 629.68
INT096 330.92 173.02 137.25
INT097
INT098
INT099
INT100
Pret final de deficit din luna Octombrie 2025
1/1