PDF PAGE 1
Data: 15.07.2025
lei/MWh
Interval/Data 01.05.2025 02.05.2025 03.05.2025 04.05.2025 05.05.2025 06.05.2025 07.05.2025 08.05.2025 09.05.2025 10.05.2025 11.05.2025 12.05.2025 13.05.2025 14.05.2025 15.05.2025 16.05.2025 17.05.2025 18.05.2025 19.05.2025 20.05.2025 21.05.2025 22.05.2025 23.05.2025 24.05.2025 25.05.2025 26.05.2025 27.05.2025 28.05.2025 29.05.2025 30.05.2025 31.05.2025
INT001 937.59 4,269.50 1,355.39 1,447.40 901.62 -2,490.79 60.26 5,150.71 1,454.93 3,768.82 877.10 4,917.45 7,001.00 3,918.32 169.36 988.78 1,063.14 -275.29 5,092.69 5,913.60 -37.39 -565.81 1,849.24 1,989.44
INT002 2,677.33 85.48 -11.72 3,627.45 815.75 -17,584.04 225.29 3,469.04 3,326.94 858.73 111.98 1,054.65 5,058.95 2,440.32 219.95 1,704.92 707.69 -226.35 2,098.96 5,133.63 310.15 348.47 2,362.09 980.49
INT003 932.45 -2,583.66 -775.46 -1,541.84 -1,792.56 894.34 737.37 -3,995.99 72.88 944.91 883.06 136.91 -240.65 1,709.94 5,122.10 1,652.98 731.85 222.39 200.69 881.25 -2,772.60 802.50 836.71 206.90 349.45 1,412.77 980.09
INT004 733.75 -307.95 -54.14 -101.22 -2,712.65 914.45 173.71 109.39 179.12 874.69 24.81 214.97 1,047.37 1,473.77 986.73 905.53 156.99 -566.72 -1,997.33 850.44 650.00 210.95 269.98 873.86 988.79
INT005 4,380.60 110.10 243.43 6.77 -809.77 270.08 5,768.29 156.84 1,393.33 -2,871.72 956.00 1,768.40 1,095.64 881.48 -119.39 4,008.50 1,520.12 1,064.18 247.67 -27.88 1,268.40 180.95 841.02 118.77 155.95 243.38 891.84 1,426.74
INT006 6,936.38 7.61 145.39 77.29 -34.75 189.83 3,751.23 1,520.51 159.72 940.99 788.95 841.90 857.10 933.93 -28.35 894.44 1,031.91 1,069.03 868.99 906.96 -67.99 -1,419.95 863.45 893.78 108.57 835.69 861.06 1,405.10
INT007 4,872.72 -0.18 -107.03 -218.97 -2,067.40 222.88 740.29 256.98 991.99 234.07 720.95 714.52 731.22 848.76 924.66 99.09 975.40 1,270.07 978.90 1,140.37 191.91 -374.41 258.20 -48.64 832.68 145.01 919.38 650.00 762.90
INT008 1,768.88 -3.41 -21.65 -779.82 -3,250.72 212.80 854.38 276.12 253.58 725.92 705.84 713.16 962.34 151.88 77.59 1,059.92 184.61 902.63 127.04 -110.68 246.20 8.56 801.34 -4.07 3,085.60 650.00
INT009 6,779.67 -51.90 -821.82 88.44 48.38 336.07 1,750.79 261.91 289.74 3,117.82 1,724.34 886.91 925.04 1,527.41 83.33 107.90 904.98 1,197.36 321.25 699.00 244.18 205.26 1,059.33 66.76 1,021.85 889.36 961.69
INT010 4,310.85 -83.66 -738.52 -1,714.03 47.79 937.84 207.29 208.65 969.93 1,165.95 873.96 892.42 862.38 951.56 728.14 197.95 810.32 2,192.26 69.92 871.77 80.18 194.26 2,583.73 833.99 51.43 1,406.24 954.90
INT011 923.86 26.61 -993.97 842.05 895.78 358.81 0.76 808.46 855.24 912.82 361.00 931.49 1,043.12 884.72 133.99 1,017.58 3,000.19 35.21 257.77 814.22 145.65 812.49 650.00 252.85 68.23 960.94
INT012 1,076.35 -124.49 -2,552.08 -1,587.99 744.00 842.25 259.92 8.11 1,098.92 713.28 858.14 361.00 884.72 3,387.10 752.33 0.80 819.43 16.73 213.71 699.00 160.33 890.69 650.00 269.67 -2,707.30 961.50
INT013 2,304.57 744.00 101.66 -1,431.73 766.01 827.43 -32.18 262.60 13.83 3,656.18 785.83 2,832.69 297.18 3,935.84 4,721.15 3.89 976.58 -911.78 0.14 299.66 699.00 263.48 178.24 1,007.27 894.91 299.96 206.57 -151.76 958.31
INT014 897.76 195.37 23.91 -4,517.16 886.19 170.50 210.36 1,618.14 880.26 3,632.95 109.85 2,696.65 1,733.19 15.78 3,851.63 331.33 -4.90 159.21 724.98 699.00 194.46 -51.84 909.92 2,961.40 194.78 650.00 -746.52 3,813.08
INT015 899.19 744.00 47.75 -471.84 746.43 1,202.72 188.40 242.64 729.20 5,239.31 184.96 959.91 4,649.63 2,988.31 7.24 1,954.07 208.44 -67.11 256.84 898.71 854.61 117.58 85.53 1,003.30 915.65 139.43 650.00 -4,499.00 925.22
INT016 891.75 744.00 52.57 -3,335.24 1,940.98 -2,043.70 203.08 1,562.71 937.93 738.28 5,217.07 -2,511.82 924.00 5,999.00 14.25 945.74 69.00 252.82 339.70 4,076.17 699.23 167.36 1,211.55 936.29 817.11 650.00 -2,950.20
INT017 893.79 393.73 -2,530.12 112.69 834.44 -760.38 263.86 217.37 2,392.51 270.77 -503.60 193.24 927.86 2,057.75 7.09 971.70 249.07 242.43 296.24 5,568.23 148.26 104.76 868.60 324.87 894.99 -841.04 937.33
INT018 893.70 744.00 -9.32 34.53 202.21 3,083.37 991.25 155.31 291.94 927.11 827.48 1.69 910.47 729.38 241.63 315.52 4,867.75 135.27 182.01 894.04 315.88 899.27 -105.36 859.64
INT019 897.12 185.11 16.10 901.49 101.40 879.41 3,728.31 152.33 932.58 857.75 -13.15 700.00 928.27 341.39 1,848.16 145.54 171.23 869.49 864.29 338.34 2,239.16 -104.97 780.83
INT020 906.13 21.98 26.22 897.77 223.30 130.17 931.62 318.17 2,356.37 -1,879.16 896.97 821.72 -251.76 702.35 1,266.56 290.37 1,144.30 893.18 194.67 139.72 369.26 895.05 -101.34 758.83
INT021 901.66 744.00 551.08 46.01 100.40 0.00 2.20 957.31 310.04 4,534.80 -408.44 5,889.61 4,559.83 115.58 814.87 3,959.63 319.19 3,911.24 190.38 192.80 181.82 -1,614.33 239.04 248.71 898.82 18.07 848.43
INT022 909.89 16.14 551.08 213.37 352.74 721.28 -1,219.88 1,082.69 193.40 7,319.58 77.52 4,770.81 1,223.37 116.25 732.17 1,150.25 266.04 1,122.79 163.88 203.83 215.06 206.41 74.51 895.79 -1.41 917.38
INT023 2,567.07 206.46 144.17 551.08 750.58 276.52 722.81 -2,855.16 -1,037.69 248.90 210.39 7,692.17 74.29 1,223.15 848.08 116.29 204.82 245.76 908.56 62.46 32.20 85.04 230.18 213.13 42.25 828.94 14.59 840.84
INT024 772.20 -4,736.53 551.08 788.05 700.00 26.46 282.37 -188.93 8,636.26 -1,179.91 245.88 1,497.56 835.38 117.69 169.84 251.92 975.72 269.36 65.60 166.34 159.10 796.82 18.37
INT025 3,205.15 255.05 -1,250.75 59.58 914.24 258.76 177.34 1.13 192.60 1,366.10 -2,060.17 -45.66 1,496.83 35.56 950.55 28.61 44.09 131.98 1,110.99 253.81 99.19 220.75 -337.70 142.33 -59.77 -92.36 124.25
INT026 3,363.90 131.39 2.27 16.16 185.82 1,116.87 113.14 346.45 1.00 -123.99 987.47 105.90 1,066.07 119.28 878.64 217.14 1,778.70 258.72 943.36 131.55 -416.11 46.12 307.32 772.27 661.40 63.62
INT027 1,077.19 2.52 -2,470.34 -485.05 887.09 919.81 326.37 365.86 0.70 962.08 -76.46 1,877.56 137.36 65.71 1,829.26 168.37 747.17 159.53 1,402.21 264.60 947.62 139.03 -77.78 143.22 3,006.42 1,477.43 867.16 216.58 119.00
INT028 -73.65 -5,166.21 -338.93 896.09 922.97 -714.12 -251.16 -2,362.95 1,037.01 102.20 898.89 1,069.97 171.06 775.44 981.18 -14.23 1,505.89 183.84 -1,005.89 -2,686.47 5,755.48 913.86 881.68 17.85 671.25 -2,679.51
INT029 6,500.90 -264.43 -2,491.20 -3,538.45 954.65 970.99 -1,023.67 292.83 20.72 1,078.43 190.14 49.26 88.17 1,050.06 975.65 2,365.46 -176.79 6,545.68 -105.15 1,101.20 55.66 -1.91 1,085.75 971.12 168.65 -170.84 886.56
INT030 5,580.92 -79.20 83.37 -576.40 975.43 982.68 2.50 373.13 -392.61 1,020.71 188.72 222.71 1,043.89 1,047.15 242.13 908.27 126.99 1,677.94 -131.64 1,143.54 8.93 1,093.25 1,058.65 74.89 1,444.80
INT031 897.01 -358.92 -3,908.16 981.59 1,002.94 21.24 73.16 -52.08 941.69 242.52 361.00 202.67 907.92 1,007.96 195.26 881.16 -495.43 1,159.90 -2.96 2,509.70 318.69 722.57 14.29 1,557.73 2,804.11 390.00 -49.59 899.26 894.87
INT032 2,428.34 -1,134.60 -5,603.59 517.81 952.58 976.53 1.81 63.50 945.66 190.80 -92.01 225.51 755.39 1,004.00 213.18 817.12 1,191.26 -55.79 2,792.19 398.14 7.09 997.12 3,055.15 794.12 850.66
INT033 7,001.00 3,135.83 938.33 -80.55 3,766.55 970.65 199.04 1,130.88 363.93 2,065.71 364.11 163.15 816.28 1,130.50 -470.37 2,419.39 1,125.55 772.79 -244.24 1,054.31 359.18 -224.02 785.75 5,517.32
INT034 2,346.24 867.39 779.73 308.43 1,051.87 -85.73 357.57 2,711.72 917.16 39.43 -860.84 -1,260.52 1,420.92 897.95 -240.89 861.97 4.75 1,124.48 -745.40 2,901.46 1,125.75 728.81 1,245.93 398.77 -292.90 -2,417.31 827.76 846.52
INT035 810.58 21.51 867.39 485.61 235.46 3,635.31 -77.91 162.58 1,064.30 1,080.21 49.56 896.89 371.88 740.63 19.00 1,706.36 1,301.35 899.59 711.79 -91.40 2,682.31 316.69 -853.28 793.60 846.61
INT036 850.84 485.72 -920.98 1,045.51 -208.11 198.18 757.67 36.51 -1,347.28 847.37 367.26 1,708.57 1,846.00 11.64 -1,413.66 -581.76 1,061.63 909.49 65.88 1,162.96 356.11 -733.42 1,059.66 1,873.63
INT037 2,125.28 1.26 782.99 461.26 73.36 936.06 -107.56 2,364.16 1,188.48 145.79 109.61 -2,378.87 8.34 860.50 5,909.44 6,294.47 18.70 179.11 39.76 990.13 1,054.51 -3,333.25 178.24 3,059.13 358.68 -162.11 715.08 2,936.81
INT038 807.03 12.62 -3,096.41 461.05 -1,893.24 938.00 -214.80 5.55 1,828.16 810.90 0.39 700.00 -1,817.57 13.88 845.76 863.65 2,970.09 3,024.75 5.08 266.89 990.44 962.66 -6.77 14.53 1,347.80 357.78 254.56 715.00 1,437.94
INT039 1,844.41 -710.64 -4,008.33 460.58 -3,360.08 928.20 -301.93 928.98 809.90 -66.14 729.73 -560.51 150.14 742.37 1,344.12 1,457.91 -18.65 1,486.17 991.27 892.71 41.59 -2,393.52 1,117.22 -113.86 262.95 241.31 1,195.33 716.77
INT040 1,695.27 -6,622.60 930.45 -280.18 -888.32 930.04 888.51 7.77 847.37 729.14 756.23 771.22 -1,670.83 135.83 1,162.62 288.07 650.00 -4,732.15 1,113.76 49.01 787.49 -3,912.88 -4,042.61
INT041 553.41 17.07 -241.90 450.00 176.23 902.98 -3,473.16 881.31 1,599.15 -32.06 880.61 -439.96 -104.92 550.00 453.10 2,558.82 5,854.40 -216.51 898.93 2,795.01 582.16 -3,584.34 894.50 -347.55 685.64 597.24
INT042 647.32 0.92 193.36 450.00 137.05 905.35 -5,837.93 881.31 539.26 -32.47 827.61 -830.39 15.98 550.00 580.36 682.04 5,303.72 0.32 840.31 740.00 512.00 -150.65 895.80 -362.64 90.83 756.71 597.24 8.66
INT043 1,071.26 6.41 25.39 450.00 99.85 1,143.86 -4,861.91 29.47 497.93 -91.86 -2,783.02 3.79 -8.65 550.00 917.97 493.66 4,620.63 -98.76 211.09 743.40 512.00 -1,500.51 844.61 -2,500.80 16.54 757.70 142.93 -2,813.88
INT044 876.07 -607.46 -5,630.87 219.90 136.69 -281.90 497.68 9.87 28.44 8.57 550.00 766.08 493.66 906.94 -900.25 -1,549.79 -1,397.49 512.00 -144.74 862.19 -916.99 -3,848.80 757.94 -1,446.44 -5,568.77
INT045 504.14 9.53 450.05 2,049.68 240.37 -664.55 799.00 -219.24 748.34 450.02 696.94 550.00 7.02 519.45 716.64 4,342.25 450.00 4,854.45 -83.13 142.72 -1,904.57 4,631.26 -163.17 95.48 -31.00 -261.57 564.82 -845.32 -2,800.67
INT046 446.56 0.72 450.05 450.00 744.00 -3,888.47 220.70 17.11 461.50 2.70 190.80 2.07 0.37 519.45 550.00 4,824.07 450.00 820.24 14.32 82.17 -353.90 4,673.07 -334.40 854.96 -469.92 541.13 -4,642.53 -2,767.78
INT047 536.49 0.47 744.00 -2,438.60 859.59 16.03 564.91 450.02 45.23 -22.63 0.53 67.51 4,813.07 4,229.79 1,032.25 -642.58 -603.86 5,635.25 -124.83 839.69 -2,753.07 14.75 86.75 -280.00
INT048 446.00 -612.29 22.38 127.90 744.00 137.18 1.32 450.01 -913.14 10.77 500.56 9.57 1,716.10 7,001.00 115.41 2,764.74 -411.65 -52.63 531.66 -69.40 874.83 -271.46 -166.59 80.56
INT049 882.71 250.47 450.00 241.57 -508.62 118.88 0.40 923.50 450.07 -733.15 -2.95 4,553.13 493.02 4,235.77 7,001.00 63.70 -4,499.00 -274.66 190.01 610.70 -77.72 847.04 -991.82 -64.42 450.93
INT050 446.00 -222.20 23.38 188.79 -863.43 156.52 0.71 501.63 450.06 39.58 0.40 513.75 493.02 2,478.37 6,916.30 195.95 2.61 241.57 0.49 1,765.64 -60.44 4,137.24 689.17 10.95 -39.19 -104.71 450.93
INT051 -148.84 83.75 360.42 -4,140.70 744.00 0.51 -1,700.10 6.81 645.15 541.72 513.69 493.02 582.99 938.32 -4,749.81 2.54 191.00 0.11 1,157.94 -288.60 2,804.93 27.43 6.92 -272.77 450.92
INT052 -3,313.39 -4.03 146.71 744.00 744.00 -27.80 -3,846.00 1,204.94 528.45 513.69 527.85 550.90 634.60 196.30 -4,500.99 -0.08 3.02 190.27 734.40 543.64 -436.20 2,641.01 -27.85 3.32 -1,178.26 450.92
INT053 -1,085.82 120.44 41.03 698.87 -1,922.60 -500.98 190.24 18.37 31.99 450.04 868.55 -8.17 538.80 9.89 231.90 1,096.35 201.49 -4,499.00 -112.84 642.12 0.51 642.23 642.92 645.17 59.39 -204.34 -140.02 450.46
INT054 20.42 -119.26 83.28 108.66 698.87 -2,343.75 744.00 740.60 18.02 450.04 731.41 548.91 540.58 -2,350.73 249.57 448.00 -2,098.24 -67.02 192.23 550.00 594.46 185.95 740.48 75.91 -1,550.88 -145.52
INT055 450.00 263.48 77.65 702.50 779.79 515.12 -49.23 450.04 304.75 549.97 538.83 -635.34 258.28 811.00 450.00 -506.99 2.17 -1,052.32 558.60 550.00 791.57 -4.29 622.02 3,705.40 139.17 -105.65 20.54
INT056 -245.97 -149.51 -26.60 698.87 -357.12 798.46 1,763.74 -134.40 450.04 731.35 549.99 538.74 -4,343.05 671.56 629.23 450.00 -178.70 -0.52 -517.01 645.90 550.00 589.99 14.46 635.10 795.37 193.96 -106.90 -1,238.28
INT057 20.92 52.37 8.13 84.87 4,651.54 -409.91 3,605.01 1,382.22 -0.12 450.02 4,429.01 568.76 520.29 -543.77 837.72 948.82 450.00 0.00 6.26 -103.19 278.69 -557.41 94.12 612.62 459.31 1,047.12 -295.00 453.87 -473.83
INT058 4.56 95.29 -6.52 5,999.00 -329.05 1,341.38 1,759.40 3.44 -152.47 2,699.26 144.00 560.59 -1,006.95 3,744.48 815.06 10.15 35.80 5.52 -110.56 53.25 539.83 96.98 -1,349.48 927.18 -600.00 453.87 -1,817.16
INT059 -307.90 192.23 -1,570.65 1,378.07 0.40 0.00 451.14 0.03 -1,444.90 745.73 32.58 545.31 2,558.31 529.68 -2,465.19 0.63 2.46 5.03 3.97 190.00 830.46 539.83 72.30 -1,455.96 642.02 453.87 -3,594.50
INT060 -37.26 -5,292.64 -4,409.81 2,251.85 0.19 5,936.47 757.99 -13.65 1.71 0.12 746.43 116.34 522.28 1,498.49 602.95 -345.73 12.08 0.20 2.26 21.65 -0.82 1,425.89 539.83 -146.87 212.44 2.06 453.87 -2,953.69
INT061 450.00 -470.66 -2,196.38 -2,121.05 854.05 0.50 930.09 201.95 -65.80 -21.68 -2,031.46 737.19 -909.60 -2,511.68 -89.89 709.09 1,210.42 -957.02 -112.75 5.01 3,438.11 3,456.59 -1,471.79 -409.50 201.73 1.74 450.20 -1,530.97
INT062 450.00 -2,192.64 -286.14 -1,014.31 768.25 32.66 190.00 -22.45 -50.28 -3,028.39 290.93 -23.21 6.66 4,828.53 798.90 -300.25 -191.50 -37.09 0.71 -130.02 2.29 5,402.27 5,469.44 7.59 -158.25 281.85 511.00 450.20 -796.41
INT063 450.00 12.29 91.26 1,398.20 5,081.59 190.00 -193.62 4.00 -1,498.18 298.23 39.88 -3,838.64 4.92 5,999.00 585.32 450.00 16.53 9.91 1.67 -45.14 715.02 6,724.91 5,999.00 87.30 -391.71 43.95 450.20 31.57
INT064 565.73 -91.59 7.21 -15.39 766.14 3,731.06 167.97 -170.73 450.09 -691.54 761.06 191.40 11.71 5,434.91 811.95 450.00 490.85 0.53 211.43 0.25 7,001.00 5,999.00 34.69 -345.11 12.14 28.85 450.20 450.74
INT065 5,012.54 6.99 -478.07 262.54 194.79 -5,220.64 -21.83 837.31 248.00 878.08 448.02 450.00 686.09 -1,911.20 -3,058.36 6,403.64 818.39 52.80 0.06 -40.12 -552.83
INT066 1,033.92 1.17 134.14 375.35 845.83 -858.78 -2,831.49 -1,032.65 332.96 91.72 4.85 -372.44 5,219.26 465.08 450.00 780.01 95.50 0.68 -3,158.54 3,479.22 626.68 94.05 664.89 -105.26 31.00
INT067 2,375.18 75.81 -10.35 450.00 397.19 1,367.59 0.30 28.54 113.06 -118.46 1,136.23 198.84 5.19 5,594.55 537.67 450.00 595.38 16.65 101.22 0.38 71.90 3,887.24 513.85 525.90 550.00 -338.44 -14.44 284.62
INT068 4,958.33 -52.49 656.39 5,329.96 3,956.11 -2,537.92 0.30 701.10 190.10 -5,016.66 1,277.57 235.19 11.47 6,880.43 455.05 484.23 595.18 -763.35 43.41 0.30 4,383.03 515.21 525.90 550.00 -8.23 -32.19 187.74
INT069 729.52 -4,666.80 7.08 2,686.37 965.43 390.00 -2,120.48 361.00 -3,587.75 -5,833.48 -5,801.95 1,056.61 607.21 451.56 1,094.62 13.41 0.40 99.45 2,420.21 602.59 741.34 2.32 550.00 191.04 -2,710.95
INT070 2,323.44 -343.92 13.30 509.62 900.00 373.66 -38.38 69.31 -5,464.37 -5,651.30 370.83 -1,065.61 920.54 559.04 555.79 813.86 33.34 3,500.24 127.67 1,349.38 503.09 745.53 4.81 831.62 222.76 -5,570.66
INT071 1,455.65 -19.93 -67.22 456.27 972.09 2,463.68 -324.30 2,440.14 818.59 -294.24 -5,828.63 388.04 1.64 -904.41 1,068.52 575.65 958.67 809.95 27.13 190.03 3,948.34 727.01 751.21 1,239.83 743.63 1,148.38 275.72 -1,288.91 -561.86
INT072 2,320.45 1,394.54 1,115.45 463.28 1,147.43 4,894.88 -201.88 4,506.17 4,615.39 240.61 -28.32 375.68 1.00 0.10 1,307.30 522.87 675.84 867.55 255.25 190.08 963.72 715.91 755.13 2,097.75 748.27 550.00 3,399.02 1,356.43 -2.38 -304.49
INT073 58.78 9.58 -895.77 -74.03 158.25 4,284.55 -215.92 -6,646.14 16.45 -3,816.43 -3,098.20 4.59 12,944.65 -3,950.18 0.74 933.41 809.80 123.47 1,234.84 2,302.16 1,011.81 13.08 -5,433.03 -2,314.37
INT074 1,161.19 -38.48 -247.05 165.59 -4,591.98 -164.60 3,243.52 249.30 -7,001.00 11.15 550.00 66.01 211.86 966.00 1,602.79 238.40 639.59 939.30 -6,466.67 1,005.71 190.81 -224.39
INT075 1,183.41 1,559.48 1,165.67 927.94 -5,607.03 -290.18 1.00 858.83 1,455.74 924.48 4,187.39 1,045.44 1,775.11 159.33 3,353.70 955.74 70.29 539.38 944.11 -150.91 1,009.61 835.42
INT076 2,501.30 1,529.60 4,476.29 -908.43 1,611.39 1,025.56 915.68 226.00 190.00 984.46 3,188.65 5,571.28 990.86 2,107.77 5,835.74 937.17 98.61 1,038.18 1,980.30 111.49 1,009.95 2,283.94 0.10
INT077 57.87 -2,823.36 15.89 -131.23 6.79 -1,575.57 -85.21 -1,996.39 1,344.85 243.09 -4,304.02 -338.50 -591.37 1,277.09 -3,853.38 827.78 -1,154.52 -153.93 101.55
INT078 1,738.42 160.79 37.40 20.37 966.23 270.38 2,816.03 134.03 117.13 899.96 166.46 3,097.00 1,702.22 257.08 -2,691.82 3,501.87 131.95 65.75 1,081.36 4.72 804.57 133.45 84.73 3,064.52 102.41
INT079 4,811.46 948.23 119.11 -52.88 1,898.70 409.28 2,745.37 269.04 1,528.53 3,082.74 167.78 1,150.49 19.92 1,256.57 4,527.93 5,745.96 5,751.71 4,422.82 300.58 1,461.68 2.78 2,215.01 1,979.70 270.27 133.29 1,437.83
INT080 3,084.20 3,054.42 856.71 865.10 -130.41 1,431.21 398.77 1,228.79 202.04 947.69 369.07 5,507.40 193.74 1,162.50 1,192.88 5,563.15 6,702.08 7,001.00 2,324.86 168.51 7,001.00 1,086.05 0.68 1,880.03 5,318.14 889.98 870.31 900.00
INT081 1,041.74 66.79 -458.04 3,640.92 325.65 926.25 297.01 1,007.90 229.24 -12.23 -4,704.73 894.32 1,359.85 1,612.15 1,858.12 1,310.83 207.96 7,839.86 -621.59 -1,473.83 952.28 1,237.79 70.32 -3,723.49 831.36 -982.18
INT082 3,534.31 250.95 909.57 1,249.86 309.57 877.18 309.90 1,079.44 289.91 1,487.05 274.84 -3,063.20 1,444.85 1,589.63 1,214.85 2,296.40 1,935.46 256.21 6,106.00 -860.42 8.36 1,146.85 1,228.39 230.49 1,101.76 -2,264.08
INT083 2,894.57 1,103.99 180.83 931.13 1,193.30 368.76 3,684.14 154.69 1,503.32 127.87 173.30 1,098.35 1,238.39 3,785.46 1,981.06 4,120.69 254.26 7,001.00 -1,687.17 0.83 1,107.57 1,238.72 217.91 94.81 985.59 143.07
INT084 3,880.15 6,556.39 23.38 4,651.83 1,116.18 4,939.68 189.98 381.90 6,275.27 1,796.51 1,292.98 1,281.45 1,165.03 6,746.61 4,809.96 1,494.15 5,999.00 253.95 4,146.33 -42.26 1,683.66 1,229.08 894.71 1,080.80 995.23
INT085 1,503.33 1,215.77 43.96 2,205.70 1,711.33 1,120.75 398.58 2,060.14 -309.09 2,302.78 2,700.98 2,290.79 900.63 4,306.23 3,501.93 49.34 1,637.60 3,994.78 104.48 1,954.25 -23.59 1,028.53 1,609.36 2,021.68 889.18 900.28 998.47 62.05
INT086 1,267.80 1,179.31 238.42 4,243.03 899.99 230.79 5,437.82 2,861.02 6,253.31 2,949.27 3,759.98 154.62 5,194.38 245.38 2,100.89 -234.20 1,141.04 6,738.35 5,999.00 975.83 809.32
INT087 1,316.27 1,075.71 314.57 1,222.51 900.00 278.05 370.99 390.53 286.12 4,966.05 9,596.39 2,014.16 3,076.65 5,199.72 337.59 2,984.86 246.50 -2,185.93 5,962.57 251.05 235.40 -387.49 1,004.66 5,186.20 5,999.00 368.16 1,112.31 898.74 1,474.86
INT088 1,359.80 202.65 306.39 980.93 20.35 168.08 190.35 351.78 373.68 2,125.70 1,661.93 2,111.65 5,300.28 3,433.54 239.18 -3,163.15 1,844.24 20.08 -19.82 5,806.30 86.42 272.81 221.02 9.60 1,479.28 3,699.50 4,946.54 1,196.48 1,016.58
INT089 3,149.97 5,962.95 964.65 19.21 1,147.57 6,937.06 957.10 1,284.90 3,719.26 931.87 1,042.37 2,709.68 3,326.19 1,061.96 5,999.00 1,165.51 198.48 862.41 1,445.57 3,873.31 4,392.94 2,233.70 4,243.73 3,936.23 5,078.97
INT090 1,892.00 2,982.49 22.09 968.37 55.43 227.48 260.33 253.91 4,817.22 756.35 1,390.15 1,226.22 1,172.37 333.06 1,709.57 44.36 173.52 5,564.12 1,000.68 27.20 235.14 -401.83 1,016.13 1,273.58 6,546.68 948.25 1,312.56 1,975.15 1,362.37
INT091 1,135.48 247.90 -14.16 1,110.40 -3,041.85 -2,995.03 181.28 205.29 248.54 1,078.66 700.00 48.42 3,904.42 114.46 948.95 2,331.08 147.00 236.30 -35.52 1,024.23 6,938.04 283.59 1,016.42 3,624.81 1,413.65
INT092 1,964.28 -3,981.19 179.29 1,657.57 -3,667.13 -2,940.65 22.22 -872.51 306.83 730.97 58.64 -4,129.32 -1,657.16 -2,849.86 1,654.03 82.43 757.43 274.27 -2,502.14 150.42 -44.70 2,468.57 -306.24 4,614.73 183.80 865.68 2,131.99 1,916.23
INT093 3,288.74 950.96 879.58 936.76 -454.80 973.70 1,244.45 6,656.63 1,054.45 4,541.95 1,380.35 -1,742.09 -71.29 4,293.94 9,813.19 3,419.22 1,110.42 4,923.93 3,981.13 21.96 2,055.05 915.87 4,132.35 1,022.14 2,368.67 1,062.60 1,989.99
INT094 942.26 102.84 979.16 254.67 4,685.92 779.97 1,169.49 1,059.07 -3,626.66 139.27 9,999.00 4,821.25 840.79 1.93 1,403.94 2.64 650.00 86.32 1,965.79 211.45 894.00 1,075.71 1,096.47
INT095 1,860.82 321.24 61.47 1,785.18 914.15 242.43 -82.37 -493.87 325.83 900.32 839.86 889.51 -833.73 176.21 1,008.89 9,999.00 5,346.54 -336.86 1,010.04 1,069.30 -38.99 877.86 -3,326.05 650.00 67.24 946.15 64.76 848.27 1,744.85 1,103.41
INT096 194.47 48.50 -2,182.21 4.31 -480.07 -216.18 177.15 136.01 -1,421.29 161.61 7,001.00 5,999.00 47.39 720.30 -11.81 917.17 -4,499.00 -887.69 65.63 839.27 695.24 1,184.92
Pret Final Unic din luna Mai 2025
1/1