PDF PAGE 1
Data: 12.06.2025
lei/MWh
Interval/Data 01.04.2025 02.04.2025 03.04.2025 04.04.2025 05.04.2025 06.04.2025 07.04.2025 08.04.2025 09.04.2025 10.04.2025 11.04.2025 12.04.2025 13.04.2025 14.04.2025 15.04.2025 16.04.2025 17.04.2025 18.04.2025 19.04.2025 20.04.2025 21.04.2025 22.04.2025 23.04.2025 24.04.2025 25.04.2025 26.04.2025 27.04.2025 28.04.2025 29.04.2025 30.04.2025
INT001 -2,660.52 -2,781.60 7,501.15 5,363.31 4,920.44 1,305.42 -385.36 5,472.94 971.53 1,535.19 326.46 -300.43 -1,980.72 5,084.48 82.25 -609.80 948.53 5,210.09 193.90 814.32 979.65
INT002 249.61 -5,687.73 5,003.63 3,520.97 11.91 906.96 944.89 6.17 57.23 3,398.97 946.81 969.50 -66.98 218.42 16.09 902.04 932.03 930.07 8.01 -3,909.79 734.78 934.02 151.83 814.94 934.35 700.00 -200.40
INT003 765.82 -1,278.37 4,281.16 3,451.17 -1,185.76 -2,800.51 719.49 4,102.06 -4,408.98 -90.20 1,204.14 977.04 736.62 -1,349.86 108.95 33.03 915.43 952.52 22.39 -5,174.34 83.63 151.20 833.27 22.73 1,083.53 907.58 -112.21
INT004 114.55 -7,194.99 839.91 3,434.64 -2,607.70 -3,206.76 722.81 725.36 -5,347.19 -2,331.01 103.01 864.33 708.31 -668.69 -1,437.15 6.76 710.39 783.85 5.19 -5,735.26 46.11 -510.36 823.07 -569.11 899.20 737.08 -194.77
INT005 6,674.07 1,192.76 102.46 -34.50 727.75 901.55 -2,825.93 70.15 1,624.43 5,857.76 872.43 146.53 7.19 5,126.17 -849.90 -7,001.00 76.68 924.26 -959.28 -38.34 287.73 2.86
INT006 744.00 181.73 1,727.73 1,005.21 32.03 703.39 4,875.59 34.78 1,077.59 4,871.86 764.33 142.00 890.56 28.26 898.76 180.57 954.46 -329.31 -6,754.85 0.00 710.00 900.00 0.54 -41.04 906.41 2.87
INT007 744.00 114.72 883.67 950.84 -2,604.10 734.18 722.06 5,999.00 -8.88 137.92 837.32 935.17 725.47 30.40 812.01 12.74 142.08 955.62 -167.06 -4,014.23 -3,409.54 67.81 917.56 0.23 -1,281.60 892.21 -42.54
INT008 971.45 189.76 766.31 884.51 -2,792.86 725.26 710.01 1,793.05 62.66 742.45 278.96 715.81 1,688.58 -42.27 794.04 -1,033.91 -4,317.66 -1,874.16 0.80 -401.50 893.14 742.60 -40.91
INT009 309.59 3,703.52 2,226.83 40.33 756.50 5,677.64 915.10 173.37 156.27 822.90 945.83 1,074.30 169.30 285.52 5,067.87 17.27 162.75 867.20 3,882.80 81.98 -417.03 17.12 860.90 0.67 -305.51 -21.26
INT010 949.59 2.13 3,162.72 1,737.39 128.72 755.73 3,938.16 897.00 56.09 1,533.68 302.66 272.30 877.62 -127.76 68.17 867.39 927.58 216.11 4.02 5.35 881.04 1.68 -161.73 887.83 0.60
INT011 894.10 8.89 860.73 1,603.42 65.67 741.66 2,714.70 896.39 31.86 860.68 301.56 1,628.92 65.99 289.68 806.87 -212.18 40.87 863.91 833.50 246.01 3.83 -103.70 177.25 879.77 1.27 138.09 887.74 -37.63 0.83
INT012 744.00 -141.93 886.92 997.93 -1,967.75 740.76 883.46 896.28 142.23 91.56 809.95 238.45 252.93 -13.42 709.86 770.55 214.63 -9.99 13.77 834.74 0.22 -27.06 886.67 196.62 0.87
INT013 1,292.10 3,020.16 -1,025.97 767.52 901.27 900.05 237.17 784.45 966.87 22.38 208.74 -26.64 851.88 2,214.05 180.76 0.60 21.17 159.91 816.19 -196.78 183.66 866.01 299.35 0.50
INT014 1,155.41 62.45 6,061.27 97.31 767.29 1,020.78 912.86 886.64 209.89 3,969.92 23.32 88.19 -47.64 754.29 744.00 179.31 5.64 14.93 112.82 847.82 -204.36 192.34 866.29 255.35 -234.99
INT015 823.11 16.27 387.06 319.12 199.17 767.32 869.21 1,200.40 912.91 345.08 812.95 210.99 1,256.19 209.39 65.78 -88.92 924.32 290.42 3.63 9.71 861.13 2.34 233.65 870.72 237.07 -837.67
INT016 4,427.39 405.50 -2,593.07 745.24 872.74 1,328.31 298.90 948.98 254.45 785.82 75.38 -159.69 716.54 923.93 307.47 2.56 15.45 2.63 265.01 866.29 145.00
INT017 253.68 365.11 895.83 -660.67 788.52 889.45 1,181.13 150.99 316.37 6,291.43 2,762.59 272.11 160.80 -5.73 222.46 856.06 938.73 301.02 7.66 9.16 847.04 -18.08 261.18 144.98 206.48
INT018 64.77 387.30 180.84 783.05 875.08 929.89 312.36 812.13 299.96 1,422.49 63.38 306.94 256.31 49.37 240.60 881.14 940.18 28.49 2.27 2.70 -9.07 881.51 248.01 873.03
INT019 772.60 898.45 280.37 794.04 877.42 1,184.30 980.09 -582.62 786.76 216.14 1,395.54 12.37 238.50 177.35 939.99 45.70 -43.25 10.44 11.97 -15.85 892.61 245.03 838.04
INT020 744.00 847.16 263.32 -3,855.49 84.36 877.00 287.24 5,285.08 -1,637.83 864.87 197.49 2,495.28 -370.98 737.26 -3,774.22 938.38 284.25 -105.11 7.85 297.65 -31.03 918.73
INT021 5,046.71 0.00 -1,129.92 78.91 723.23 136.54 -118.73 155.14 200.00 1,008.72 1.25 198.05 -1,730.32 208.42 224.47 3,230.20 933.28 313.91 -20.59 28.11 54.46 -282.92 -63.56 160.41 273.77 283.47
INT022 296.55 1,288.58 0.00 315.33 0.00 20.93 726.17 285.49 877.24 302.59 1,590.93 -64.21 226.85 -46.45 -991.24 290.00 5,408.47 935.49 218.45 -71.80 17.35 193.91 104.02 -2,632.64 898.97 333.42
INT023 332.55 2,905.46 0.00 288.65 71.09 7.89 878.91 913.32 61.12 3,853.44 261.21 4,117.17 879.22 152.49 212.52 -509.45 830.23 2,789.96 936.65 207.40 -45.46 42.61 199.77 143.11 36.34 900.57
INT024 3,267.60 1,406.27 290.88 20.24 22.96 878.50 917.04 1,090.10 6,446.09 187.57 2,938.06 107.07 228.82 18.61 789.33 6,245.48 934.16 276.96 -760.69 4.84 330.17 -1,564.11 58.08
INT025 159.37 262.29 107.90 27.01 1,500.81 -442.32 0.29 1,631.93 137.46 -1,509.98 -4,769.89 -3,467.06 839.71 6,909.61 931.57 -58.74 -58.17 164.76 -2,346.49 215.49 210.56 -17.74 222.44
INT026 982.92 196.34 252.65 150.17 -61.59 941.96 1,076.06 897.10 869.73 -31.17 1,169.51 293.13 162.38 -1,100.63 -3,707.45 828.03 3,296.62 932.62 -3,072.31 -0.97 -3,185.51 185.75 -4,262.97 -2.07 187.84 43.57 -159.82 229.29
INT027 932.68 2,110.48 1,258.67 274.27 175.58 994.72 4,902.43 890.80 5,431.15 5.92 1,633.52 261.36 210.67 -920.34 -3,056.26 839.03 925.32 1,261.57 -2,030.69 -5.33 -2,674.19 -997.72 26.91 930.52 62.98
INT028 857.22 5,563.05 5,917.04 898.95 243.21 110.46 3,706.77 -58.11 6,772.15 1,041.97 6,882.01 1.08 1,441.29 2,770.63 47.77 116.33 837.39 925.32 3,144.72 -1,324.91 -35.51 -3,440.90 198.76 -11.68 12.35 227.21 1,491.24
INT029 -3,545.41 -3,583.97 -1,498.68 713.79 1,089.39 332.14 3,642.26 1,069.54 -605.33 844.17 -1,565.41 -1,142.17 97.88 948.71 934.51 -4,499.00 -1.64 -1,160.33 -5,089.83 -865.26 -515.53 768.14 1,134.81 1,066.42
INT030 1,045.32 1,154.29 170.05 742.82 2,693.80 1,101.75 1,584.53 3,454.67 755.11 898.13 -2,250.47 924.55 77.53 948.71 907.07 -2,515.80 -52.58 -906.04 -225.70 -71.46 767.11 1,108.57
INT031 1,096.87 1,071.71 2,132.92 230.02 2,151.72 1,340.17 1,094.90 6,937.05 14.19 1,058.22 1,274.15 87.67 965.70 948.62 900.00 -1,821.13 -34.03 -1,575.49 186.09 -2,465.54 6.45 775.62 1,096.68 -312.66
INT032 1,107.79 1,116.41 4,235.87 264.95 32.36 3,262.11 390.00 1,346.24 1,155.99 1,422.47 872.39 -1,719.46 3,819.38 3,593.28 -33.57 943.09 -3,031.02 942.17 -2,886.17 -2,895.59 -83.94 -2,375.61 324.25 11.73 -53.65 779.63 898.65
INT033 1,059.75 1,152.86 171.67 200.83 1,766.47 1,334.69 4,589.49 3,367.02 6,499.49 588.10 2,588.08 1,042.29 997.77 -2,943.82 925.63 3,001.43 -138.25 -124.96 -711.25 30.93 -282.05 760.00 289.30 823.71 3.66
INT034 4,937.58 903.53 89.93 817.74 1,515.07 1,223.91 1,461.98 4,155.95 5,077.28 588.10 3,310.90 1,113.55 273.93 1,046.70 292.19 925.42 854.16 -31.32 -88.00 -17.44 64.36 6.74 760.05 -137.69 751.43
INT035 990.49 2,328.91 898.39 339.55 -3,915.96 781.92 1,323.25 1,193.30 1,332.99 2,381.82 984.24 588.10 1,203.01 1,072.30 1,055.36 927.39 -317.74 -880.64 -239.79 175.91 -320.59 760.18 -2,377.61
INT036 391.07 3,366.54 866.45 -4,920.24 729.05 1,303.39 881.33 2,134.26 1,106.89 984.81 1,207.51 1,196.31 -1,867.76 889.93 927.36 -873.68 -1,057.69 -2,412.61 -1,342.37 -2,330.49 1,961.40 893.98
INT037 1,396.52 8,001.00 1,289.01 365.86 206.40 772.70 2,087.16 3,403.26 -2,041.64 3,351.22 862.97 935.94 515.66 1,165.57 1,697.10 338.75 895.84 5,078.98 858.41 754.70 -2,963.39 -4.69 229.35 6,141.83 623.49 919.73 355.12 3,568.96
INT038 988.78 2,730.94 1,098.01 400.00 -2,383.32 640.83 9,214.47 938.98 -3,036.06 1,137.12 800.00 946.59 515.66 1,172.13 1,394.78 -4,354.19 4,624.40 2,395.69 859.24 754.63 -54.79 -584.75 -154.06 123.68 794.52 623.48 -1,058.20 -1,494.98 7.58
INT039 1,067.86 1,087.96 149.38 -5,978.52 640.83 -2,682.44 -599.09 1,129.22 799.96 1,586.50 515.66 1,159.62 364.05 895.82 882.98 859.27 102.33 -89.19 -674.56 203.11 743.57 623.47 -1,242.36 -2,853.56
INT040 1,120.15 1,107.40 -5,253.89 640.83 -4,483.94 -4,216.40 1,136.06 1,818.06 3,118.68 194.70 1,170.02 282.61 882.29 859.38 -50.72 -15.33 -801.47 -27,216.69 -3,894.95 -3,136.79 720.47 623.22 -5,176.79
INT041 998.53 3,430.26 5,879.80 364.02 679.73 -203.64 -1,399.89 -1,051.64 4,338.74 1,036.87 835.71 758.85 999.51 961.55 718.12 6,061.14 2,991.65 720.41 455.16 5,495.13 1,744.85 181.39 0.72 621.45 658.33 31.11 7.20 3,047.97
INT042 169.26 877.62 862.13 -230.40 68.74 6,464.14 -2,338.05 -991.28 2,801.92 761.44 1,205.81 908.74 1,000.36 883.81 718.08 98.08 676.66 720.50 455.16 -121.74 927.23 38.75 0.20 621.45 640.51 -3,138.20 5.81 1.60
INT043 141.77 -3,762.62 838.45 -75.58 -313.98 4,899.05 -1,816.44 -2,951.65 992.47 4,775.28 700.00 279.02 -2,692.75 676.63 720.46 11.69 11.64 702.75 -593.45 0.20 619.45 464.73 -6,281.07 9.61
INT044 144.91 797.75 -687.11 -5,971.25 1,408.82 -6,541.41 1,075.70 757.89 2,064.17 123.87 791.26 799.19 676.61 720.44 -5,074.98 5.92 -3,286.01 0.00 -3,149.28 4.68 619.45 449.21 -12.79
INT045 2,536.87 -1,572.96 7,809.57 1,752.44 523.79 711.09 -150.99 -2,663.83 2,296.65 505.19 2,538.76 450.00 823.04 3,242.17 505.74 -994.99 746.00 1,476.39 -3,909.18 454.46 2.54 737.37 882.62 0.54 601.39 475.08 -72.76 -52.54 6.61
INT046 4,190.62 5,431.65 861.09 448.23 29.28 -345.49 -1,958.71 782.55 505.19 701.79 450.00 729.63 2,865.05 505.74 746.75 536.65 -226.52 13.94 724.66 77.76 0.26 496.28 -55.72 0.73
INT047 3,841.10 655.95 757.42 -3,097.83 448.05 80.87 -126.83 736.15 1,711.51 552.54 739.77 923.41 505.74 -3.48 746.14 1,759.53 -2,030.94 -627.76 712.21 50.44 0.80 25.53 560.81 -181.46
INT048 876.67 0.97 707.00 132.03 -4,290.03 490.14 194.13 -1,470.03 37.11 723.75 2,881.05 545.64 450.00 733.07 812.98 -3,574.70 -33.40 745.99 1,362.57 -712.50 -586.54 -2,070.21 7.28 -468.40 9.70 5.78 449.20 -151.03 -222.78
INT049 7,359.51 697.83 3,542.08 1,507.98 -3,276.01 523.51 757.11 -2,517.86 33.17 672.02 451.38 445.11 491.10 955.42 713.53 6.41 0.18 769.22 469.84 -2,527.68 826.00 800.53 708.52 450.96 465.47 4.00 450.00 5.46
INT050 6,732.74 688.09 1,448.15 42.65 -405.67 652.66 1,424.64 -2,272.27 3.12 633.87 451.38 445.06 460.07 955.57 910.28 1.54 1,082.55 477.14 -3,568.91 2.60 61.95 737.92 475.14 0.10 4,881.08
INT051 752.33 688.09 4,367.03 35.25 -765.89 768.43 732.70 -1,767.19 451.38 449.33 213.17 952.57 194.92 9.43 1,230.50 481.69 -361.96 -0.69 -33.42 21.07 0.83 489.31 1,953.01
INT052 828.06 688.09 711.42 -1,488.81 -3,425.13 2,187.18 725.14 451.38 2,624.39 450.00 700.00 359.10 6.92 1,007.12 468.69 -1,455.02 -1,478.79 -4,683.93 -5.16 855.83 0.00 558.80 450.00 7.44
INT053 795.16 1,441.64 640.68 -42,834.30 -2,337.08 671.47 -542.58 66.48 -428.26 -639.06 4,455.47 195.41 718.17 350.20 4.07 0.10 447.18 -2,382.05 -2,996.50 3.52 5.96 3,655.18 12.55 584.38 0.10 599.98
INT054 799.08 680.63 743.19 -5,273.94 210.86 525.44 529.92 2,348.90 105.92 728.14 849.53 -51.97 5,726.93 482.89 -1,794.77 -1,847.67 102.40 5,532.28 -9.19 560.24 510.52 -41.90
INT055 2,875.59 686.87 1,681.78 -3,215.47 450.00 167.45 525.44 530.27 2,926.89 711.92 720.33 6.72 2,346.10 272.89 -2,159.84 -35.86 -2.24 4,608.29 450.09 447.64 23.72
INT056 -2,621.85 677.63 1,164.76 -2,494.43 30.96 575.52 529.92 -93.15 566.33 30.21 879.42 700.00 5.36 56.16 -4,305.34 -2,159.84 -35.89 -1,081.15 742.74 450.09 447.25 -8.72
INT057 1,077.04 666.97 944.26 5.00 -3,171.90 53.18 196.38 535.91 459.35 543.20 86.76 848.95 829.30 -62.60 475.44 -2,051.43 450.00 -2,188.72 -2,324.41 -1,564.75 -2,432.20 6,125.29 645.66 579.64 110.49
INT058 4,176.60 666.02 452.99 -4,056.24 34.58 0.65 535.86 459.73 -92.15 833.56 -418.27 4,682.42 869.65 -70.54 -887.29 -2,197.74 -2,019.11 -571.47 -1,418.90 5,989.70 546.67 447.97 39.66
INT059 1,042.03 665.98 452.99 -4,838.55 0.84 -508.54 0.86 536.87 459.35 0.61 -2,677.56 885.81 264.11 -262.71 4.87 -2,156.98 -1,724.07 -807.86 -780.67 -1,142.78 733.91 450.09 528.19 -1,645.26
INT060 13,177.47 669.97 578.39 -582.33 -4,279.93 -1,023.49 18.20 536.87 459.35 652.56 -5,180.12 886.14 -1,732.42 -155.98 450.00 -1,602.43 -199.54 -60.13 713.40 450.09 640.06
INT061 11,885.11 672.33 719.80 -7.81 -2,996.05 -230.81 6,694.36 448.24 840.39 -4,075.83 -6,810.89 846.77 -24.13 450.00 -943.07 -1.66 -2,297.20 6,346.75 448.69 -381.22 -3,319.15 10.02
INT062 10,512.86 672.33 1,038.74 -10.00 -524.82 30.34 -1,304.71 449.10 726.63 -3,942.13 -3,133.49 1,383.75 364.13 -56.19 -2.93 450.00 -979.93 -0.33 134.99 -2,110.47 808.56 -415.01 -1,938.75 -8.62
INT063 -0.94 681.23 1,126.23 450.01 -2,176.38 32.21 144.50 701.64 2,247.91 -434.85 -1,101.33 840.95 -19.69 505.58 -1.56 -61.30 0.81 319.59 67.65 2,037.72 -4,928.58 -43.37
INT064 -1,366.42 672.33 1,552.65 450.01 -1,966.42 35.91 21.49 19.00 826.63 643.99 3,746.52 22.88 -15.16 842.77 0.48 0.00 450.00 1.95 -81.43 4.89 1.18 -48.54 1,016.82 450.00 12.68
INT065 19.01 456.97 -839.33 -131.50 459.05 101.63 -2,051.32 3,624.49 -65.43 -1,945.83 -2,380.68 182.33 0.41 -924.18 4.02 9.21 482.29 181.76 -431.50
INT066 734.55 310.72 457.44 -9.30 30.66 74.79 459.05 -54.38 175.62 -274.26 1,202.51 55.20 67.79 0.28 -6,524.39 1.00 13.99 -1.21 461.86 71.22 13.07 -6.13
INT067 5,332.23 202.15 2,385.81 -8.13 -32.43 168.56 74.09 515.20 1,083.86 450.00 -143.36 876.64 48.28 0.89 1,952.84 669.97 450.00 2.42 -4,325.70 -49.15 11.98 -445.59 1,425.91 22.35 14.09
INT068 3,288.84 951.67 49.96 1,230.34 -13.67 -57.05 147.08 5.19 743.65 5,917.09 1,724.89 450.00 -143.31 895.99 -52.64 0.30 5,533.19 670.81 2,681.37 0.20 741.98 0.36 2.36 -14.99 877.62 4,512.21 4.20 -219.16 3,635.15
INT069 880.75 871.84 -3,126.10 -8.29 2.91 51.66 71.00 -3,495.26 14.85 -1,325.57 875.18 843.71 -4.01 -15.01 -234.76 740.73 -482.06 -595.55 -5,386.57 452.55 33.04 -2,375.01 -6,108.15
INT070 747.88 2,753.76 50.63 -18.90 -186.52 333.40 5,082.75 1,216.32 -1,429.51 881.97 -134.90 1,293.30 843.53 451.00 4.11 -110.50 817.60 -717.06 -419.76 -4,454.10 450.77 763.11 -12.17
INT071 744.00 2,288.54 835.66 2.64 -948.27 -5,159.35 6,028.87 4,816.76 3.48 875.16 -119.27 1.39 1,642.58 847.21 562.49 -462.07 771.12 0.36 -601.48 -1,446.58 1,191.24 3,768.49 -3,215.86
INT072 891.22 3,753.64 937.33 802.87 -401.09 190.00 6,794.76 4,545.51 -25.44 2,402.54 -630.90 0.52 4,535.83 857.51 3,034.63 9,878.50 875.98 0.30 -426.60 1,023.69 6,363.92 -30.74
INT073 -3,621.31 990.10 889.41 -7,502.64 -468.74 -35.35 -1,530.83 -5,653.30 -6,917.69 -3,753.81 -6,543.83 -3,420.93 936.94 -586.38 -1,418.18 1,034.79 -20.99 -531.84 -5,781.82 -316.56 -100.95 3,693.05 -1,077.81 -2,618.73 -6,374.53
INT074 968.57 3,323.66 1,534.25 -3,053.92 675.40 -4,482.47 -6,823.01 904.55 -2,374.99 957.36 -335.43 -326.21 3,688.22 797.13 -21.63 -416.60 1,140.07 -235.33 -717.95 6.04 3,341.43 48.03 -705.89 -581.98
INT075 1,598.77 4,104.00 4,359.55 -2,691.51 3,143.22 5,301.66 1,597.33 -2,737.62 866.14 5,441.63 1,379.45 5.33 923.66 -34.24 954.62 1,529.80 798.17 -5.91 80.68 0.45 248.67 -338.34 733.26 867.31 -614.40 -278.37
INT076 6,898.03 7,428.15 3,542.33 -62.65 2,263.15 2,016.31 989.98 1,042.55 4,162.87 4,755.02 5,361.56 -71.35 1,009.75 -10.68 953.12 915.27 4,335.93 1,536.23 1,951.60 -339.84 786.00 614.74 916.83 807.93
INT077 1,222.14 1,006.33 892.87 -481.50 879.03 -4,422.16 922.82 889.00 -4,418.54 -6,890.50 -2,762.70 1,079.19 -1,224.66 25.94 -4,594.73 2,073.81 -408.47 -3,935.11 -4,499.00 -250.34 -3,433.30 2,288.88 -828.03 -262.13 -4,445.36
INT078 1,107.81 1,034.01 1,156.35 13.97 47.09 -3,449.91 1,624.00 1,022.25 -2,397.55 -3,334.70 -996.79 -375.66 -16.79 127.71 947.98 1,842.23 -510.97 32.72 -1,355.26 305.60 1,059.71 12.98 84.23 995.38 -247.34 32.54
INT079 1,921.78 5,698.30 1,105.28 -40.34 109.19 212.73 5,854.21 1,441.04 1,793.01 1,222.96 -1,060.95 -1,973.83 1,325.17 -47.57 -124.70 376.01 965.87 4,541.68 -1,074.82 263.40 0.65 195.38 1,076.81 0.60 204.05 987.02 43.08
INT080 6,396.64 8,001.00 1,146.50 801.37 1,144.05 8,001.00 1,411.47 1,478.56 4,061.01 1,192.21 15.66 1,412.34 4.26 -106.64 377.90 991.00 6,924.78 -2,083.78 212.13 -3.87 4,555.65 160.98 231.18 173.67 3,277.03 973.39 28.92
INT081 3,046.13 2,890.29 1,072.26 38.17 49.52 1,829.83 1,334.69 1,131.42 121.96 41.31 -3,254.52 -139.32 -3,817.81 -2,899.56 -4,275.04 2,365.52 -6,365.50 -4,003.88 -185.54 -3,196.26 984.52 105.30 10.45 33.76 128.45 -3,581.22 -2,930.01
INT082 1,753.80 4,146.94 310.20 221.48 1,561.75 1,362.48 1,983.04 1,272.34 119.86 -1,976.57 201.18 -1,009.78 -477.89 5,696.28 -263.86 -3,435.97 6.10 279.47 1,005.62 194.43 7.38 241.29 -5,466.83 -2,601.62 -2,957.60
INT083 1,067.77 6,536.31 284.98 1,588.39 1,757.45 1,927.86 6,566.64 115.49 1,026.92 -89.49 8.04 -31.44 7,001.00 -8.63 -143.54 117.01 1,144.61 291.43 -186.58 1,277.31 363.06 -218.03
INT084 1,283.17 1,553.62 953.65 -286.88 212.11 1,727.21 2,950.99 1,632.11 204.11 1,422.97 -1,273.74 227.99 282.82 36.24 -142.94 1,026.74 7,001.00 4.71 -594.20 276.28 1,208.98 34.72 -997.34 1,590.04 1,202.89 1,128.46 2.74
INT085 2,291.17 1,109.51 7,370.88 1,248.10 1,076.14 267.83 1,556.41 4,378.03 2,110.62 2,989.16 219.99 5,906.22 -209.17 246.43 33.65 56.43 4,373.85 -2,584.05 -1,665.05 -200.37 338.73 1,076.39 249.05 -307.04 1,371.69 977.33 -2,693.27
INT086 381.08 5,563.44 978.94 197.87 1,404.44 1,344.57 1,875.74 1,341.04 247.99 3,796.15 10.37 130.96 7.64 2,093.90 -196.69 -324.18 285.11 1,129.08 228.22 -158.47 898.30 1,117.21 -110.62
INT087 220.70 2,048.21 1,114.26 85.78 1,505.01 1,304.49 -392.50 2,629.99 -1,647.59 276.83 355.69 7.04 900.00 1,309.15 -3.24 10.31 2.90 778.26 313.67 178.09 48.07 1,225.14 25.38
INT088 -3,564.46 -3,222.86 880.61 157.35 1,048.84 126.97 -4,192.87 -29.56 1,865.03 -4,013.80 1,363.86 -4,028.51 221.24 280.94 3.86 69.52 900.00 1,466.05 291.45 6.23 17.59 2.76 736.05 152.41 -697.18 110.19 284.24 -2,676.62
INT089 3,006.18 2,428.46 1,046.23 6,714.30 3,719.05 1,123.88 6,257.10 1,877.71 1,150.60 6,540.48 983.29 5,811.59 1,011.38 1,122.57 -137.83 1,104.43 4,828.36 1,964.15 924.18 920.49 1,277.36 1,095.00 5,813.83
INT090 -3,114.02 980.82 1,134.96 -2,053.23 1,021.68 1,166.11 -3,603.93 4,218.32 2,943.15 77.86 1,191.49 -99.63 -2,793.68 -102.45 5,645.63 900.00 1,123.31 390.00 -137.67 285.85 865.41 29.23 871.55 719.07 892.27 230.52 4,510.35
INT091 -3,380.13 896.79 -853.51 3,858.90 -256.04 -2,474.33 7.64 -155.45 1,315.00 5.74 -3,310.21 301.41 -1,643.40 968.72 1,294.67 1,212.04 348.01 -141.19 55.59 -445.04 815.15 -3,073.99 725.11 13.76 -130.16 -1,112.77
INT092 -2,589.37 -3,379.18 953.12 -816.81 -4,389.15 -3,990.98 -3,323.45 8,448.57 -1,193.86 -4,118.64 -5,159.92 -5,113.03 715.39 4,778.95 1,256.13 194.65 -1,792.63 69.37 -2,591.67 -2,538.10 -4,117.66 729.97 -3,267.65 -2,995.93 790.00
INT093 -528.68 5,397.20 2,051.29 3,380.23 872.15 -587.68 1,159.51 5,816.70 5,870.49 2,012.37 -241.14 -1,873.67 -1,192.75 937.34 5,964.85 2,085.19 -335.78 1,293.26 959.56 -1,037.96 1,097.98 861.15 -611.37
INT094 3.89 1,217.22 936.41 76.34 848.58 803.97 -478.89 -1,221.49 985.31 2,087.90 1,235.45 -3,706.65 223.23 -591.38 937.38 950.91 1,256.63 -42.72 1,035.85 153.88 889.63 168.48 4,549.59 741.01 22.49 361.87
INT095 16.39 4,880.10 817.99 208.98 940.36 865.10 204.47 -22.42 -847.92 935.89 1,072.36 1,100.22 2,760.51 -1,089.83 134.49 -136.68 934.43 881.55 -13.72 86.52 160.64 838.53 842.73 33.19 -148.33 -9.51
INT096 -247.49 3,692.20 928.13 234.97 723.43 9.39 -588.13 897.93 4,081.93 949.92 -5,319.91 -5,720.08 886.99 -18.24 -2,400.38 -655.37 851.03 -727.74 7.07 258.91 725.37 -46.86 -1,608.18
Pret Final Unic din luna Aprilie 2025
1/1