PDF PAGE 1
Data: 29.07.2025
lei/MWh
Interval/Data 01.06.2025 02.06.2025 03.06.2025 04.06.2025 05.06.2025 06.06.2025 07.06.2025 08.06.2025 09.06.2025 10.06.2025 11.06.2025 12.06.2025 13.06.2025 14.06.2025 15.06.2025 16.06.2025 17.06.2025 18.06.2025 19.06.2025 20.06.2025 21.06.2025 22.06.2025 23.06.2025 24.06.2025 25.06.2025 26.06.2025 27.06.2025 28.06.2025 29.06.2025 30.06.2025
INT001 1,050.03 693.90
INT002 388.14 869.08 330.28 253.60 1,020.28 699.09
INT003 204.30 650.00 650.00 1,318.12 -476.07 1,244.33
INT004 154.18 150.79 56.99 312.48 187.91 699.00 794.42 0.00 -101.93 1,352.53 970.15
INT005 228.29 937.31 141.16 699.63 699.00
INT006 924.26 849.26 694.78 650.00 186.95 698.95 311.87
INT007 39.64 302.27 106.29 650.00 699.00 455.49 380.42 1,217.01
INT008 85.33 650.00 988.72 170.87 652.44 330.58 235.99 5.84 661.81 0.00
INT009 882.05 403.13 687.09 568.33 698.97
INT010 77.08 764.56 691.08 -126.73 379.88 699.00 753.27 143.79 167.27
INT011 650.00 650.00 874.57 995.95 664.99
INT012 901.29 223.86 698.89 223.27 699.00
INT013 449.05 650.00 507.06 92.30
INT014 650.00 842.27 162.83 381.32
INT015 398.06 676.36 771.41
INT016 851.03 220.21 162.24 638.47 52.67 699.49
INT017 679.76 868.60 698.56 698.85
INT018 151.21 721.86 274.46
INT019 664.02 283.50 59.45
INT020 304.73 232.88 699.00 698.96 686.30
INT021 419.99 303.38 262.22 692.99 157.71
INT022 839.95 464.61 885.47 77.20
INT023 99.96 833.97 626.82 239.51 107.02 699.00
INT024 140.16 30.25 687.27 97.27 289.76
INT025 816.47 1,126.44 216.64 699.77
INT026 93.86 233.58 767.97 288.07 335.51 707.36
INT027 34.06 226.97 294.83
INT028 448.40 409.82 699.00
INT029 77.87 158.37 218.87 295.37 206.01 279.37 505.88 1,689.20 736.44
INT030 156.18 325.05 699.09
INT031 405.32 355.79 264.25 357.69
INT032 432.15 161.37 271.84 694.88 105.26
INT033 248.12
INT034 69.15 226.54 729.16 772.56
INT035 696.98 -9,011.68 571.37
INT036 0.00 106.29 1,134.77
INT037 100.51 428.71 -538.33 699.43 -435.36 -101.04
INT038 582.84 133.17 -1,208.91 481.44 -1,415.40
INT039 0.00 75.80 -332.96
INT040 0.00 -1,757.86
INT041 524.00
INT042 563.76 195.45
INT043 2.86 47.01
INT044 446.10 0.00 121.34
INT045
INT046
INT047 -273.13 522.83
INT048 10.87 96.67 639.05
INT049 922.50
INT050
INT051
INT052 29.93
INT053
INT054 890.02
INT055 174.36
INT056 696.75 102.92
INT057
INT058 -266.75
INT059 96.25 136.04
INT060 143.49 133.02
INT061 55.71 1,003.84
INT062 484.86
INT063 196.93
INT064 322.70
INT065 -422.63
INT066 450.00 -81.22 1,072.44 3,773.63 704.05
INT067 165.24 55.42 1,338.02 580.42
INT068 3,120.64 100.50 202.62
INT069 -527.71 -270.35
INT070 -151.65 546.00 203.30
INT071 562.62 462.39 546.00 503.23
INT072 589.45 3,928.79 414.04
INT073 562.57 253.74 118.29 -400.41 28.47
INT074
INT075 355.08 628.42 432.50 423.60 383.90
INT076 24.33 313.14 911.72 332.78 619.60
INT077 201.18 158.31 350.44 513.68 -174.29 311.94
INT078 359.57 553.24 650.00 379.83 569.69 378.06 445.92 417.80
INT079 423.74 403.97 2,860.19 5,097.78 440.14
INT080 275.23 358.42 385.14 791.22 6,009.26 397.55
INT081 350.89 523.25 870.73 181.75 541.63
INT082 746.01 656.43 862.66 322.55
INT083 371.34 700.00 5,757.90 1,350.94 586.75 327.54 424.89
INT084 -8.05 700.00 1,682.45 841.99 941.08
INT085 280.38 1,639.26 330.70 856.96 369.42 1,087.43
INT086 689.71 364.79 364.78 700.00 700.00 1,154.59
INT087 387.36 734.04 409.59 1,217.90 741.73
INT088 449.54 835.50 860.21 699.06
INT089 700.00
INT090 897.43 -1,103.16 1,367.89 1,111.11 372.11
INT091 -175.47 100.48 674.92 45.80 698.67 1,558.37 870.67 289.24
INT092 499.94 1,737.01
INT093 -448.17 659.30
INT094 602.93 336.74 796.05 699.43
INT095 650.00 1,568.34 680.30 596.47
INT096 13.75 674.78 167.28 699.00 699.00 42.10 1,380.04 152.41 625.00 700.00
Pret final de deficit din luna Iunie 2025
1/1