PDF PAGE 1
Data: 25.02.2026
lei/MWh
Interval/Data 01.01.2026 02.01.2026 03.01.2026 04.01.2026 05.01.2026 06.01.2026 07.01.2026 08.01.2026 09.01.2026 10.01.2026 11.01.2026 12.01.2026 13.01.2026 14.01.2026 15.01.2026 16.01.2026 17.01.2026 18.01.2026 19.01.2026 20.01.2026 21.01.2026 22.01.2026 23.01.2026 24.01.2026 25.01.2026 26.01.2026 27.01.2026 28.01.2026 29.01.2026 30.01.2026 31.01.2026
INT001 1,012.65 800.00 1,092.77 -916.52 922.16 991.51 909.05
INT002 874.53 777.03 342.92 327.13 665.00 403.27 956.48 700.00 301.75 700.00
INT003 552.26 784.35 752.21 796.42 528.10 863.59 700.00 145.77 700.00
INT004 593.33 871.53 700.00 574.32 320.77 252.39 286.90 413.64 793.02
INT005 36.91 978.56 753.30 833.59 -1,553.80 799.52 1,052.73
INT006 667.00 842.95 763.47 631.00 16,787.54 130.99 1,010.84
INT007 669.52 779.79 130.33 914.70 8,012.10
INT008 550.00 667.00 489.23 700.00 898.59 -304.72 150.12
INT009 784.80 551.00 433.68
INT010 642.06 771.06 412.37 999.00 400.53
INT011 1,036.94 171.85 900.00 808.98 287.18 987.80
INT012 784.65 178.46 631.00 898.69 900.00 795.77 954.17 1,071.86 887.27
INT013 743.51 700.00 916.84 778.46 308.09 569.00 987.44 166.17
INT014 127.45 120.09
INT015 519.86 784.48 990.65 143.51 251.92
INT016 1,069.93 1,002.67 1,066.25 279.54 988.53 267.93
INT017 103.33 773.81 778.91 1,045.07 938.25 292.38 116.02
INT018 60.54 318.30 301.78 25.43 467.97
INT019 130.22 288.72 371.49 700.00 288.80 121.63
INT020 318.51 730.30 351.12 720.69 700.00
INT021 636.00 787.62 721.05 492.68 317.14
INT022 636.00 776.62 -57.12 269.42 134.73
INT023 731.74 631.79 770.77 411.76 178.12
INT024 618.20 257.07 762.84 794.73 -135.60
INT025 763.43 604.00 -164.19 766.11 402.12 228.25 148.70 794.56 344.80
INT026 291.80 754.58 245.36 808.51 157.76 625.89 302.82 700.00
INT027 765.35 86.41 2,100.05 1,062.87 975.81
INT028 853.58 206.96 641.96 560.47 861.24 992.82 928.06 1,243.55
INT029 752.10 1,548.55 23.84 935.17 296.84 994.50 958.31 93.12 497.51
INT030 331.82 993.31 1,391.35 671.20
INT031 916.84 303.09 768.66 421.37 1,577.24 258.67
INT032 881.86 700.00 298.86 710.72 2,677.50
INT033 782.69 872.87 700.00 208.76 834.78 3,544.60 161.29 358.16 124.21
INT034 121.60 282.69 421.78 95.11 198.61
INT035 260.50 2,120.66 339.03 498.46 102.57 -31.42
INT036 776.11 50.30 231.30
INT037 67.90 128.11 1,323.27 958.05 246.40 146.03 441.13
INT038 235.43 701.25 1,880.76 4.95 20.55
INT039 665.36 214.06 290.22
INT040 952.91 816.30 220.03 186.90 90.20
INT041 488.25 786.00
INT042 776.58 747.12 996.88 1,042.37
INT043 832.26 784.98 997.00 950.11
INT044 777.74 771.03 758.10 997.00 113.98
INT045 782.09 3,457.04
INT046 920.74 2,208.51
INT047 580.02 665.00 1,142.82 -69.39 2,132.24
INT048 580.03 702.57 570.69 631.00
INT049 631.00 267.96
INT050 371.39
INT051
INT052 917.42
INT053 610.68
INT054 177.11
INT055 227.86
INT056 186.03 448.98
INT057 611.41 153.31 940.48 1,404.94 341.16
INT058 54.15 333.77 754.14 356.51 171.36 940.48 429.34 1,076.06 569.64
INT059 19.46 735.45 137.83 -1,724.76 1,151.51 326.19 2,009.45 207.47
INT060 153.21 156.33 189.55 330.28 410.95 146.10 132.81
INT061 187.97 234.59 634.57 631.00 115.57
INT062 416.51 437.37 224.24 540.00 4.01 3,892.76 1,841.49 1,479.19 102.49 204.69
INT063 924.28 5,783.60 291.53 229.61 1,820.83 1,162.55 1,780.86 140.13 549.58 125.73
INT064 395.74 763.41 108.42 2,568.43 1,779.84 178.08 1,168.88 300.57
INT065 705.48 815.83 768.00 265.67 1,439.49 3,530.97 1,384.98 81.40 139.74
INT066 1,066.73 704.40 772.06 2,676.31 601.39 1,469.97 527.71 161.18 1,766.43 630.91
INT067 787.85 300.49 1,385.11 931.99 558.58 5,587.68
INT068 1,214.80 668.00 784.80 433.75 847.62 368.94 1,197.40 579.33
INT069 599.98 920.17 1,191.07 348.92 780.47 1,226.23 728.82 237.94 1,598.67 2,806.79 -112.75 233.24
INT070 729.75 631.00 747.29 1,193.99 388.84 792.55 371.15 1,115.99 298.41
INT071 655.70 1,005.62 743.95 1,194.06 208.48 360.71 400.02
INT072 631.00 770.36 784.89 260.49 1,354.57 1,862.70 831.55 292.34
INT073 599.47 340.69 1,180.92 1,253.65 1,164.60 2,314.42 886.31 297.10
INT074 599.00 783.81 333.73 373.82 1,225.30 2,386.69 939.08 1,406.49
INT075 198.93 784.87 714.43 1,304.00 807.38 1,760.55 1,554.31 1,095.37 1,476.74 132.88
INT076 789.17 758.92 309.32 297.70 1,369.81 344.17 1,986.93 1,602.16 1,095.66 237.21 1,293.29
INT077 569.54 350.05 923.63 1,069.99 1,808.86 1,465.51 308.63 1,329.03
INT078 700.00 772.34 783.23 378.97 329.07 296.60 1,718.46 1,552.73 1,395.81 1,500.75
INT079 1,061.71 760.66 783.59 -22.60 325.95 269.17 1,122.21 144.05 1,722.20 1,476.85
INT080 1,200.95 783.13 367.28 254.78 113.98 798.69 1,172.97 700.00 1,736.64 1,082.64
INT081 1,219.72 783.50 1,274.18 1,043.58 1,151.29 1,412.67 328.71 1,010.03
INT082 1,017.95 251.49 332.93 2,693.40 999.00 1,203.62 49.11 351.45 700.00 1,339.92
INT083 1,002.95 3,914.64 -567.85 48.59 700.00 1,019.95
INT084 172.31 736.76 327.36 1,198.62 309.62 700.00 981.62 1,616.62 977.59
INT085 209.70 791.97 2,784.82 308.15 766.00 372.43 470.43 299.38 991.53 934.63 38.17 192.85 1,028.16
INT086 4,628.57 747.30 3,466.01 786.29 236.59 410.32 394.32 700.00 1,057.89 986.02
INT087 697.30 1,031.33 700.00 201.83 301.34 754.29 372.35 700.00 127.35 2,021.67 568.55
INT088 339.14 171.61 202.25 751.54 793.27 360.60 1,902.44 311.05 1,099.41 213.88 136.36 99.90 1,194.86 275.19
INT089 4,919.80 714.40 999.71 351.76 192.28 181.70 322.74 998.01
INT090 700.00 700.00 1,115.93 1,006.39 340.87 906.17 934.14
INT091 409.66 2,435.32 787.13 337.99 441.03 153.61 700.00 283.36 336.97 700.00 906.29
INT092 1,103.24 1,119.00 799.04 48.21 160.35 700.00 796.09 201.26 1,876.63 54.04 -160.12
INT093 1,058.98 733.34 382.09 -23.77 705.17 700.00 780.95 53.14 1,107.94
INT094 697.14 319.97 753.93 1,157.68 387.91 947.65 949.39
INT095 715.67 1.78 167.52 1,280.25 796.72 789.67 440.47 665.00 451.15 959.85
INT096 783.95 124.77 709.86 207.15 665.00 1,320.40 978.67
Pret final de deficit din luna Ianuarie 2026
1/1