PDF PAGE 1
Data: 29.05.2025
lei/MWh
Interval/Data 01.04.2025 02.04.2025 03.04.2025 04.04.2025 05.04.2025 06.04.2025 07.04.2025 08.04.2025 09.04.2025 10.04.2025 11.04.2025 12.04.2025 13.04.2025 14.04.2025 15.04.2025 16.04.2025 17.04.2025 18.04.2025 19.04.2025 20.04.2025 21.04.2025 22.04.2025 23.04.2025 24.04.2025 25.04.2025 26.04.2025 27.04.2025 28.04.2025 29.04.2025 30.04.2025
INT001 1,113.78 -3,754.30 179.53 204.39 2,118.32 704.50 124.80 758.91 5.41
INT002 -4,499.00 822.60 226.88
INT003 991.62 1,021.67 547.42
INT004 849.72 136.96 76.90
INT005 1,186.34 -903.73 138.26 79.82 788.99 700.92 529.58 278.73
INT006 710.12 69.00 1,018.35 400.00
INT007 171.72 219.40 242.17
INT008 50.98 335.15 209.12 25.19 96.03 190.20 774.57 859.73
INT009 1,029.65 0.00 382.16 843.21
INT010 1,117.56 848.29 390.00 262.29 821.69
INT011 740.47
INT012 400.00 1.00 808.39 38.04 95.99
INT013 2.53 0.00 190.00 201.01 383.35 877.80
INT014 370.67 390.00 751.41 390.00 880.73
INT015 774.17 390.00 192.46 237.34
INT016 396.35 374.93 285.78 113.80 390.00 24.82 199.45 823.19 -432.94
INT017 0.00 298.49 347.47 759.46 0.00
INT018 970.05 0.00 -1,092.80 214.41 0.00 744.18
INT019 853.83 -1.64 40.14 390.00 794.82 204.24 400.00
INT020 765.14 826.07 0.00 906.46 931.97 -784.60 400.00 846.47
INT021 1,384.30 386.52 1,053.19 108.27
INT022 284.47 790.45 769.12 392.86
INT023 381.22 -23.84 400.00 0.00
INT024 1,195.67 792.01 368.88 -130.01 390.00 0.00 345.88
INT025 1,137.88 0.00 206.44 926.80 201.63 390.00 96.55 -469.95
INT026 1,041.56 926.05
INT027 207.35 861.47 196.53 755.22 130.76
INT028 627.57 219.51 0.63
INT029 74.21 -2,295.37 1,300.24 753.82 96.96 -1,932.58
INT030 1,060.56 363.30 880.31 0.00 851.85 72.24 46.82 0.95
INT031 0.00 784.66 987.93 0.21 71.77 -99.45
INT032 365.62 390.00 -221.39 3.31
INT033 854.81 220.49 267.94 51.66 0.10
INT034 400.00 375.64 -158.32 -165.10 -1,874.26
INT035 -6,191.65 -1,695.52 89.18 11.49 -271.21 -3,655.74 -3,445.25
INT036 -49.13 -5,202.70 582.67 803.15 -357.82 -4,460.14 -6,067.92 -3,532.51
INT037 1.00 7.00
INT038 6.18
INT039 228.12 -1,508.57 -5,273.08 -192.51 -1,433.11
INT040 -15.16 56.78 -5,978.51 220.67 -5,439.60 -2,663.31 -2,367.38
INT041 119.18 0.57
INT042 -332.20 -36.91
INT043 -5,109.96 389.10 9.98 -3,682.03 -348.24 -1,479.89
INT044 -4,493.90 -3,096.23 -7,791.32 -6,570.17 -4,500.00 -6,815.32 -2,926.02
INT045 -1,319.29
INT046 -2,815.99 12.56 -132.43 0.90 205.65 -51.13
INT047 -1,128.88 -674.43 221.92 -297.34 -489.34 -0.05
INT048 -304.45
INT049 0.80 -259.67
INT050 2.39 0.29 3.90 471.23
INT051 94.44 -284.93 -11.83 -254.05 48.21 2.17 2.74
INT052 67.45 -300.03 -3,781.20 0.56 -237.68 1.92
INT053 15.85 239.35 -3,520.64 3.39
INT054 -459.72 6.19 -9.43 -4,182.63 390.00 5.45 -4,502.73 0.89
INT055 0.03 -8.69 -4,901.91 356.67 66.24 1.83 -2,794.15 6.94 16.03
INT056 0.10 543.88 -718.46 476.78 -729.21 -3,598.88 0.10 4.83
INT057 15.75 -1,962.23 -475.59 4.99 8.39
INT058 -6.09 -1,372.67 -1,820.80 124.99 -1,576.80 11.42 1.60
INT059 -425.14 514.34 -381.64 229.31 -140.14 1.30
INT060 -4,226.44 190.92 0.22 -4,196.43 -239.47 -285.96 -556.10 -3,342.88 0.65
INT061 -17.42 15.65 -359.16 -868.36 -5,461.55 -308.80 5.21 4.43
INT062 0.46 6.24 8.92 3.99 0.00 0.38
INT063 13.06 19.90 0.00 1.73 3.14 1.04 180.48 0.30
INT064 0.00 2.68 3.31 -87.51 -2.10
INT065 -736.05 -174.86 -185.99 -236.93 -7,293.12 102.54 6.96 -160.00 -276.39 -2,076.18 -2,790.81
INT066 145.99 9.34 -528.43 6.17 368.75 13.06 -4,499.00
INT067 50.08 0.20 1.02 399.00 -1,286.70
INT068 1.19
INT069 -7,625.02 -2,899.54 -2,041.67 -6,071.70 607.31 -830.02 -5,927.13
INT070 -1,371.17 -3,597.37 -2,560.38 -344.37 9.37 -7,001.00 -4,152.23
INT071 236.32 0.00 -1,660.90 230.71 0.85 0.68 -2,334.10
INT072 405.45 169.28 -105.37 3.21 989.53 0.50 0.10 0.30
INT073 -788.20 -5,551.26 -4.42 0.73 3.43
INT074 3.61 2.47 6.18 -2,659.18 -3,374.43 9.33
INT075 3.35 0.70 -2,745.94 554.35
INT076 0.30 1,613.90 394.32 196.21 -1,212.75 3.56
INT077 215.05 -2,493.24 390.00 147.96 -1,273.04
INT078 145.59 251.68 1,164.09 -57.35
INT079 400.00 399.00 0.30
INT080 971.42 -367.53 363.74
INT081 75.22 1,114.90 204.99
INT082 1,146.83 947.57 988.64 380.33 394.86
INT083 961.70 1,066.64 305.79 370.22 388.77 978.11 3.18 390.00
INT084 930.68 1,129.96 1,041.15
INT085 0.00 -213.00 804.77
INT086 394.61 370.47 951.08 1,085.55 857.48 856.94 793.10
INT087 222.32 210.46 266.82 1,332.88 203.40 125.52 377.02
INT088 425.11 959.53
INT089 -1,682.24 219.91 2.57 0.00 0.72 0.00 390.00
INT090 102.69 373.74 1.68
INT091 1,163.90 -2,655.46 -4,643.55 734.41
INT092 30.64 66.63 -2,012.64 -4,499.00 -1,485.68
INT093 131.17 -1,131.46 -1,497.22 957.19 891.03 -250.59 864.48
INT094 184.11 -815.30 798.81 92.40
INT095 -2,159.24 180.19 857.62 709.41
INT096 -1,989.68 105.00 973.02 -614.18 -1,242.37 906.36 -10.11
Pret final de excedent din luna Aprilie 2025
1/1