PDF PAGE 1
Data: 18.05.2026
lei/MWh
Interval/Data 01.03.2026 02.03.2026 03.03.2026 04.03.2026 05.03.2026 06.03.2026 07.03.2026 08.03.2026 09.03.2026 10.03.2026 11.03.2026 12.03.2026 13.03.2026 14.03.2026 15.03.2026 16.03.2026 17.03.2026 18.03.2026 19.03.2026 20.03.2026 21.03.2026 22.03.2026 23.03.2026 24.03.2026 25.03.2026 26.03.2026 27.03.2026 28.03.2026 29.03.2026 30.03.2026 31.03.2026
INT001 324.29 177.37 700.00 317.03 431.87
INT002 226.28 262.84 297.13 423.33 75.99 65.26 141.81
INT003 139.86 70.52 1,074.63 159.04
INT004 364.01 956.48 150.82 168.55 1,074.63 22.45 9.45 1,035.05 254.30
INT005 904.00 210.85 321.67 774.48 1,043.18 194.77 122.84 172.74 770.34 395.27
INT006 119.69 422.57 775.64 782.77 167.49 137.65 486.54
INT007 120.61 315.86 861.94 120.07 146.42
INT008 599.00 287.86 773.05 90.41 75.07 177.38
INT009 411.48 828.28 144.55 139.14 175.91 295.71 759.09 312.92 206.94 257.01
INT010 77.57 195.30 232.41
INT011 700.00 145.25 288.47 338.23 387.60 320.56
INT012 232.89 145.81 182.37 246.27 130.42
INT013 599.00 309.46 766.23 758.37 142.56 1,275.52 259.82 156.67
INT014 242.54 884.02 144.46 135.55 123.83 713.37 163.78
INT015 768.32 135.74 131.82 721.52 775.38 275.05 1,366.49 171.76
INT016 599.00 314.76 285.32 298.44 766.24 89.77 557.14 365.11 110.63
INT017 599.00 275.88 357.15 333.61 439.55 146.28 760.81 161.54 880.24 353.67
INT018 139.35 454.87 1,096.53 766.16 117.53 134.75 268.03 132.63 739.67 107.02 1,063.67 123.25 125.81
INT019 155.84 768.84 697.30 134.47 139.52 155.08 691.96 700.00 752.52 965.26
INT020 664.25 766.02 143.99 747.49 675.00 418.74 130.08 758.22 576.48 770.55 75.42
INT021 682.96 109.01 154.30 700.00 525.59 1,463.11 774.46 146.51 407.12
INT022 426.40 119.88 949.00 1,472.83 700.00
INT023 835.40 1,548.20 771.19 704.70
INT024 709.46 864.27 163.62 1,925.67 1,075.61 772.13 708.04
INT025 771.00 1,217.81 1,876.47 2,263.65 1,099.30 278.26 210.99 88.23 39.97
INT026 742.56 335.58 710.15 354.24 95.82 699.59 292.62
INT027 150.36 67.83 284.93 145.08 504.21
INT028 178.73 700.00 165.49 227.01 41.96 614.30
INT029 960.79 390.36 773.63 131.84 709.16 291.09 342.58
INT030 755.54 776.33 358.27 86.03 174.61
INT031 211.47 734.30 130.11 81.67 361.20 662.75 666.31
INT032 11.15 -67.48
INT033 214.13 0.00 774.12 -379.77 442.46 1,284.44 85.66 2,697.91
INT034 274.72 -774.53 493.87 -76.23 271.39 2,350.89
INT035 161.10 285.62 -65.50 444.91 231.64
INT036 871.83 335.14 67.68
INT037 528.93 283.23 705.13 418.53 0.00 817.90 201.11 1,880.52 291.98 -39.81
INT038 469.39 1,002.73 640.48 611.39 556.15 1,196.00 341.98
INT039 907.47 780.61 685.02 809.92 34.73 18.76 464.43 69.33 339.86
INT040 1,624.73 626.58 1,865.16 928.90 -89.61 583.41 328.57
INT041 1,424.76 431.55 762.85 462.15 380.38 679.39 868.93
INT042 421.84 455.42 531.48 304.12 410.73 491.86 412.42 1,828.10 132.88 424.41
INT043 359.47 295.14 503.40 1,390.50 76.80 242.46 1,284.34 1,420.79 341.18 961.49
INT044 704.49 589.16 358.02 313.26 -214.23 31.25 355.13 1,342.14 1,633.54 349.40 217.83 -35.41
INT045 401.77 1,069.57 317.50 674.37 551.59 27.49 615.01 643.08 63.77 361.80 699.53
INT046 1,303.02 2,623.76 283.21 447.00 13.85 544.25 85.17 611.49 171.19
INT047 916.94 2,389.17 319.83 668.99 304.12 428.49 592.85 390.50 325.63
INT048 998.55 3,114.90 397.56 450.00 213.63 450.00 542.26 -35.93 381.03 288.52 118.24
INT049 1,002.02 379.38 222.84 279.04 212.35 483.03 99.64 521.52 330.11 -70.01 694.84
INT050 538.74 1,016.03 1,500.82 301.13 349.47 -3,304.25 280.40 356.23 37.74 444.35 120.21 246.54
INT051 864.69 533.55 573.53 -1,457.10 286.13 419.91 412.64 293.26 71.85
INT052 865.57 335.56 869.53 273.59 215.73
INT053 240.45 1,611.00 120.26 1,331.60 610.64 229.32 887.99
INT054 1,347.32 135.68 456.27 709.55 224.26 865.39
INT055 1,147.40 278.77 691.46 428.86
INT056 747.07 237.93 -2,188.85 422.57
INT057 -259.35 674.54 -50.01 193.53 458.62 38.45
INT058 1,306.43 473.42 -53.02 195.01 451.34 784.49
INT059 -101.71 1,190.07 -101.68 168.98 477.28 27.97
INT060 86.46 885.37 200.33 236.64 390.05 132.08
INT061 331.62 -38.10 406.03 143.76 65.18 509.31
INT062 721.44 167.71 423.90 140.34 220.71 273.08 220.82
INT063 0.00 820.07 43.86 323.71 29.84 733.28 165.87 27.49 499.39
INT064 776.53 52.40 203.64 221.64 270.50 478.68
INT065 980.24 114.79 1,651.32 69.06 210.24 208.51
INT066 1,004.95 278.48 421.39 205.84 345.95 194.28 1,096.12 251.11 377.04
INT067 1,934.98 405.45 482.51 299.95 559.21 768.43 183.05
INT068 2,360.18 95.81 1,890.80 815.21 256.71
INT069 -184.85 982.85 -177.69 73.94 495.07 371.39 -57.65
INT070 101.89 4,932.38 908.68 223.57 1,825.44 719.63 74.19 143.14
INT071 263.16 445.86 772.69 541.81 69.65 152.96
INT072 962.26 1,153.84 566.08 117.64 422.39 117.98 809.23 224.03 19.03 176.16
INT073 981.44 509.82 246.60 132.20
INT074 481.04 771.90 254.46 897.19 128.05 733.92 64.64
INT075 308.78 392.10 414.27 813.33 291.24 236.79
INT076 1,150.27 867.57 982.71 900.05 239.46
INT077 263.73 530.54 579.45 1,341.93 378.54
INT078 350.13 408.57 441.27 227.71 1,215.59 401.15 581.50 158.01 1,543.95
INT079 190.62 417.01 363.59 962.18 960.66 1,374.39 576.33 226.87 426.81 377.62
INT080 1,502.43 154.37 189.15 309.13 275.93 1,125.41 303.64 774.19 1,316.01 856.82 496.36 260.08 182.58 700.00
INT081 615.96 337.35 348.38 179.38 388.47 1,675.34 318.80 1,368.26 8,066.32 304.40 594.59 230.47 925.58 394.51
INT082 347.33 475.67 355.74 221.09 771.81 1,402.56 2,158.84 420.64 474.67 700.00 883.21
INT083 602.38 103.34 765.96 150.89 322.92 758.89 263.22 2,860.23 279.19 245.64 876.36 410.44
INT084 334.71 242.70 767.48 344.00 185.79 548.64
INT085 488.56 257.42 179.66 104.58 814.55 84.00 43.63 241.00
INT086 773.92 19.00 146.05 912.75 265.83 844.91 62.11 416.84 143.82 358.74 571.40
INT087 426.91 105.03 380.99 61.03 365.62 132.08 302.54 851.26 107.35 433.55
INT088 187.22 136.76 135.12 520.54 101.11 225.14 1,084.90 6.28
INT089 87.15 152.88 1,017.81 300.62 700.00 1,739.90 813.29 888.93
INT090 273.54 35.80 768.77 765.02 124.35 107.79 764.67 740.42 1,073.50 298.71
INT091 127.70 772.42 403.20 735.26
INT092 93.82 249.03 719.73 154.23 414.51
INT093 173.91 90.96 91.08 404.76 160.58 380.21
INT094 145.66 195.47 870.80 198.50 423.75 160.48 414.53
INT095 320.20 759.89 562.47 279.92 420.46
INT096 178.13 56.39 30.69
Pret final de deficit din luna Martie 2026
1/1