PDF PAGE 1
Data: 13.10.2025
lei/MWh
Interval/Data 01.08.2025 02.08.2025 03.08.2025 04.08.2025 05.08.2025 06.08.2025 07.08.2025 08.08.2025 09.08.2025 10.08.2025 11.08.2025 12.08.2025 13.08.2025 14.08.2025 15.08.2025 16.08.2025 17.08.2025 18.08.2025 19.08.2025 20.08.2025 21.08.2025 22.08.2025 23.08.2025 24.08.2025 25.08.2025 26.08.2025 27.08.2025 28.08.2025 29.08.2025 30.08.2025 31.08.2025
INT001 699.71 284.24 651.34 256.40 421.45 799.29 242.77 681.65 254.17
INT002 699.56 97.35 646.00 425.57 103.94 691.39 692.09 788.95 92.84 210.57 396.41 283.46 692.75
INT003 445.93 438.46 454.47 231.32 298.25 119.86 654.47 646.00 704.91 88.42 77.26 646.00
INT004 698.82 297.73 223.67 107.09 129.76 44.34 626.25 -19.85 75.61 100.89 84.52
INT005 698.89 32.55
INT006
INT007 1,150.85 371.38 204.56 475.00 182.29
INT008 698.87 698.39 86.73 613.00 651.75 92.88 307.44
INT009 688.25 421.71 641.82 699.69
INT010 699.31 606.00 244.49 558.53 422.09 424.82 85.34 132.06 691.50
INT011 445.41 327.61 202.53 417.06 255.40
INT012 97.31 68.14 213.37 666.81 168.79 645.94 85.98 111.99 248.55
INT013 426.11 198.97 413.97 593.08 689.06 121.79
INT014 452.60 575.00 106.11 646.00 646.00 610.36 112.67 98.77 692.34
INT015 47.61 152.08 443.35 132.09 120.72 706.62
INT016 410.11 699.00 3,524.86 121.04 640.00 119.15
INT017 33.75 177.57 625.76 225.85
INT018 -15.48 283.21 105.39 170.33 102.64 148.67 120.90 109.52
INT019 428.07 282.44 621.48 130.26 386.34 626.80 678.11 197.78 110.19 642.43
INT020 699.00 133.03 298.01 115.52 146.60 641.71 520.61 637.55 106.10
INT021 23.05 98.21 126.93 674.76 86.73 167.33
INT022 399.62 127.53 643.36 36.68 399.42 125.35
INT023 699.23 197.07 664.24 454.09 226.96 347.28 699.00
INT024 698.80 148.04 98.11 219.29 390.58 399.69 423.94 425.59 76.59
INT025 371.28 123.64 692.28 691.14 119.29 303.67 480.89 290.34 508.99 432.13 699.83
INT026 417.06 146.89 692.57 245.85 107.95 421.77 248.56 676.38 699.05
INT027 183.92 904.38 171.92 401.63 357.27 411.03 234.17 394.38
INT028 698.58 492.00 422.72 685.57 689.27 677.82 555.88 744.44
INT029 260.63 234.63 108.88 144.69 240.15 676.01 398.39 -37.89
INT030 128.53 324.13 646.00 626.69 18.39
INT031 322.52 126.98 685.83 646.96 366.12 413.54 420.09
INT032 104.86 136.68 662.45 333.43 106.05 371.80 92.52 420.99 454.25
INT033 699.00 366.09 276.17 167.88 136.20
INT034 429.99 503.77 161.15 368.71
INT035 351.77 154.32 140.29 -1,950.25 123.69
INT036 -385.89 92.88 94.50 105.69 1,018.26 -1,993.49 192.40 101.88
INT037 232.37 167.34 668.80 396.60 644.91 115.47
INT038 346.52 270.15 88.11 38.48 -1,444.59 206.06
INT039 192.05 50.86 459.08 82.59
INT040 -2,081.74 992.45 400.14 -2,545.51 -1,366.40
INT041 222.66 546.24
INT042 279.49 285.62 244.61 457.66 114.37
INT043 8.53 265.33 8.65 217.11 630.27
INT044 182.52 230.16 728.98 42.27 224.85 694.78
INT045 80.93 -354.75 707.17 129.26 380.89 48.99 -765.46
INT046 236.38 356.51 -982.35 168.67 -1,149.31 184.41 50.97
INT047 -230.91 73.96 93.07 448.55 122.35 109.64 95.11
INT048 149.27 450.00 563.74 159.18 88.04 122.24
INT049 423.94 226.64 180.77 593.89 83.72 476.51
INT050 -2,471.99 -5,189.36 593.60 792.74 184.73 76.31
INT051 450.00 -733.04 34.59 225.44 525.55 190.72 550.00 451.99 215.61 85.08
INT052 119.57 111.85 -207.00 86.78 77.78 447.00
INT053 -86.53 24.01 460.01 512.75 2,989.33 -146.34 1,590.39 107.07 18.19 36.71 632.24 447.02
INT054 30.47 -15.96 422.84 174.75 1,031.05 45.03
INT055 -74.45 303.64 82.63 500.55 40.51 -764.70 33.22 447.00
INT056 374.97 450.00 12.06 139.18 21.03
INT057 450.00 1,279.45 68.29 83.84
INT058 -3,176.63 77.46 210.60 450.00 83.40
INT059 67.19 -657.14 84.96 129.28
INT060 0.00 88.13 605.00 1,628.74 86.64
INT061 -985.62 -1,848.41 372.05 251.04 1,540.95
INT062 -2,617.43 -1,795.26 91.43 550.00 534.49 79.02 1,164.55
INT063 -2,807.84 -1,518.61 460.01 416.39
INT064 84.29 -2,457.77 450.00
INT065 -3,923.54 -38.98 -3,525.10 -1,166.90 353.71 -4,427.59 -48.59 461.99 164.58 559.78
INT066 227.66 41.01 207.15 -416.97 320.10 284.10
INT067 247.24 94.09 -261.74 495.00 337.35 279.27 478.58
INT068 -536.40 232.89 63.87 177.57 5,585.51
INT069 -1,381.69 -2,720.49 635.20 274.29 177.78 367.71 951.92
INT070 2,155.37 -901.30 1,839.93 -1,960.80 265.14 782.19 155.58 473.11
INT071 3,113.25 -1,719.57 244.51 845.02 654.55 2,270.50
INT072 697.69 194.47 1,156.22 367.85 226.57
INT073 347.45 419.89 -1,833.88 -2,349.53 1,015.61 739.12 224.17 363.96
INT074 479.91 -378.38 475.00 235.33 271.11
INT075 609.63 326.38 362.38 510.30 547.80 796.84 124.58 403.26
INT076 342.09 537.65 491.62
INT077 2,898.79 1,782.30 784.56 82.69
INT078 445.56 376.81 294.70 2,055.18 962.97
INT079 65.51 44.55 378.95 448.31 380.22 -716.42 570.56
INT080 5,559.12 634.39 995.44 411.09 608.96 1,111.20 699.65
INT081 600.13 1,159.20 2,091.96 308.08 475.00 -113.30 323.27
INT082 432.94 376.71 386.24 375.98 699.86 318.92
INT083 646.07 587.73 677.21 439.64 1,092.71
INT084 659.77 699.62 625.34 154.89 865.60
INT085 475.00 442.56 365.58 382.54 699.97 700.00 175.94
INT086 700.00 998.07 426.99 360.34 699.54 411.73 417.33 699.96 180.13
INT087 430.88 700.00 421.78 1,187.83 377.76 340.63 699.51
INT088 444.22 875.55 700.00 699.99 176.31 699.94
INT089 700.00 461.30 894.70 453.80 381.72 678.82 744.22 146.78 309.09
INT090 700.00 365.51 691.51 333.88 653.53 123.82
INT091 699.81 345.41 175.59 661.54 146.29 114.44
INT092 345.99 700.00 -270.25 700.00 700.00 223.95 127.00 -1,301.10 24.35
INT093 470.24 700.00 195.97 198.85 691.75 665.00 1,683.27 694.28 121.46
INT094 436.41 410.76 351.40 178.28 139.95 642.56 429.59 665.00
INT095 699.93 699.68 700.00 345.81 185.47 119.32 422.30
INT096 156.60 -229.34 184.99 624.52
Pret final de deficit din luna August 2025
1/1