PDF PAGE 1
Data: 14.09.2026
lei/MWh
Interval/Data 01.07.2026 02.07.2026 03.07.2026 04.07.2026 05.07.2026 06.07.2026 07.07.2026 08.07.2026 09.07.2026 10.07.2026 11.07.2026 12.07.2026 13.07.2026 14.07.2026 15.07.2026 16.07.2026 17.07.2026 18.07.2026 19.07.2026 20.07.2026 21.07.2026 22.07.2026 23.07.2026 24.07.2026 25.07.2026 26.07.2026 27.07.2026 28.07.2026 29.07.2026 30.07.2026 31.07.2026
INT001 4,639.83 153.52 177.72 750.00
INT002 1,181.62 4,746.73 898.97 102.82 152.89 271.42
INT003 883.85 1,787.08 141.29 1,054.79 800.00 348.45 130.87 750.00 165.58
INT004 48.62 138.38 160.22 800.00 355.36 124.63 93.64 137.83 800.00
INT005 86.21 308.55 7,658.45 465.29 299.91 802.54 799.78 138.42 800.00 207.19
INT006 254.39 3,082.80 291.32 285.52 371.44 450.75 898.48 246.70 354.87
INT007 138.93 479.51 125.71 300.46 800.74
INT008 279.73 158.49 854.29 282.33 799.80 -123.31 137.35
INT009 -626.46 364.78 186.25
INT010 254.31 327.71 178.44 162.55
INT011 146.23 368.37 187.37 181.18
INT012 1,118.37 378.92 113.61 142.06
INT013 714.25 304.64 169.46 347.85
INT014 1,005.40 540.99 148.47 150.84 814.29
INT015 1,169.60 152.22 185.10 874.22
INT016 270.91 139.73 137.66 147.91 168.18 193.29 182.27 982.48
INT017 889.76 338.94 303.09 843.79 178.86
INT018 893.97 402.67 240.69 143.62
INT019 891.54 244.57 817.47 313.33 172.17
INT020 1,189.01 1,385.42 200.31 321.84
INT021 233.44 2,746.43 110.96 361.31 729.17 897.73
INT022 251.46 1,584.91 861.88 950.94 165.66 170.66 151.57
INT023 1,456.74
INT024 144.14 337.74 829.29 890.58 889.01 430.26 173.13 923.71
INT025 262.46 896.19 45.24 350.87 895.10 309.06 382.37 132.50
INT026 841.46 442.47 347.06 884.81 482.87 427.14 1,029.93 320.25 879.74 213.93
INT027 159.95 449.27 209.81 286.00 893.79 148.47 287.19 911.44
INT028 309.07 229.94 22.00 225.72 130.77 124.75 84.92 150.87 898.99 164.25 214.39
INT029 71.70 72.30 128.46
INT030 233.36 88.29 119.65 715.39
INT031 55.67 154.30 139.67 447.45 930.08 214.38 144.77
INT032 443.76 66.18 165.94 135.80
INT033 355.10
INT034 1,781.28 185.72
INT035 802.68 192.01 57.21
INT036 645.22 181.62 217.00
INT037
INT038 198.29 699.00
INT039 505.59 -31.39
INT040 -673.48 546.35 11.71 26.92
INT041 478.18 1,898.04 0.00
INT042 768.96 500.00
INT043 0.00 779.97
INT044 675.91 -7,230.13
INT045 1,040.16 297.03
INT046 796.11 93.45 13.83
INT047 -3,404.19 21.11
INT048
INT049 -177.73 213.06 11.79
INT050 95.35 450.00 69.62
INT051 450.00
INT052 682.55 49.58
INT053 450.00 490.19
INT054
INT055 13.14 493.31
INT056 14.76 400.00
INT057 450.00 641.95
INT058 -11.92 86.31 464.67 -86.71
INT059 5.45 113.82 -466.20 -21.54
INT060 21.60 3,829.26 8.57
INT061 47.85
INT062 10.05
INT063 66.23 185.89
INT064
INT065 140.02 64.75
INT066 -51.53 576.02 -85.16
INT067 -534.06 373.57 500.00 53.84
INT068 190.98 560.79 0.50
INT069
INT070 452.36 88.33
INT071 192.86 172.65 681.55
INT072 608.86 183.89 325.84 848.12 891.28
INT073 946.59 207.14 145.44 7,318.95 889.50 394.04 36.27 1,909.94
INT074 152.41 1,617.40 1,051.48
INT075 65.56
INT076 806.03
INT077 280.00 2,081.08 173.17 1,505.74 592.38 -1,065.90 -539.01
INT078 -23.28 1,170.41 116.71 795.09 1,860.34 -738.57
INT079 1,633.88 1,752.11 342.55 200.35 368.66 3,053.09
INT080 3,768.59 3,598.60 1,170.17 885.08 1,702.03 323.02
INT081 554.74 343.12 535.94 1,077.75 450.87 507.57
INT082 1,521.08 1,456.31 1,300.98 413.86 476.88 270.54 271.16
INT083 893.54 299.29 3,177.07 392.88 8.99 900.00 376.44 314.57 1,043.58
INT084 584.73 888.20 972.23 1,143.69 420.05 612.63 321.06 906.64 806.00
INT085 1,121.87 296.81 388.36 456.65
INT086 405.95 293.09 402.97 422.88
INT087 665.47 394.97 1,048.30 494.81 917.01 330.91 437.70
INT088 1,505.95 414.34 425.69 280.09 240.60 1,363.05 228.92
INT089 233.07 380.16 451.32
INT090 1,801.00 74.13 921.99 416.75 360.36
INT091 163.51 394.84 557.30 2,553.47 376.14 483.67 170.98 1,192.66
INT092 611.23 62.61 2,704.54 485.00 373.36 127.69 171.13 380.29
INT093 1,185.54 546.49 478.92 226.64 194.10 850.32 202.40
INT094 1,775.20 217.99 122.14 1,108.00 202.40 1,190.02 898.04 174.72 134.16 822.21 178.65
INT095 534.74 272.13 869.64 823.26 294.12 800.00 810.71
INT096 1,291.74 71.35 182.68 111.05 874.74 155.46
Pret final de deficit din luna Iulie 2026
1/1