PDF PAGE 1
Data: 08.05.2026
lei/MWh
Interval/Data 01.05.2025 02.05.2025 03.05.2025 04.05.2025 05.05.2025 06.05.2025 07.05.2025 08.05.2025 09.05.2025 10.05.2025 11.05.2025 12.05.2025 13.05.2025 14.05.2025 15.05.2025 16.05.2025 17.05.2025 18.05.2025 19.05.2025 20.05.2025 21.05.2025 22.05.2025 23.05.2025 24.05.2025 25.05.2025 26.05.2025 27.05.2025 28.05.2025 29.05.2025 30.05.2025 31.05.2025
INT001 455.34 51.99 1,409.43 64.01 72.69 109.35 119.02
INT002 2,798.68 2,447.66 722.44 407.80 97.32 168.78 650.00
INT003 703.88 330.87 134.83 278.40
INT004 875.15 922.63 16.19 63.50 814.86 797.33
INT005 282.58 909.37 1,231.32
INT006 877.63 306.47 884.14
INT007 726.55 123.87
INT008 735.55 722.00 1,622.64 650.00 198.32
INT009 889.00 876.07 909.37 650.00
INT010 435.03 185.72 244.34 475.00
INT011 84.46 77.07 216.08 101.23 662.30
INT012 904.03 702.50 148.19 102.71 669.12
INT013 884.89 250.75
INT014 764.44 30.02 234.30
INT015 5,282.73 357.05
INT016 305.35 495.61 200.14 701.64
INT017 744.00 1,515.57 105.19 873.55
INT018 744.00 820.99 322.66 427.17 734.28 122.20 457.36
INT019 744.00 10.06 804.32 329.50 742.42 705.50 1,083.11 699.00
INT020 40.39 26.01 36.88 759.88 1,036.21 79.32 869.29
INT021 766.21 110.94 719.13 913.48
INT022 768.28 54.08 713.83 1,404.42 2.00
INT023 205.03 -23.72 215.06
INT024 322.20 414.93 710.73 179.24 421.86 367.38 64.47 898.18
INT025 510.05 918.50 739.77 650.00
INT026 106.34 218.76 735.33 298.01 255.73
INT027 880.06 201.65
INT028 744.00 204.44 882.34 348.08 185.85
INT029 467.79 715.55 128.32 189.37
INT030 378.71 758.47 212.65 383.44 176.77 783.42
INT031 132.37 379.63
INT032 342.61 249.80 322.96 275.63 315.13 163.03
INT033 194.19 35.05 323.27 381.40 177.72 584.64 437.44
INT034 97.14 275.06 457.13
INT035 493.96 -1,510.37 344.93 2,757.85 366.51 301.98
INT036 126.91 867.39 1,302.26 391.48 431.84 751.03 735.61
INT037 485.93 482.76 560.29
INT038 501.69 220.51
INT039 196.22 807.77 448.66
INT040 -847.93 460.56 -147.82 1,213.65 839.72 448.98 962.30 80.95
INT041 877.64 738.23 152.11 148.92 498.07
INT042 1,262.94 523.59 -772.71
INT043 510.01 330.26 229.10
INT044 3,419.21 474.11 348.03 314.82 422.05 505.58
INT045 1,393.93 263.44
INT046 945.50 587.08 289.92
INT047 52.29 432.71 563.72 26.60 524.26 437.44 1,844.91
INT048 627.40 485.60 178.59 502.00 214.38 1,641.29 77.23
INT049 -896.97 745.74 161.62 546.99 292.39 344.22
INT050 450.00 237.45 87.89 684.94
INT051 446.00 450.00 109.74 297.47 213.92 -153.08
INT052 396.59 -715.62 522.32 48.36 -9.84
INT053 14.49 368.23 626.14
INT054 703.86 450.00 119.83 285.33 450.46
INT055 189.79 451.22 756.39 94.30
INT056 100.21 681.52 330.36
INT057 695.16 511.05
INT058 -91.70 1,316.89 228.64 553.85
INT059 75.27 583.73 104.59 92.30
INT060 450.00 399.05 0.54
INT061 -71.90 607.96 216.30
INT062 374.31 162.98
INT063 47.22 307.62 -252.85
INT064 72.01 -1,198.78 771.04
INT065 -4,037.90 757.92 959.45 1,928.69 221.68 199.75 28.85 989.25 609.67 749.87
INT066 -64.20 437.39 1,146.93 575.40 594.49 133.64
INT067 216.61 216.98 137.81
INT068 65.83 181.94 185.01 70.19
INT069 508.79 298.41 -761.62 184.92 737.79 874.71
INT070 560.77 -1,784.43 290.14 420.49 3,081.56
INT071 -1,008.46 497.07
INT072 -1,582.76
INT073 875.30 10,285.91 356.19 927.58 576.31 313.93 -347.06
INT074 118.08 677.39 398.88 370.52 988.81 -534.07 579.31 399.80 445.07
INT075 468.71 815.40 456.58 868.01 1,084.72 623.14 342.52 1,800.31 7,780.09
INT076 502.46 2,250.20 3,449.60 4,670.82 5,686.51 259.77 423.74 5,729.07
INT077 920.60 305.20 -315.50 287.00 1,376.10 1,721.33 90.25 1,092.99 215.71 216.33 271.58 267.21
INT078 415.09 371.95 159.86 301.72 392.18 334.10
INT079 271.67 951.58 1,911.24 462.88 368.22
INT080 288.79 653.26 321.90
INT081 123.44 249.95 487.75 100.77 416.64
INT082 462.90 1,302.04 483.33 128.86 305.39
INT083 1,348.36 885.08 429.06 1,080.05 319.71
INT084 554.63 1,304.77 1,580.23 494.49 2,137.92 446.94
INT085 400.06 898.34 420.25
INT086 594.27 298.56 593.87 1,370.72 898.71 6,924.83 2,724.79 451.98 899.75 440.41
INT087 2,980.25 1,558.42
INT088 874.87 677.96
INT089 1,172.94 313.86 414.07 436.19 248.63 3,683.24
INT090 681.79 930.87
INT091 700.00 898.28 760.30 389.88 1,289.31 1,445.70
INT092 965.02 700.00 898.02
INT093 811.86 879.28 640.18 350.26
INT094 239.02 237.18 832.04 6,691.68 856.93 764.61 55.55 846.00
INT095 725.66
INT096 3,629.00 938.21 262.97 210.67 844.68 700.00 848.91 650.00 238.75
Pret final de deficit din luna Mai 2025
1/1