PDF PAGE 1
Data: 22.08.2025
lei/MWh
Interval/Data 01.07.2025 02.07.2025 03.07.2025 04.07.2025 05.07.2025 06.07.2025 07.07.2025 08.07.2025 09.07.2025 10.07.2025 11.07.2025 12.07.2025 13.07.2025 14.07.2025 15.07.2025 16.07.2025 17.07.2025 18.07.2025 19.07.2025 20.07.2025 21.07.2025 22.07.2025 23.07.2025 24.07.2025 25.07.2025 26.07.2025 27.07.2025 28.07.2025 29.07.2025 30.07.2025 31.07.2025
INT001 308.23 699.23 251.73 0.00 -77.86 227.69 361.73
INT002 349.00 105.69 102.03 768.64 483.00
INT003 699.00 699.71 699.00
INT004 220.77 133.37 -1,796.20 87.37 699.00 699.00
INT005 991.35 699.33 47.11 4,606.56 699.91 207.78
INT006 314.28 125.66 699.00 691.22 211.35 699.82 699.85
INT007 286.46 699.00 725.77 699.82 223.97
INT008 110.03 546.00 125.20 699.00 698.36 699.88 97.44
INT009 363.14 3,571.96 320.64 699.71
INT010 545.01 107.75 93.60 35.28 699.00 1,338.50 346.39 686.75
INT011 286.27 136.21 131.13
INT012 248.87 115.69 689.81
INT013 96.26 743.25 1,131.56 799.95
INT014 112.99 546.00 223.84 262.00 401.44 699.76 439.58 697.82 692.86 84.04
INT015 122.48 626.66 96.50 273.24 699.78 598.00 45.87 698.41 688.14
INT016 231.79 225.67 699.00 698.58 699.15 698.97 799.91 51.75 231.73 86.54
INT017 410.94 699.00 53.72 568.00 140.31 698.85 668.32
INT018 395.29 -1,778.80 275.87 699.58 698.82 379.15
INT019 112.72 366.21 200.22 588.71 699.00 430.64 698.84 568.00 391.29 699.03 699.17 133.52
INT020 151.69 599.01 103.33 121.39 699.27 391.71 315.67 698.00
INT021 376.63 502.84 698.90 96.11 696.30 621.32 797.05 181.97 691.85
INT022 412.52 240.69 699.00 693.52 627.06 699.99 699.73
INT023 254.95 698.61 588.17 699.62
INT024 451.00 699.00 204.28 888.76 202.29 510.50 699.00 688.25
INT025 108.18 293.43 498.86 799.19
INT026 385.63 699.00 699.00 697.20 265.73 699.46 698.88 342.05
INT027 365.26 134.06 105.72 122.40 537.53 699.39
INT028 132.47 244.37 703.19 699.00 2,622.43 686.52
INT029 494.04 208.47 194.74 142.39 770.44 224.35
INT030 159.20 351.00 427.13 404.09 165.78
INT031 161.85 226.04 698.96 397.08 699.37
INT032 401.88 158.04 304.66 377.81 185.87 699.00
INT033 171.20 365.33 698.99 699.55
INT034 3,726.30 136.06 699.35 428.93
INT035 63.88 -685.61 211.27 405.24 234.88 556.04 195.11 404.68
INT036 445.19 107.75 354.30 335.71 155.90
INT037 650.74 510.30 463.99
INT038 -593.35 546.00 -333.37 843.75 588.45
INT039 226.86 -802.76
INT040 -1,058.27 546.00 87.84 361.04 210.95
INT041 211.59 4,201.76 397.61
INT042 85.65
INT043 546.00 323.65 448.40 517.58
INT044 -616.89 102.46 -501.43 406.74 316.58 460.02
INT045 192.34 86.35 229.44 -493.09 396.20
INT046 -28.30 88.25 76.62 193.83 550.98 -530.17 843.94
INT047 201.94 87.80 249.45 699.00
INT048 208.77 448.66 347.42 -370.60 -1,387.89
INT049 274.83 293.13 -941.05 162.70 -4,250.14
INT050 420.58 1,012.63 87.33
INT051 212.81
INT052 74.10 566.00
INT053 123.91 169.62 32.11 352.64
INT054 241.32
INT055 95.87 600.00 559.40
INT056 434.18 216.93
INT057 307.76 444.96
INT058 546.00 481.79
INT059 546.00 191.61 -3,072.24
INT060
INT061 499.12 631.04
INT062 184.14 -203.66
INT063 943.87 85.85 -314.56
INT064 190.60 600.00 462.75 601.02
INT065 47.37 -179.08 198.48 457.83 72.19 1,865.35 565.48 918.10
INT066 363.36 864.81
INT067 224.18 698.98 -604.44 513.70
INT068 216.75 492.05 313.48 418.45 392.39 302.00
INT069 865.62 630.00 186.81 223.20 699.00 -503.76 -1,536.41
INT070 89.89 359.99 381.78 423.97 183.55 201.22 228.51 998.04
INT071 546.00 275.09 152.90 443.51 288.83 398.79 404.78
INT072 4,168.11 377.86 588.34 390.65 1,373.78 136.50 581.34
INT073 20.13 -84.90 -18.98 180.94 37.62 -191.28 353.15 404.04
INT074 379.97 383.95 327.58 -902.91
INT075 176.02 321.18 492.08
INT076 370.58 361.36 297.91 463.21
INT077 415.98 14.76 882.05 1,276.88 432.38 154.43
INT078 245.95 974.72 181.77 276.25
INT079 458.51
INT080 699.89 2,649.68 345.53
INT081 274.09 1,300.03 1,569.65
INT082 133.32 2,810.94 348.03 1,155.14 640.29
INT083 188.94 663.12 355.77
INT084 699.97 2,400.54 1,482.92 691.99
INT085 191.95 275.08 207.22 1,457.87
INT086 222.26 1,400.80 313.39 544.65 430.78
INT087 5.07 700.00 568.93 699.64
INT088 354.28 417.11
INT089 174.30 751.02 320.12 25.36
INT090 180.44 870.91 700.00 699.97 274.22 -796.46 700.00 1,092.14
INT091 122.50 700.00 202.71 689.20 353.16 417.01
INT092 203.31 2,405.92 214.26
INT093 298.01 402.37 245.74 1,541.65 699.96 79.87 421.82 699.95
INT094 315.98 700.00 699.97 699.64 699.89 753.21 147.60
INT095 333.78 305.88 306.08 232.92 253.05 236.04 521.10 1,691.43
INT096 169.24 105.08 -526.15 234.50 113.37 160.24 218.21
Pret final de deficit din luna Iulie 2025
1/1