PDF PAGE 1
Data: 27.02.2025
MWh MWh
Interval/Data 01.01.2025 02.01.2025 03.01.2025 04.01.2025 05.01.2025 06.01.2025 07.01.2025 08.01.2025 09.01.2025 10.01.2025 11.01.2025 12.01.2025 13.01.2025 14.01.2025 15.01.2025 16.01.2025 17.01.2025 18.01.2025 19.01.2025 20.01.2025 21.01.2025 22.01.2025 23.01.2025 24.01.2025 25.01.2025 26.01.2025 27.01.2025 28.01.2025 29.01.2025 30.01.2025 31.01.2025
INT001 -34.883 -53.756 -38.525 -59.975 -33.163 -51.537 24.841 35.230 35.896 3.350 50.413 -36.066 -21.020 -78.441 -45.011 -34.241 4.404 -49.150 25.302 -23.125 -43.795 -6.260 -16.706 -55.566 -34.804 -14.630 -16.897 -0.118 -2.548 33.007 -3.188
INT002 -35.711 -36.652 -26.415 -56.323 -32.132 -43.189 32.672 38.806 40.335 10.972 58.957 -33.120 -5.702 -85.933 -49.033 -24.304 -8.739 -10.997 33.536 -22.205 -48.465 -3.961 -26.901 -51.647 -39.897 -13.849 -6.949 16.657 5.865 55.463 -6.626
INT003 -10.934 -24.001 2.755 -34.532 -21.531 -19.574 36.631 57.885 34.339 -1.453 81.621 -19.202 0.533 -80.770 -56.132 -41.200 10.574 -11.150 28.794 -23.760 -67.588 -2.893 -18.574 -32.615 -26.423 -1.445 -15.979 11.666 21.030 66.057 5.495
INT004 7.001 -6.106 7.848 -30.271 -13.015 -6.722 50.593 67.488 19.527 -7.419 73.880 -8.465 -8.341 -69.932 -26.863 -33.466 16.088 -7.810 50.310 -22.453 -49.610 22.089 2.142 -36.109 -2.109 2.906 -10.590 30.508 15.798 65.556 3.350
INT005 2.191 -22.397 -13.210 -10.962 -41.003 -32.715 20.346 44.714 -15.984 6.676 64.006 -14.496 -7.307 -71.082 -29.514 -30.571 -2.996 18.753 16.384 -3.312 -55.539 -0.589 -5.341 -34.449 48.336 -18.121 -26.909 -19.748 -20.089 28.046 4.196
INT006 9.296 -13.665 -6.610 5.693 -18.931 -42.530 16.464 47.385 -23.724 -5.385 31.538 -14.745 9.186 -60.895 -26.233 -17.638 17.152 42.068 13.743 -3.081 -44.688 3.281 -6.134 -40.976 65.992 -14.521 -40.620 3.180 -16.213 31.428 12.444
INT007 11.882 -3.796 11.311 9.376 -4.102 -42.254 5.264 58.346 -39.487 -4.511 20.307 -6.705 0.197 -51.082 -11.188 -10.421 40.869 37.181 31.691 2.014 -61.262 8.866 -19.188 -34.874 93.199 -8.981 -36.046 23.101 -18.214 61.664 6.886
INT008 17.930 -3.544 20.073 4.924 1.821 -42.550 4.235 65.813 -12.704 -20.231 -12.712 -2.376 10.135 -60.342 10.411 -5.318 11.425 32.944 9.681 7.396 -42.799 9.218 -7.398 -20.135 106.188 -14.300 -34.385 30.192 -28.212 43.263 4.265
INT009 -6.219 -10.459 26.902 -3.490 -1.788 -23.810 2.234 49.864 -17.572 -32.462 1.477 -8.396 -0.525 -59.183 -31.978 -11.271 10.478 32.055 21.268 -5.292 -64.894 10.799 -25.471 -31.384 36.522 0.392 -26.302 28.528 -40.941 47.742 -4.943
INT010 -3.490 -15.614 35.703 16.556 13.515 -35.579 5.995 61.551 -18.628 -37.932 -32.136 -10.035 -2.586 -57.548 -43.103 3.660 12.455 62.115 9.450 -7.152 -47.709 5.032 -28.514 -24.780 24.166 -15.331 -20.802 33.782 -50.221 41.679 -7.722
INT011 -0.040 -25.540 34.890 15.631 17.276 -25.105 11.406 78.005 5.910 -19.637 -27.934 -3.162 -4.057 -64.302 -35.350 9.706 48.274 51.770 18.987 -12.076 -28.798 9.873 -33.409 -35.142 36.623 1.855 -3.650 39.614 -46.167 40.538 -2.363
INT012 8.620 -23.863 26.224 27.517 30.504 -30.595 19.556 71.474 20.514 -22.324 -37.916 -5.491 12.912 -102.794 -8.207 26.156 41.357 15.052 0.855 -8.561 -29.467 11.924 -39.794 -32.482 43.702 6.306 13.580 38.247 -21.825 47.259 -7.254
INT013 -1.914 -17.488 32.848 18.835 28.933 -15.022 24.557 71.539 19.882 -25.750 -32.389 -3.117 28.286 -100.191 -37.418 15.306 63.341 24.165 28.662 -6.391 -33.495 3.124 3.348 -31.596 7.430 -10.845 29.742 30.727 -26.422 47.349 8.423
INT014 5.625 -21.356 30.269 18.080 38.114 -24.564 16.256 70.835 16.741 0.583 -42.630 -5.226 37.871 -115.782 -29.322 23.731 50.851 33.454 5.397 -17.232 -35.273 -2.992 -5.422 -7.634 14.895 -17.104 30.322 23.460 -29.321 31.676 -3.481
INT015 23.560 -16.790 22.544 23.348 44.288 -31.604 13.761 75.927 -14.624 -0.883 -48.315 -6.501 34.544 -118.248 -14.546 -0.638 60.246 29.119 -2.532 -12.174 -40.177 -1.076 -18.058 -15.091 14.012 -7.704 20.385 15.463 -33.606 46.048 10.074
INT016 26.955 -8.746 16.519 18.367 40.828 -36.167 10.478 72.023 -20.182 4.561 -51.996 -6.179 19.829 -130.998 -7.661 -2.701 41.010 14.353 -9.449 -27.791 -41.931 -10.205 -34.685 -22.271 45.683 -14.761 8.319 -4.250 -5.997 28.242 6.329
INT017 22.929 9.774 19.551 5.480 34.940 -14.089 28.320 76.495 -8.176 -12.697 19.641 -4.168 27.489 -106.939 -9.902 17.087 59.417 10.304 6.968 -10.843 -14.553 -3.106 -2.532 -21.713 53.073 -22.066 4.936 -7.621 -3.751 44.548 15.605
INT018 10.508 1.333 10.800 -7.172 36.148 -16.037 20.312 58.063 -27.800 -26.775 15.677 -7.806 28.998 -111.310 -13.818 6.364 44.063 32.865 18.574 -9.054 -20.961 -13.497 -1.760 -21.089 63.538 -23.233 9.861 -9.817 7.072 40.906 16.357
INT019 -9.652 -8.897 0.225 -1.182 31.308 -13.577 14.498 47.521 -16.377 -20.342 -2.565 -6.025 13.836 -113.205 0.979 4.670 33.690 0.981 24.879 -17.576 -24.277 -1.002 -12.727 -23.642 60.533 -10.746 11.677 -13.999 1.591 52.575 15.692
INT020 -5.536 -20.040 -1.428 -16.279 39.468 -0.674 12.014 51.649 -28.032 -30.846 -21.507 -4.167 32.247 -120.026 -11.641 0.412 29.128 -18.719 29.618 -31.813 -33.945 -0.668 -13.552 -22.078 49.905 -17.563 17.609 -14.808 16.806 28.368 34.089
INT021 -16.064 -8.425 5.607 -18.071 27.190 23.030 39.505 42.068 25.163 -3.365 4.622 -1.295 28.253 -108.015 -18.321 10.616 27.404 -23.259 30.775 -19.040 -20.441 11.628 17.391 -20.098 42.488 -24.893 55.131 -13.129 54.783 24.052 33.328
INT022 -13.276 -8.421 16.388 -24.975 43.929 23.785 24.806 41.430 21.518 -13.884 31.846 -1.519 -6.060 -107.594 -23.498 -14.589 24.771 -17.052 31.760 -11.139 -33.906 4.465 10.151 -16.732 23.244 -4.303 31.021 -26.409 35.322 23.479 35.575
INT023 -11.907 -7.414 30.637 -28.968 50.355 24.115 12.647 43.695 13.808 -22.455 34.482 -0.723 -3.527 -110.921 -14.426 -10.836 24.780 -0.998 35.826 -20.305 -25.025 14.379 -1.005 -14.125 8.497 -3.071 22.012 -44.763 38.493 43.001 19.003
INT024 -13.482 -5.447 40.372 -11.857 53.320 32.934 -2.667 27.865 0.548 -26.468 33.524 4.217 -29.770 -129.792 -30.954 -13.743 42.369 -6.527 29.602 -50.806 -2.052 13.657 -1.487 -8.038 -0.483 -5.545 6.474 -59.650 24.205 43.931 25.219
INT025 -6.971 5.787 107.119 -7.015 51.676 44.188 38.371 75.604 57.281 20.764 39.078 4.200 28.985 -54.998 23.975 26.907 70.757 12.191 -11.362 17.315 42.539 81.937 61.873 30.901 17.317 -8.248 71.440 13.100 78.258 97.582 43.798
INT026 -9.137 10.893 103.283 -4.972 26.623 47.128 19.643 60.751 8.817 -5.194 35.153 1.757 0.440 -59.021 -28.356 5.982 36.906 15.067 -10.625 -20.081 11.009 29.161 33.859 20.297 5.201 -15.941 48.153 -31.810 51.176 82.104 23.514
INT027 -15.757 8.540 110.812 -20.769 34.968 28.733 7.836 40.814 -0.046 -43.556 30.533 -5.760 -24.379 -67.572 -49.221 -9.060 33.341 17.453 -19.027 -51.265 -26.208 20.161 1.498 14.597 10.260 -6.807 -2.745 -49.895 33.967 62.736 4.019
INT028 -19.547 -8.279 101.908 -16.483 23.492 20.762 -15.596 12.032 -20.432 -59.873 17.436 -9.391 -46.780 -84.466 -90.167 -42.801 -3.490 11.107 -14.351 -76.684 -40.468 -9.457 -31.800 16.368 2.366 -23.039 -37.308 -76.850 -2.847 51.521 -7.000
INT029 -27.827 25.127 147.025 -23.946 10.384 48.797 28.023 54.703 56.776 7.759 48.026 10.422 12.959 4.337 -16.259 30.178 39.471 22.389 -33.065 -12.658 12.066 44.729 58.737 44.901 25.265 -17.180 63.688 -29.778 52.078 109.622 29.094
INT030 -24.716 22.482 134.529 -36.711 2.350 21.995 2.606 30.145 0.387 -18.545 23.794 -12.703 -61.441 -48.604 -56.927 -3.104 6.089 40.619 -48.395 -50.956 -25.749 16.482 25.643 38.920 -10.990 -14.799 11.299 -49.372 46.023 50.903 9.328
INT031 -14.707 37.127 102.201 -30.207 -2.064 15.798 -6.651 23.346 -10.363 -37.965 6.277 -1.411 -47.720 -73.819 -82.459 -25.573 12.930 33.712 -17.624 -58.288 -52.779 7.918 -7.128 22.255 -52.829 -5.250 -16.719 -68.620 41.438 49.082 -7.675
INT032 -5.185 32.752 63.017 -19.299 8.539 23.011 -8.791 -2.502 -14.663 -43.914 1.433 -18.646 -77.713 -95.223 -82.903 -53.691 -1.819 17.709 -6.376 -76.838 -68.611 -12.212 1.809 27.593 -43.984 4.299 -54.529 -71.174 47.732 46.156 -25.171
INT033 -13.165 23.281 55.189 4.093 22.863 64.972 5.949 31.648 21.862 -1.375 39.130 0.541 -39.948 -42.718 -33.197 -0.413 -12.948 40.832 -19.539 -54.028 -16.569 13.128 43.905 21.889 -0.580 0.175 -42.106 -35.839 55.139 46.415 10.124
INT034 -6.611 18.140 42.404 -9.408 29.639 75.298 7.855 -1.356 27.815 7.502 16.329 -20.083 -64.197 -61.334 -50.990 -7.764 -27.422 46.525 -23.315 -62.940 -24.843 -7.540 23.174 -7.424 10.796 6.042 -63.929 -34.874 65.236 45.318 -15.658
INT035 2.910 27.501 20.174 -10.267 21.359 74.212 10.833 -21.745 14.097 3.701 -4.942 -26.995 -90.609 -58.111 -73.346 -13.074 -7.597 21.277 -23.411 -56.393 -36.889 -29.891 13.546 -6.901 20.054 21.350 -69.869 -8.464 90.140 54.451 -20.271
INT036 22.349 15.058 11.061 -12.447 40.555 59.816 25.044 -24.896 7.324 -11.561 1.488 -33.322 -82.503 -68.724 -77.963 -7.046 4.170 20.142 -9.225 -44.089 -30.594 -38.357 37.320 -5.689 37.135 25.482 -59.544 4.035 142.908 67.154 -33.180
INT037 -3.010 -24.270 6.137 -54.876 -4.221 49.168 22.388 2.386 15.203 9.458 9.260 -37.023 -98.133 -99.951 -97.752 -7.294 -36.050 24.478 0.708 -38.137 -14.555 -31.099 23.640 -34.557 25.980 2.817 3.681 19.528 98.657 51.761 -57.960
INT038 22.359 -8.108 -12.217 -59.028 28.181 48.587 39.237 -16.861 27.897 30.605 12.279 -38.261 -95.972 -100.960 -85.211 4.051 -62.156 26.970 9.958 -19.814 -23.897 -37.745 24.299 -48.343 36.460 13.138 1.953 48.029 101.090 68.783 -61.269
INT039 60.572 17.001 -26.690 -29.408 58.398 30.758 78.385 -23.564 56.073 31.943 2.098 -21.001 -87.343 -89.691 -81.161 18.808 -38.715 25.836 3.582 -2.518 -11.729 -54.388 54.221 -44.608 6.053 25.047 9.659 107.686 116.182 84.201 -60.379
INT040 82.413 33.643 -59.751 -17.645 88.575 8.943 91.479 7.205 95.742 40.740 3.612 -21.303 -48.705 -88.604 -66.552 50.096 -41.571 8.803 4.381 3.805 1.115 -64.122 71.523 -48.005 16.161 36.787 29.580 153.093 154.664 73.408 -48.044
INT041 65.122 -10.818 -65.360 -76.976 56.140 -23.356 43.123 11.978 41.298 -7.040 -15.290 -14.936 -60.776 -97.570 -68.793 -15.460 -83.086 -29.721 -29.122 -4.927 -8.258 -85.913 28.003 -86.484 -7.205 -21.694 40.076 64.756 81.693 -2.271 -94.051
INT042 65.937 6.318 -56.957 -42.100 72.748 -27.588 55.629 42.311 71.664 4.143 -10.959 -7.428 -59.655 -80.870 -33.541 9.093 -71.092 -37.819 -3.498 0.051 -11.596 -70.588 48.006 -79.123 4.360 -2.257 58.547 81.508 72.525 2.128 -88.760
INT043 74.027 24.764 -53.662 -22.087 94.867 -27.014 49.127 36.460 109.298 8.819 29.127 8.540 -21.482 -29.876 -7.685 37.513 -46.952 5.268 -7.945 32.175 14.028 -70.603 78.601 -54.300 2.442 27.236 77.722 101.435 88.339 27.196 -68.687
INT044 76.870 35.969 -23.891 7.665 111.782 -27.024 44.605 49.372 121.657 23.288 56.920 14.776 16.557 -5.483 11.356 65.170 -34.317 23.854 -21.116 68.394 35.324 -51.009 101.432 -43.790 2.264 23.455 76.985 112.084 86.491 40.727 -41.058
INT045 62.716 22.487 -10.397 -30.143 74.227 -29.782 31.765 85.673 71.809 13.719 18.768 12.725 -12.092 18.063 -21.974 -11.633 -62.699 -33.126 -41.598 17.401 17.908 -66.142 64.064 -42.266 -28.184 -25.402 59.066 53.478 50.574 5.060 -25.946
INT046 52.651 25.194 -21.870 -29.316 83.256 -10.370 23.296 95.566 76.552 25.892 39.326 40.294 38.245 42.594 -14.659 -5.586 -46.980 -24.888 -39.306 33.679 15.037 -33.660 67.924 -46.460 -23.667 -27.764 70.818 46.655 61.975 -3.873 -24.762
INT047 50.401 33.123 -18.748 13.019 83.012 0.766 -3.549 117.990 76.020 16.156 60.777 35.497 43.957 69.552 -6.171 25.271 -36.095 -11.880 -31.869 25.499 21.447 -23.882 25.371 -21.401 -30.995 -10.187 79.572 46.805 63.883 9.086 -3.008
INT048 53.890 26.539 -18.796 31.779 94.443 15.493 -5.846 121.090 85.492 12.262 80.034 43.887 53.952 78.967 -1.830 48.204 -18.048 3.398 -26.957 29.691 28.680 -10.061 64.559 -29.964 -14.600 28.315 79.580 57.722 76.139 36.384 -4.229
INT049 46.323 38.471 7.226 3.411 94.896 74.795 13.820 105.686 61.160 21.386 87.996 57.191 32.690 76.177 -6.181 -0.724 -3.951 -25.616 -15.815 -15.648 9.787 -40.051 55.512 -13.638 -32.522 32.666 77.641 43.384 62.348 35.361 -5.541
INT050 29.476 35.282 11.593 17.168 92.246 84.108 8.134 95.171 70.211 6.673 85.680 53.027 15.153 71.748 -13.748 18.832 -5.452 -28.883 -33.552 -25.608 32.539 -32.094 69.581 -20.571 -23.165 31.332 89.675 41.827 86.115 54.329 -24.935
INT051 22.993 30.251 -3.330 49.993 79.777 83.271 -5.522 98.984 87.138 35.484 104.519 71.619 25.443 54.517 -6.080 18.645 1.200 -21.757 -35.320 -4.912 33.880 -30.886 62.880 -3.503 -24.705 33.104 103.198 50.627 100.770 42.897 -11.251
INT052 10.888 18.486 -20.842 70.060 72.582 77.758 -1.537 96.788 81.564 56.042 94.243 71.394 22.693 32.939 4.690 14.137 12.530 -18.429 -57.267 -2.546 48.275 -26.604 74.714 -23.182 -19.804 48.916 115.048 46.458 107.821 53.296 -4.314
INT053 26.698 5.965 -22.776 41.309 73.438 97.323 16.569 112.590 75.201 50.966 84.781 67.881 21.131 58.245 12.857 11.477 37.433 -8.088 -35.530 17.981 20.620 -22.488 47.112 -26.212 -14.366 76.984 93.198 64.345 127.748 82.325 -37.012
INT054 30.618 1.581 -15.204 61.918 52.425 82.833 5.925 101.597 76.799 31.918 53.562 56.116 -3.029 37.496 -5.884 9.806 32.446 -7.808 -48.881 -7.738 7.813 -19.419 32.970 -47.419 3.391 63.124 124.441 62.733 140.631 81.897 -36.254
INT055 39.705 -5.965 -28.263 41.349 32.063 73.750 -1.868 81.442 60.828 39.573 59.690 55.243 3.494 16.427 -1.195 30.668 25.856 10.494 -71.814 2.795 9.345 -14.911 27.798 -58.168 -12.224 59.821 140.042 65.032 127.907 97.226 -53.329
INT056 42.456 -4.916 -49.096 26.614 25.976 48.929 -6.944 67.860 57.522 24.685 56.592 52.588 15.475 21.846 13.917 27.269 28.840 18.826 -55.735 23.056 -4.661 -2.413 32.058 -59.502 -9.606 50.665 119.026 39.251 133.182 90.489 -29.234
INT057 84.660 10.375 -24.695 42.501 38.832 69.002 15.515 77.532 74.268 14.784 58.786 56.987 19.278 59.618 38.443 63.576 59.704 17.440 -18.445 56.492 -0.868 -3.987 16.834 -49.731 43.487 64.413 115.154 66.412 130.661 98.249 -29.308
INT058 87.112 -9.189 -40.020 12.034 14.513 50.775 10.780 52.872 48.269 -3.421 57.038 48.653 -15.644 54.726 35.698 32.974 56.279 11.950 -49.774 51.414 -2.860 -14.384 -18.933 -61.947 74.465 52.130 117.227 80.197 90.991 96.792 -42.426
INT059 70.951 -28.406 -24.332 -13.596 -15.031 34.522 4.386 59.668 39.603 3.797 40.101 33.294 -35.911 48.552 18.963 28.737 45.143 19.810 -49.840 27.037 -10.672 -22.610 -18.238 -61.345 102.801 68.557 107.787 72.722 53.566 87.966 -33.436
INT060 48.708 -49.818 -10.187 -39.463 -19.376 50.442 -5.444 75.629 48.695 -5.755 22.613 31.577 -65.712 49.883 37.863 18.412 58.459 18.195 -63.149 18.037 -2.303 -3.866 -7.123 -85.806 75.065 59.728 89.573 80.760 35.683 86.951 -3.223
INT061 62.931 -1.737 -0.940 28.987 6.351 44.378 24.374 102.516 84.063 7.331 42.622 48.794 -45.225 74.112 74.552 34.887 77.530 55.967 -19.609 34.927 36.330 8.130 42.519 -61.120 130.515 91.320 123.078 106.298 40.379 109.618 45.009
INT062 51.122 -15.654 10.081 8.878 -17.127 23.312 3.540 80.541 71.762 -14.998 10.974 6.292 -69.872 53.467 58.542 17.535 45.936 37.865 -28.144 10.197 30.553 5.954 33.778 -69.943 104.330 77.695 89.585 92.747 -7.635 90.604 24.716
INT063 25.214 -40.103 -7.281 -14.151 -30.544 30.470 -10.538 60.716 54.396 -14.995 2.891 5.699 -83.643 23.075 31.034 -0.302 36.246 25.824 -48.276 -3.007 41.256 7.551 6.650 -81.423 71.316 53.903 59.622 71.283 -35.631 77.616 18.440
INT064 1.064 -63.344 -15.643 -23.344 -40.687 17.708 -8.810 84.224 35.488 -11.225 -14.536 -9.398 -103.592 -7.723 47.750 -14.516 28.200 -2.889 -102.532 -25.800 51.884 10.551 7.367 -72.797 49.549 27.329 28.199 40.221 -48.028 56.719 16.014
INT065 47.632 -47.937 2.699 30.686 4.223 66.716 15.338 109.287 64.377 25.294 24.160 55.573 -46.635 19.321 69.348 39.423 76.076 51.623 -15.934 7.221 83.308 75.629 79.376 -22.416 115.772 41.005 82.160 102.098 46.774 81.717 50.295
INT066 30.254 -59.800 -17.708 4.666 -21.353 49.556 1.135 103.068 57.801 21.118 2.231 39.944 -48.887 -12.429 16.600 16.455 57.367 74.207 -46.489 -9.217 60.717 47.673 53.552 -37.946 74.172 34.796 24.877 73.666 27.146 66.162 50.069
INT067 36.764 -73.140 -27.701 -20.026 -32.411 42.944 5.800 81.252 47.648 30.464 -9.978 22.857 -82.243 -37.873 17.560 -10.018 48.302 63.391 -44.654 -16.965 45.423 46.307 35.481 -19.597 8.981 42.089 11.879 78.868 19.911 76.264 31.614
INT068 -2.968 -96.324 -44.239 -47.475 -49.995 33.125 -8.119 62.152 41.794 30.100 -28.121 5.687 -92.513 -48.372 25.180 -13.546 24.263 24.224 -72.905 -9.087 40.626 20.485 35.622 -15.737 -2.439 40.657 -22.211 70.146 33.780 77.120 31.697
INT069 41.235 -67.113 -17.645 -21.440 -11.391 33.966 -3.009 49.129 45.555 41.390 31.072 57.111 -13.247 -6.117 51.849 28.048 61.554 107.270 -11.660 42.208 76.748 64.403 94.278 1.175 37.217 70.435 60.907 74.152 91.709 84.971 57.887
INT070 26.657 -85.145 -13.720 -43.745 -31.635 4.015 -8.862 3.799 39.735 25.724 -10.123 15.124 -58.923 -25.280 20.057 21.234 18.442 75.807 -26.956 -9.419 25.282 34.270 73.012 -16.534 8.263 46.311 35.117 73.989 78.523 77.113 55.791
INT071 26.696 -86.831 -22.570 -69.469 -32.858 -13.270 8.379 -3.719 40.007 14.210 -38.132 3.109 -83.183 -56.521 6.492 -10.313 6.904 37.461 -60.705 -28.546 -0.791 12.363 51.757 -27.989 -29.736 31.952 -1.388 35.991 44.531 77.552 37.238
INT072 12.690 -86.161 -11.202 -75.735 -33.139 -0.896 13.075 13.452 34.081 5.210 -38.755 7.621 -49.601 -66.618 -1.152 -30.925 -4.271 19.657 -67.334 -41.056 10.222 29.020 39.534 -51.909 -42.107 18.702 2.567 11.417 -3.717 72.476 16.902
INT073 25.184 -65.982 4.076 -46.790 -21.513 -7.516 15.881 -3.930 29.858 1.428 -17.486 7.294 7.524 -46.506 4.711 -3.735 12.181 56.649 -14.978 -9.147 0.520 44.147 63.007 -37.630 -10.416 40.824 32.520 21.472 26.556 63.005 39.284
INT074 8.472 -41.671 26.264 -46.190 -14.580 14.721 15.072 0.226 25.554 -4.199 0.868 20.679 13.214 -47.934 2.774 -8.908 15.905 34.306 -1.877 0.793 6.994 31.887 49.467 -26.200 -18.695 36.632 38.816 20.818 21.033 58.285 50.804
INT075 2.439 -14.645 14.221 -41.865 8.591 8.869 35.156 24.387 6.321 -0.278 16.206 19.936 13.628 -28.670 0.683 -0.936 30.046 42.027 6.817 2.640 2.837 27.387 55.617 -43.267 -12.301 28.254 41.821 27.072 19.662 61.131 43.624
INT076 12.171 20.067 20.373 -31.808 17.332 9.702 26.316 37.255 22.515 15.682 24.796 29.340 22.164 -28.433 -7.329 -3.283 17.462 54.669 8.925 3.864 -4.023 39.161 66.040 -26.071 -8.114 13.132 54.936 39.749 16.534 55.410 56.410
INT077 27.791 41.585 32.519 -15.940 1.272 11.375 5.093 58.602 5.549 9.462 12.112 16.764 18.407 -28.543 12.935 -1.368 10.838 40.614 24.211 -5.044 8.144 45.873 35.554 -16.020 14.934 27.088 48.294 40.418 11.754 43.483 48.881
INT078 12.859 65.153 16.052 -26.972 8.703 11.508 -6.792 54.229 -0.138 11.011 20.928 -2.739 12.246 -44.642 0.987 -15.868 9.196 38.180 33.186 -0.250 -5.989 21.181 37.299 -1.487 3.404 24.543 55.362 37.628 2.931 31.297 55.880
INT079 11.590 51.871 14.620 -20.493 21.671 11.589 6.275 53.752 -1.894 29.510 27.745 8.012 -34.960 -45.998 17.130 -25.776 26.593 39.069 25.805 8.773 -9.283 17.080 48.517 -4.225 -3.257 14.430 40.204 36.456 14.836 22.315 51.658
INT080 -2.180 43.687 -5.432 -15.397 19.270 23.322 -5.041 58.940 5.666 33.278 26.871 0.631 -47.531 -34.308 8.897 -26.935 11.991 42.019 30.837 4.912 10.518 36.892 48.280 4.803 -5.762 5.626 35.576 34.825 2.345 6.588 35.609
INT081 -3.597 19.211 -16.582 -42.552 -31.007 46.241 -30.580 78.628 6.581 -18.713 5.864 -17.030 -82.101 -59.409 -8.646 -20.794 24.867 16.761 28.845 -20.375 1.902 9.207 39.714 -7.068 2.662 -13.128 11.205 8.008 -0.051 -0.756 23.138
INT082 -7.457 22.994 -36.453 -31.373 -11.531 52.849 -30.744 67.242 -5.071 -6.860 6.110 -1.393 -69.245 -57.764 0.899 -24.223 34.510 21.276 33.295 -17.077 10.773 19.773 48.450 13.536 6.015 0.255 7.319 8.297 7.507 -8.117 30.083
INT083 3.789 21.099 -57.033 -45.153 -2.349 52.692 -4.532 56.535 12.405 8.276 8.438 -1.268 -61.073 -25.260 9.043 -15.561 54.658 16.278 20.393 0.016 11.803 13.424 56.509 30.443 11.251 3.620 10.052 10.111 -1.428 0.377 43.486
INT084 12.873 15.146 -72.320 -43.942 9.078 44.017 0.464 56.200 24.521 22.760 9.860 -1.407 -60.953 -26.148 11.109 1.233 48.510 6.494 43.096 10.784 36.395 25.683 47.500 54.453 20.133 13.221 3.455 21.493 6.719 11.199 49.090
INT085 6.463 13.397 -89.703 -40.754 -21.267 62.243 0.902 52.529 6.610 -65.109 -30.110 -6.090 -70.734 -53.593 -3.386 -11.549 17.663 39.238 48.108 -31.774 19.255 23.425 3.494 30.691 7.599 9.637 7.993 12.412 -4.002 0.483 26.374
INT086 6.474 30.551 -88.136 -38.808 5.977 55.551 7.726 63.463 12.614 -70.379 -23.287 17.133 -71.639 -52.460 2.532 -0.848 28.741 39.421 61.786 -20.505 22.362 29.967 32.589 44.843 9.941 27.511 -6.456 20.147 6.307 6.096 26.898
INT087 -5.912 39.703 -110.074 -34.904 3.133 53.985 20.714 81.084 32.063 -51.547 -8.147 15.720 -41.700 -29.098 27.647 24.484 36.135 29.629 30.569 9.524 20.207 48.771 29.064 22.266 5.905 26.901 14.629 18.385 -7.290 12.922 39.554
INT088 -7.940 54.872 -80.393 -38.362 13.057 46.155 39.830 109.228 31.739 -7.200 -1.653 18.329 -26.410 -8.960 39.572 50.985 35.838 39.195 54.964 12.154 43.150 80.464 53.947 21.229 8.036 44.371 33.328 36.871 16.215 34.496 51.526
INT089 -25.554 10.452 -55.596 -52.118 -29.398 16.514 7.724 37.083 -31.645 -30.103 -42.201 0.843 -64.238 -43.406 -19.834 -24.710 -4.876 -4.567 14.918 -41.050 -13.566 31.364 -4.105 -28.324 -22.430 5.947 12.146 -4.016 -15.047 -19.001 -1.937
INT090 -14.365 24.223 -75.802 -34.894 6.966 19.854 19.760 54.299 -26.448 35.806 -1.971 -8.233 -44.955 -22.351 0.279 4.586 22.084 30.926 27.397 -9.604 7.951 41.462 -0.126 -35.529 -9.465 21.269 17.401 -0.872 -10.950 2.122 7.835
INT091 -6.403 22.692 -97.769 -22.346 0.665 29.983 37.126 62.815 -19.315 102.748 2.128 4.573 -12.354 -9.643 12.579 13.290 42.946 7.986 2.969 14.236 14.005 60.465 21.479 -28.688 -20.021 18.639 23.717 20.614 -11.941 8.264 22.623
INT092 6.132 28.630 -97.492 -12.601 -2.664 30.975 40.133 79.277 -13.544 121.547 19.902 28.802 11.138 28.850 26.776 53.625 59.103 27.794 1.811 34.931 39.529 76.420 50.674 -5.319 -0.545 27.852 36.569 51.350 13.009 35.104 46.546
INT093 -26.838 4.404 -141.453 -58.669 -59.091 6.595 4.872 9.497 -43.969 76.963 -26.746 -13.034 -51.411 -47.712 -28.895 3.173 -2.784 12.395 -21.267 -36.067 -2.172 23.835 -1.946 -49.930 -33.196 -18.762 17.485 15.675 -24.120 -20.562 -8.714
INT094 -18.275 8.492 -132.709 -28.278 -39.801 17.710 1.620 3.166 -21.746 76.758 -19.379 -17.460 -22.438 -31.948 -7.675 16.591 25.551 29.017 -18.753 6.306 14.487 28.477 20.899 -50.650 -18.805 -5.838 32.153 16.943 -3.392 -0.104 15.905
INT095 -8.693 -0.384 -122.073 -14.048 -40.869 46.934 32.432 6.962 0.693 86.877 -10.535 -32.385 -17.343 -5.139 -6.364 25.478 28.882 26.354 -16.283 6.634 18.743 46.335 25.574 -32.130 -15.973 3.453 34.704 10.512 -4.162 1.191 10.407
INT096 -7.731 10.493 -91.695 -15.944 -27.063 62.886 39.420 39.352 9.673 82.023 -2.691 -1.670 -29.973 17.221 26.423 46.915 25.024 39.936 -22.946 19.163 24.238 37.364 32.755 -18.329 -11.476 12.675 48.707 38.080 10.586 12.096 25.767
Situatie privind dezechilibrul SEN pentru fiecare interval de decontare din luna Octombrie 2024
1/1