PDF PAGE 1
Data: 28.09.2026
lei/MWh
Interval/Data 01.09.2025 02.09.2025 03.09.2025 04.09.2025 05.09.2025 06.09.2025 07.09.2025 08.09.2025 09.09.2025 10.09.2025 11.09.2025 12.09.2025 13.09.2025 14.09.2025 15.09.2025 16.09.2025 17.09.2025 18.09.2025 19.09.2025 20.09.2025 21.09.2025 22.09.2025 23.09.2025 24.09.2025 25.09.2025 26.09.2025 27.09.2025 28.09.2025 29.09.2025 30.09.2025
INT001 -1,056.02 214.83 6,450.81 6,986.60 273.21 108.28 270.54 699.81 147.51 787.87 6,901.55 202.96 -126.68 797.34 549.00 -105.60 534.15 -649.80 4,458.15 261.86 21.47 799.72
INT002 -10.50 107.49 5,524.39 6,854.97 215.83 699.40 -710.83 1,003.22 4,856.14 183.31 -175.87 773.43 549.00 6.68 187.32 303.64 -348.85 763.87 86.64 2,808.67 183.98 195.03
INT003 -224.75 -5.69 1,345.59 947.22 -68.95 699.82 254.33 935.29 1,083.05 49.36 99.57 43.49 740.53 275.04 -782.57 19.33 547.89 76.32 304.54 -1.77 6,737.27 15.03 242.19
INT004 -243.68 -278.54 867.72 972.22 -148.61 -2,436.95 698.76 258.24 699.68 1,076.98 334.57 -3,319.28 -169.24 741.54 -2,336.20 675.19 178.13 -67.34 59.93 5,673.52 5.80 -238.87
INT005 -71.62 1,313.81 1,343.38 128.00 3,331.85 1,690.60 183.13 4,056.46 253.88 -336.47 101.61 952.26 -159.52 184.78 545.92 -121.67 793.83 85.72 712.00 807.72 1,046.22 270.08 -127.21 2.12
INT006 211.47 1,088.90 215.88 699.01 154.82 915.95 193.77 888.36 335.43 195.85 186.75 933.59 736.90 111.64 -116.99 209.93 1,670.16 204.48 657.12 759.00 579.89 884.38 1,705.42 312.22 -195.06 221.86
INT007 111.39 662.15 227.69 146.16 699.67 136.24 896.92 911.39 114.46 13.45 156.73 977.68 -30.67 -581.65 200.23 783.48 193.13 646.00 337.94 830.61 877.37 287.55 161.73 173.37
INT008 -19.16 686.73 -1,635.96 117.50 1,580.57 968.45 664.00 780.80 -40.67 73.81 190.89 703.62 -425.17 -1,079.61 111.51 545.49 646.00 498.54 859.94 291.51 94.51 -272.21
INT009 156.52 184.76 788.23 1,162.78 711.64 816.98 241.99 902.14 266.85 42.87 1,188.09 298.74 -109.78 -185.39 743.43 126.50 471.10 808.15 475.00 884.75 800.20 201.98 137.51
INT010 138.08 129.82 798.75 258.92 758.66 752.45 229.43 828.71 800.69 4.06 961.79 -194.29 -491.51 187.85 119.86 646.00 725.03 475.00 901.99 925.42 85.51 166.61 -39.22
INT011 158.74 136.94 698.71 259.12 910.87 120.88 699.68 194.65 250.89 821.15 778.20 115.14 -738.34 -1,413.70 160.53 679.09 617.66 741.00 388.07 907.89 799.00 799.00 233.10 -106.69
INT012 91.63 2.43 698.85 345.54 630.00 698.81 217.34 699.11 218.67 699.05 173.12 811.44 691.00 567.00 705.54 -432.54 -5,705.50 94.14 685.40 25.21 637.28 721.00 793.87 204.95 33.85
INT013 92.17 -5.03 699.50 345.41 775.94 311.54 699.91 289.05 -2,298.54 826.42 696.86 212.54 2,547.02 226.91 -343.34 -2,574.33 498.38 785.87 798.92 189.93
INT014 304.72 367.15 699.93 205.76 688.90 699.68 165.55 320.74 263.08 -3,294.46 811.59 692.85 196.85 758.71 684.00 -781.55 85.80 -62.68 152.05 772.30 778.75 303.99 799.36 -13.02
INT015 289.99 390.00 699.83 199.14 673.35 699.76 41.39 215.73 267.30 -3,828.08 945.80 952.83 697.00 252.55 747.39 650.00 -464.91 -16.87 492.18 146.66 771.27 795.92 157.35
INT016 191.46 215.06 699.26 -859.52 598.00 316.93 -4.70 234.05 313.74 372.32 -71.30 699.00 801.78 186.17 238.06 698.10 700.01 -644.30 -205.95 494.74 582.00 707.37 475.00 1,356.19 796.46 184.95
INT017 188.33 4,736.20 -4,050.41 699.07 699.88 131.03 698.94 263.30 -17.76 699.00 806.41 165.68 162.04 696.59 649.00 -186.66 -665.01 110.82 622.25 798.99 475.00 883.79 802.83 236.31
INT018 197.51 105.26 2,806.52 -4,384.38 699.33 699.70 155.86 247.59 314.60 699.00 827.33 219.58 694.86 649.00 -171.03 297.97 51.00 646.45 797.11 836.36 799.87 202.95 200.88 720.79
INT019 219.93 2,486.64 -3,441.04 698.90 148.45 158.63 350.60 568.00 699.00 807.81 2.55 286.78 790.54 617.00 210.43 -71.44 222.19 501.49 474.07 591.19 786.43 475.00 866.43 798.58 150.52 171.37 683.16
INT020 209.79 4,440.85 -4,999.00 698.96 266.19 0.03 176.59 149.29 -3.43 699.00 810.02 23.28 744.61 668.72 231.28 542.41 582.00 759.00 881.46 799.74 122.44 94.90
INT021 176.30 75.74 1,220.34 -3,113.07 698.83 699.77 -39.05 699.50 272.34 192.03 -224.48 699.00 786.77 86.72 755.78 616.00 36.50 -383.44 493.64 602.71 667.00 788.20 803.33 152.08 -222.69 166.03
INT022 151.62 1,305.34 -575.85 0.17 179.07 128.41 0.00 774.68 89.91 485.00 789.40 616.00 -282.54 553.38 196.36 -49.16 781.21 795.05 799.38 184.04 -91.64 204.01
INT023 2,589.27 -602.49 21.84 305.71 699.00 132.42 485.00 800.00 586.00 474.87 -213.50 486.46 494.61 474.25 661.69 797.92 475.00 790.32 794.98 283.79 242.76 254.59
INT024 995.15 192.39 285.23 0.32 250.60 -118.27 252.08 703.67 141.97 593.76 858.33 638.00 -5.15 474.03 493.27 653.80 797.21 3,870.98 568.36 784.25 210.57 72.07 124.51
INT025 57.87 320.35 49.97 699.46 930.39 76.09 -1,558.65 699.00 784.50 215.06 878.82 -13.43 -2,914.59 472.60 588.47 570.87 788.60 799.89 945.16 759.00 159.26
INT026 331.40 699.16 699.92 723.30 53.79 689.10 206.28 699.00 800.00 297.75 475.00 946.05 723.95 85.19 -410.73 849.25 651.21 462.50 799.90 860.69 611.64 900.32 818.00 759.00 -80.66
INT027 857.52 216.76 1,066.19 699.88 53.61 279.45 250.10 3,402.65 -65.50 271.19 843.78 1,126.01 880.05 475.00 166.40 847.42 705.51 4,854.27 799.66 1,132.63 846.43 959.74 1,002.33 765.67 296.36 839.18
INT028 3,657.83 130.92 6,337.80 124.57 737.78 137.31 -83.07 846.58 166.01 2,541.65 46.50 145.87 858.16 1,742.34 -303.27 849.53 543.74 2,385.61 2,952.28 799.97 833.31 3,358.43 940.17 849.49
INT029 -2,133.07 -3,121.81 932.74 698.97 45.58 316.15 3,258.22 -4,986.39 985.86 793.28 969.61 964.44 -4,268.56 202.38 935.90 500.24 1,003.69 799.67 800.00 799.69 1,175.36 249.87 797.15 -135.72 310.01
INT030 878.72 322.71 997.26 145.26 732.50 184.00 1,815.63 -305.83 942.46 762.26 1,085.42 1,012.43 3,585.17 784.23 1,316.43 472.36 994.97 969.14 1,116.09 941.26 1,018.46 813.06 799.79 308.57
INT031 3,141.78 -213.90 2,867.56 282.14 952.15 280.22 10.26 878.30 1,341.73 390.00 188.50 1,043.49 732.46 828.60 2,572.88 708.73 472.36 1,027.26 1,030.34 1,207.58 981.31 3,220.87 800.79 1,025.86
INT032 1,959.32 699.98 3,960.59 379.54 898.17 -341.09 9.89 322.29 3,861.40 307.24 248.96 807.15 375.41 820.39 1,045.45 739.78 472.36 1,013.65 889.45 883.20 3,326.01 799.51 151.22 1,123.57 1,157.02
INT033 1,042.39 1,121.12 882.01 745.66 -417.39 17.26 4,530.64 157.24 871.97 656.55 295.14 391.62 2,148.78 801.28 1,080.20 899.97 476.52 1,083.88 842.76 800.00 879.29 2,629.79 1,416.08 1,187.56
INT034 1,048.83 1,013.84 757.65 699.82 -43.32 8.88 3,621.33 362.07 1,240.15 679.78 675.89 156.52 4,182.61 811.90 917.83 475.31 1,086.11 1,061.27 800.00 1,028.86 6,325.13 234.94 219.71 1,922.40 1,791.69
INT035 1,064.72 781.35 699.32 -7.05 -64.37 -197.88 1,577.49 219.20 1,075.48 627.52 932.27 -481.87 35.43 2,708.09 -4,659.16 980.56 1,484.63 194.76 750.33 1,086.40 4,193.97 154.21 5,682.06 1,258.70
INT036 315.88 609.45 212.35 279.63 -100.39 -64.34 -3,074.37 1,547.84 318.45 -1,150.18 1,119.44 630.60 813.32 -1,327.32 -1,114.27 1,084.55 799.97 847.75 -279.89 988.59 3,310.73 158.49 1,960.72 1,017.69
INT037 1,110.75 3,614.22 -16.04 748.73 285.73 450.00 -1,213.78 3,593.36 4,814.25 800.00 786.39 1,611.21 -430.38 1,338.31 -2,347.04 6,163.32 63.87 461.93 1,298.99 908.94 247.85 6,281.30 1,136.86 993.74 799.00 1,407.43 2,268.07
INT038 2,000.42 699.91 134.56 825.45 339.81 15.55 -173.92 1,302.36 6,499.52 697.28 800.00 791.41 567.96 -98.01 1,826.25 3,133.20 -899.11 548.86 894.96 800.00 6,291.27 1,095.41 824.19 2,870.37 2,340.04
INT039 3,138.49 265.71 125.06 699.91 355.03 -81.66 450.00 -152.74 1,258.02 3,582.25 696.45 800.00 699.00 -499.02 1,009.74 3,279.61 -4,150.42 773.82 280.93 1,016.12 2,019.09 208.53 1,590.50 1,077.80
INT040 792.74 -239.44 234.21 305.75 -271.87 49.66 -898.75 1,272.25 961.37 867.96 800.00 795.88 -838.33 -4,091.68 1,005.66 -6,988.34 791.68 -294.51 -6,154.74 1,073.87 1,256.08 175.37 175.62 3,175.53 803.12
INT041 390.00 187.05 103.81 686.39 251.75 79.34 337.72 17.71 830.18 3,503.31 923.27 488.10 862.20 505.00 -3,583.21 1,248.44 -1,764.52 5,678.21 2,977.58 -1,170.17 673.56 1,005.95 882.24 901.58 326.93 4,672.59 1,250.01
INT042 311.24 221.90 660.00 25.41 49.75 13.95 263.08 -100.34 390.00 1,664.12 944.17 699.00 22.82 -2,960.85 935.15 995.49 -264.27 275.14 734.61 932.35 2,001.29 101.11 715.00 1,176.01 799.44
INT043 699.78 210.52 156.78 -2,470.26 -0.46 176.99 -61.36 785.92 1,654.77 908.76 380.53 -3,743.05 -2,296.79 -1,710.72 -470.12 628.00 -728.07 -103.51 616.52 787.80 948.76 36.24 -528.38 1,040.17 679.55
INT044 696.34 59.63 190.00 2.50 25.15 -157.04 317.10 699.66 399.23 -5,000.00 -103.45 -3,493.93 -51.23 -1,720.71 548.78 550.00 329.81 697.66 -690.37 175.72 1,026.39
INT045 550.00 550.00 633.74 -850.80 59.63 -62.99 728.93 285.99 390.00 -4,999.94 664.17 10.94 710.77 -151.41 193.54 3,012.60 32.07 550.00 716.98 531.22 827.85 242.47
INT046 564.84 550.00 550.00 57.17 18.93 307.57 397.86 1,859.81 -4,999.97 837.50 32.48 -17.46 -99.58 211.57 39.73 450.10 29.65 550.00 614.53 531.22 227.81 196.00 120.44 962.45
INT047 554.38 550.00 550.00 0.04 -169.51 7.89 699.48 699.00 -1,062.75 882.62 20.82 -234.85 -343.79 -604.00 -256.38 9.31 550.00 566.47 528.22 -534.25 30.14 259.73
INT048 550.00 550.00 550.00 29.29 -1,165.14 26.45 6.31 699.00 352.84 -1,876.30 -149.99 680.28 30.24 -3,555.25 51.27 -4,863.47 -972.70 20.17 556.75 528.22 -715.80 -440.98 799.00 -1,705.97
INT049 549.00 612.76 608.62 15.94 -6,215.93 -45.97 0.97 699.00 699.00 234.42 837.20 -29,150.06 545.96 550.00 -2,418.22 -24.40 -2,020.05 -614.87 550.00 524.31 652.71 750.16 100.64 -719.37 306.86
INT050 1,293.02 559.77 495.91 26.41 -4,142.83 -18.35 8.55 699.00 699.00 462.03 822.54 539.56 550.00 -87.31 535.34 56.91 459.35 0.38 -24.45 69.01 655.05 744.87 -221.87 -829.54 752.99
INT051 606.84 555.14 38.59 32.07 13.42 -5,216.11 -58.55 17.66 699.00 386.58 169.69 0.85 462.03 765.68 36.21 32.57 450.03 478.78 -220.63 -11.58 -79.28 63.61 659.00 748.93 167.84 -4,676.75 786.81 6,699.36
INT052 578.45 118.06 25.78 16.56 0.00 -1,632.87 -63.22 34.20 699.00 699.00 699.37 536.13 39.46 450.03 531.03 112.79 -162.30 2.79 52.69 86.60 654.53 215.31 -43.75 -245.56 708.30 6,156.90
INT053 644.55 45.66 29.77 5.94 9.73 0.06 -46.89 36.09 681.00 699.00 202.56 0.55 450.00 -2,106.88 -4,337.64 -131.14 -3,689.21 -73.61 532.51 531.26 -955.70 -71.19 550.00 -179.88 669.87 202.71 199.10 -1,175.54 792.44 849.81
INT054 550.00 540.00 475.00 0.03 16.68 -8.69 -59.50 522.00 681.00 699.00 550.00 -451.23 -3,555.68 -768.94 519.67 -1,967.11 -270.30 555.08 450.00 -611.93 -32.38 550.00 -13.09 1,185.31 223.10 115.40 -930.19 797.45 851.57
INT055 640.34 687.73 25.04 8.89 4.51 -21.21 -67.63 522.59 681.00 699.00 186.78 -668.68 -1,216.01 -1,491.44 515.77 -161.86 -790.06 -10.34 450.00 -5,150.82 -1.12 550.00 30.71 852.37 195.54 -3,427.53 -22.39 800.00 6,310.48
INT056 645.92 626.32 23.84 0.70 0.63 -19.60 -62.44 522.00 876.70 760.36 188.87 -2,071.89 0.00 -4,045.68 -19.02 -112.29 450.01 453.88 450.00 -6,047.58 -85.72 550.93 41.33 811.86 374.00 -1,551.56 -26.78 799.96 3,670.01
INT057 563.34 603.76 24.12 11.80 10.96 -9.09 -62.27 173.66 876.94 704.08 840.60 141.43 -4,468.14 -180.93 -2,258.36 530.53 -133.02 -137.93 482.77 -4,800.26 -955.78 32.12 61.87 1,173.03 192.47 -96.70 -5,453.26 796.11
INT058 563.49 546.64 0.09 -18.87 0.60 0.70 -55.39 340.63 681.00 1,017.40 762.36 185.55 -3,774.79 -2,559.43 706.59 -290.87 450.00 505.18 -6,452.82 -219.58 -395.78 517.24 2,977.59 -220.09 -1,951.06 777.95 832.85
INT059 5.99 524.19 -5.65 630.68 -60.07 783.24 681.00 787.58 698.80 -273.44 450.00 -1,935.17 685.37 -94.75 -144.54 -9.37 489.60 -6,125.78 -86.06 -320.84 1,479.23 1,527.55 191.85 -184.01 -1,775.93 839.59 2,684.15
INT060 0.01 518.17 9.68 630.00 -130.09 279.43 681.00 699.00 692.25 -23,703.91 2.56 450.00 480.86 -1,807.07 -3,036.04 464.60 453.08 -4,079.54 -2.73 -22.15 1,671.49 665.71 193.08 -129.54 -301.62 803.66 3,647.34
INT061 -25.66 344.40 195.30 -118.62 -70.49 694.83 231.88 696.65 -30.48 -4,284.00 -831.35 211.84 450.00 -6,085.48 473.19 93.99 688.04 733.82 64.40 -2,710.46 43.24 799.09
INT062 49.31 554.30 7.28 30.26 313.98 -50.77 -144.02 27.92 754.30 699.95 699.97 -4,601.89 472.51 185.76 -3,027.58 450.00 558.14 -6,790.02 25.31 550.00 2,574.79 729.45 88.73 798.21
INT063 29.02 597.25 10.19 621.12 64.86 257.99 3,713.95 -804.08 -300.03 568.25 215.23 -90.28 -754.52 523.08 588.89 -2,515.23 36.01 159.74 701.08 761.73 663.00 589.66 -253.19 827.20
INT064 65.64 208.90 2.74 105.91 450.00 450.00 40.61 239.10 699.85 3,310.16 -3,068.81 18.52 824.36 0.16 200.42 526.38 3,467.32 0.00 482.92 539.98 740.75 887.08 652.22 674.79 998.05 -731.89 806.00
INT065 14.41 53.78 28.94 0.02 46.32 -5.19 1,130.53 820.71 120.38 -63.96 48.35 0.90 261.14 -3,345.27 90.00 76.49 -984.43 268.49 2,237.35 1,137.75 358.77 -281.62
INT066 652.93 96.65 14.57 11.44 629.45 -729.68 222.49 865.85 949.04 -82.78 475.00 499.65 22.24 514.22 69.25 473.94 119.74 273.36 971.85 917.55 786.52 213.36 475.00 758.47
INT067 508.50 620.12 677.67 12.52 804.56 616.96 -19.83 0.00 950.69 144.44 -67.20 11.00 538.23 600.81 492.90 628.89 470.69 299.22 1,219.38 916.87 767.07 252.89 5,387.86 719.22 814.07
INT068 474.11 252.13 658.03 0.60 4,232.79 224.82 390.00 935.13 205.43 550.27 595.10 751.71 -3,162.98 955.57 473.36 529.71 735.40 733.81 3,359.42 925.60 873.57 1,679.03 720.89 224.33
INT069 15.95 -178.01 24.52 -6,043.27 -35.74 0.82 1,210.39 -5,597.37 550.84 -327.42 718.66 190.55 -6,819.03 509.06 -149.89 23.51 -332.27 -39.54 -3,591.55 1,168.05 -736.30
INT070 576.88 51.15 204.79 -904.21 617.35 53.08 288.19 231.88 1,167.09 316.43 -482.92 496.46 475.00 922.12 196.35 -7,324.64 736.14 3,666.49 -200.31 138.19 109.08 271.78 755.95 595.50 -478.85
INT071 185.33 668.80 3,879.36 191.36 -75.76 1,855.21 611.34 249.71 153.35 1,689.05 -361.54 514.80 244.30 955.52 638.11 5,338.08 4,759.12 685.47 1,739.78 -1.02 227.08 1,003.17 974.37 114.97
INT072 199.68 3,708.80 3,262.30 682.02 3,187.91 3,491.70 296.29 156.32 282.01 -224.63 -172.47 565.26 852.84 1,037.97 473.11 1,369.15 6,999.55 3,163.16 6,062.95 6,223.32 2,676.81 2,024.43 96.36 4,003.90 1,691.89
INT073 2,146.69 650.36 225.41 -1,700.30 -3,287.84 -4,465.83 -2,641.68 219.77 -1,369.53 1,294.92 3.69 -4,154.55 784.78 -5,531.62 2,689.89 847.39 816.17 400.00 232.47 127.61 -6,814.26 -421.95 666.49
INT074 4,767.80 475.00 2,115.06 16.60 181.01 -1,799.80 240.62 344.18 -428.28 -4,032.31 1,358.96 1,050.56 475.00 5,328.25 801.56 886.20 1,452.60 211.12 208.39 -834.89 202.32 1,725.84
INT075 6,598.42 2,883.46 846.07 -147.36 239.66 203.96 -237.93 180.72 217.61 -817.11 111.97 -4,170.98 3,978.68 1,126.51 -2.27 301.26 6,891.80 1,951.96 868.40 1,280.50 1,177.31 308.98 161.13 225.94 3,585.16 780.66
INT076 6,154.42 6,960.66 6,690.08 4,764.97 824.96 209.61 14.68 1,616.97 347.93 291.30 1,216.72 220.89 2,137.26 6,679.27 3,818.49 317.11 796.37 7,001.00 0.00 7,000.05 1,562.78 1,306.23 6,445.25 164.70 259.99 225.85 6,284.45 2,298.24
INT077 1,031.70 1,063.60 54.61 184.84 -3,970.84 668.08 699.73 -445.21 -2,916.76 219.65 2,407.00 1,206.87 -2,031.93 -2,111.16 216.65 2,670.85 288.97 1,264.69 1,974.24 1,033.83 288.07 257.72 295.78 743.21
INT078 3,691.61 925.87 1,495.19 -67.23 220.23 196.55 -1,714.86 287.82 946.80 86.96 555.31 292.46 1,410.64 -35.82 390.00 83.75 1,431.57 -280.27 1,129.18 1,022.17 1,498.91 1,100.78 200.28 258.96 1,947.70 1,760.59
INT079 1,245.37 3,673.10 236.70 623.85 265.68 270.30 912.67 259.42 1,260.52 -314.64 1,445.97 2,199.44 374.29 4,079.22 103.43 1,541.79 1,944.74 1,455.98 1,172.91 794.17 653.63 2,093.22 2,401.66
INT080 876.60 2,499.33 1,335.76 3,606.65 1,485.08 2,682.04 1,463.25 1,467.90 1,453.05 1,434.41 4,736.40 350.15 1,261.86 4,261.62 5,866.64 1,632.28 4,270.03 55.08 2,227.08 3,581.85 1,499.67 1,914.04 916.47 1,375.35 1,068.56 2,389.11 3,357.62
INT081 228.75 2,664.66 1,306.46 -511.01 179.21 185.60 1,086.23 209.88 2,115.81 837.27 191.89 1,275.29 1,756.58 4,665.36 926.04 180.09 967.08 1,105.85 1,675.47 2,941.20 1,722.57 1,135.39 231.92 1,019.24 2,035.54 4,117.48
INT082 376.66 2,068.09 1,774.34 337.98 567.12 288.13 3,889.06 290.30 799.91 1,723.14 2,228.89 1,874.57 363.02 2,161.12 745.62 269.37 798.92 4,522.22 1,807.61 1,585.32 229.54 800.00 358.27 2,263.47 4,808.69
INT083 118.34 2,439.10 5,957.93 387.16 362.65 1,196.42 1,973.86 1,796.95 390.00 327.08 280.80 5,045.79 1,720.17 390.00 2,368.49 714.81 327.69 2,101.62 -1,129.32 197.75 799.93 255.43 2,059.30 2,213.88
INT084 143.75 1,850.86 4,349.37 372.26 326.88 188.20 1,167.48 2,163.61 1,597.63 1,832.35 384.48 239.33 315.00 1,780.99 219.08 3,640.66 624.62 299.93 1,799.63 305.65 186.15 152.24 273.78 2,027.98 2,131.44
INT085 1,744.29 4,074.50 1,235.04 344.51 924.48 1,916.36 1,488.52 1,333.79 1,182.04 799.80 1,002.78 266.25 1,529.40 1,021.94 5,571.22 -19.29 853.00 887.37 352.39 799.65 799.73 775.76 699.57 219.27 1,013.79 1,517.51 5,197.27
INT086 1,016.84 2,015.55 1,282.61 325.84 699.70 1,704.25 1,329.05 1,368.52 740.33 775.76 236.52 1,065.96 894.84 1,225.39 -260.38 799.75 70.22 266.01 307.67 1,429.60 6,370.77
INT087 216.69 1,042.37 2,696.27 -3,885.60 300.63 700.00 810.50 976.45 218.76 202.15 2,405.48 -639.19 783.65 275.28 233.52 246.44 708.35 298.28 255.25 2,999.82
INT088 -316.42 -6,208.41 268.93 699.26 -245.45 700.00 700.00 700.00 131.49 258.78 23.91 -640.03 -784.55 -891.48 -224.52 948.63 311.96 892.93 59.55 230.20 886.86
INT089 1,028.67 6,715.22 1,262.11 -384.62 700.00 3,975.35 68.03 1,132.47 328.92 1,106.55 1,199.37 800.00 299.22 -266.49 799.72 1,419.69 22.59 986.93 130.49 19.30 748.05 966.76 681.49 1,004.13 1,026.96 287.04 911.15 1,120.72
INT090 89.86 5,423.30 2,069.56 2,574.39 16.50 235.14 700.00 905.91 836.40 221.01 43.96 198.87 1,096.27 239.40 247.55 963.76 289.44 54.45 234.98 916.26 955.17 226.90 1,145.70
INT091 -70.78 809.36 90.33 1,692.55 142.94 700.00 780.57 132.98 131.97 236.28 316.28 -46.03 139.30 791.18 328.03 26.04 237.64 -84.83 290.09 869.07 321.72 236.56
INT092 -3,228.50 699.36 1,445.61 -38.80 -228.58 705.22 31.27 -2,912.94 61.33 978.38 -1,734.15 -335.01 165.28 115.56 -3,156.41 -2,763.23 227.56 -216.99 67.43 -206.74 -399.16 783.03 -186.66 -378.59 251.62
INT093 -1,325.08 3,758.21 5,420.66 114.36 6,820.95 -1,721.70 150.95 143.19 1,158.18 6,149.00 -457.80 -26.29 52.74 -1,028.64 -937.38 793.26 -984.09 549.90 1,439.11 1,020.95 0.00 108.22 806.64 925.73
INT094 175.68 3,394.48 6,499.67 665.00 347.08 6,455.62 186.81 262.80 228.64 169.72 939.46 4,204.85 183.72 183.61 225.04 94.60 -72.57 254.90 233.48 -61.43 272.67 782.97 930.34 802.79 239.31 1,103.80 1,009.00
INT095 -3.43 1,522.10 6,499.76 665.00 366.29 5,313.47 209.11 -2,382.80 128.20 305.76 1,166.36 4,582.28 221.56 186.54 276.14 232.49 60.70 -66.32 238.59 793.68 261.43 796.36 906.09 -238.07 827.41 784.21
INT096 -56.49 875.38 6,791.23 324.08 273.75 5,055.40 175.12 -9.56 -162.76 1,028.82 948.65 208.59 -517.68 244.91 -30.06 137.85 332.69 -24.71 307.75 234.46 221.42 882.43 301.42 -393.19 823.17
Pret Final Unic din luna Septembrie 2025
1/1