PDF PAGE 1
Data: 01.07.2025
lei/MWh
Interval/Data 01.05.2025 02.05.2025 03.05.2025 04.05.2025 05.05.2025 06.05.2025 07.05.2025 08.05.2025 09.05.2025 10.05.2025 11.05.2025 12.05.2025 13.05.2025 14.05.2025 15.05.2025 16.05.2025 17.05.2025 18.05.2025 19.05.2025 20.05.2025 21.05.2025 22.05.2025 23.05.2025 24.05.2025 25.05.2025 26.05.2025 27.05.2025 28.05.2025 29.05.2025 30.05.2025 31.05.2025
INT001 452.79 52.92 1,431.64 65.12 189.80 92.03 -29.11 141.72
INT002 2,636.72 2,380.26 722.44 410.09 403.42 103.36 240.50 157.73 159.03 650.00
INT003 703.88 629.02 353.31 197.17 308.51 246.05
INT004 875.15 922.63 164.05 50.67 74.84 71.55 117.02 797.33
INT005 315.31 909.37 1,231.32
INT006 877.63 324.25 884.14
INT007 726.55 134.26
INT008 735.55 722.00 1,500.68 210.20 207.84
INT009 876.07
INT010 438.22 215.78 276.38 466.23
INT011 80.07 77.24 279.95 100.64
INT012 902.71 663.35 182.05 104.44 669.12
INT013
INT014 764.44 29.44 287.56
INT015 5,282.73 358.60
INT016 305.97 483.68 199.82 701.64
INT017 744.00 1,477.65 169.79 105.22
INT018 744.00 820.99 323.73 428.96 734.28 136.65 454.05
INT019 744.00 10.24 804.32 329.74 742.42 705.50 1,072.81 699.00
INT020 40.65 26.31 39.29 1,030.68 80.09 869.29
INT021 766.21 111.60 719.13 913.48
INT022 768.28 53.84 713.83 1,404.42 3.84
INT023 207.47 -22.40 205.96
INT024 323.79 419.90 710.73 180.79 421.73 368.77 62.58 898.18
INT025 510.05 918.50 739.77 650.00
INT026 105.32 216.91 735.33 301.37 249.47
INT027 880.06 249.67 200.67
INT028 744.00 200.82 882.34 341.66
INT029 457.69 138.23 715.55 107.23 189.88
INT030 383.02 754.40 199.55 336.11 157.72 783.42
INT031 127.48 383.55
INT032 341.45 247.10 277.59 259.57 317.58
INT033 189.50 34.71 324.34 385.97 175.16 508.70 417.71
INT034 95.37 283.65 -492.11 457.13
INT035 561.26 -1,550.10 296.36 2,651.02 297.79
INT036 122.36 867.39 1,219.51 365.62 384.25 751.03 400.01 803.22
INT037 497.51 483.59 467.62
INT038 396.79 467.04 207.46
INT039 196.43 782.80 661.86 362.50
INT040 -902.65 460.56 -160.52 1,186.21 731.05 327.42 -664.34
INT041 873.78 758.63 156.16 143.48 498.07
INT042 1,190.52 505.40 318.17 -1,194.03
INT043 480.70 309.42
INT044 3,943.60 415.17 361.18 306.87 400.94 601.62 866.94
INT045 1,214.52 280.54
INT046 926.86 680.39 245.51 253.26 262.04
INT047 52.29 440.53 569.08 23.01 575.98 442.97 613.27 1,988.40 1,854.26
INT048 695.63 486.73 174.64 548.06 191.52 290.96 167.49 274.17 1,657.02 76.37
INT049 -948.28 745.51 163.27 456.98 244.21 364.00
INT050 450.00 234.02 85.70 340.77 583.52 353.13
INT051 446.00 450.00 88.87 296.24 222.09 -143.18
INT052 402.50 -721.06 526.72 47.70 95.58 31.52
INT053 18.79 312.96 626.14
INT054 705.22 450.00 131.17 284.37 -105.84 450.46
INT055 192.84 448.95 740.25 4.98 221.85 137.40
INT056 101.14 655.66 243.17
INT057 704.78 517.40
INT058 -86.22 1,325.55 -279.26 209.63 553.64
INT059 75.51 565.59 95.97 56.63
INT060 450.00 409.61
INT061 -108.50 428.06 164.36
INT062 381.16 84.79
INT063 -22.58 301.69 -746.42
INT064 73.82 -1,293.66 661.25
INT065 -4,333.41 748.15 898.57 1,653.81 210.37 166.03 19.13 891.55 610.60 668.08
INT066 -70.53 408.13 1,157.31 131.20 564.71 590.40 599.52 104.24
INT067 202.41 170.88 120.42
INT068 64.91 109.34 124.93 72.71 61.35
INT069 517.01 301.39 -821.65 457.39 879.99
INT070 568.87 -1,920.86 226.42 376.88 213.25 3,156.11
INT071 -950.59 261.29 496.86 -240.52
INT072 -1,539.57
INT073 956.17 10,364.90 348.26 881.42 576.31 -405.04 311.49 -222.47
INT074 117.04 672.96 401.10 353.78 988.81 -565.12 414.56
INT075 469.33 815.40 457.43 840.67 1,078.86 628.45 333.69 1,784.34 7,086.73
INT076 502.46 2,192.11 3,292.44 4,670.82 5,664.25 257.00 5,625.13
INT077 920.60 309.44 -330.69 290.00 1,388.41 1,723.34 115.10 1,092.99 270.42 267.95 254.21
INT078 421.59 375.70 158.98 303.20 389.03 334.67
INT079 272.04 951.58 1,759.04 462.25 367.98
INT080 293.85 623.69 327.23
INT081 126.61 250.27 488.30 77.09 336.37 416.32
INT082 464.30 1,347.90 479.25 143.76 316.94
INT083 1,407.72 885.08 431.62 327.53 1,080.05 329.36
INT084 558.16 1,273.29 1,301.64 489.01 2,137.92 446.88
INT085 402.71 898.34 148.99 420.01
INT086 620.14 302.96 593.82 1,370.72 6,682.75 2,443.34 197.94 450.94 417.62
INT087 2,939.01 1,452.60
INT088 874.87 659.51
INT089 1,172.94 314.46 416.87 439.56 291.22 3,569.55
INT090 694.62 930.87 354.41
INT091 898.28 759.15 1,289.31 1,420.79 137.44
INT092 965.02 700.00 143.64
INT093 811.86 879.28 598.25 363.84
INT094 241.35 238.68 832.04 6,704.15 856.93 764.61 249.41
INT095 725.66
INT096 3,414.70 938.21 264.72 212.76 844.68 165.50 700.00 261.32
Pret final de deficit din luna Mai 2025
1/1