PDF PAGE 1
Data: 25.06.2026
lei/MWh
Interval/Data 01.05.2026 02.05.2026 03.05.2026 04.05.2026 05.05.2026 06.05.2026 07.05.2026 08.05.2026 09.05.2026 10.05.2026 11.05.2026 12.05.2026 13.05.2026 14.05.2026 15.05.2026 16.05.2026 17.05.2026 18.05.2026 19.05.2026 20.05.2026 21.05.2026 22.05.2026 23.05.2026 24.05.2026 25.05.2026 26.05.2026 27.05.2026 28.05.2026 29.05.2026 30.05.2026 31.05.2026
INT001 1,680.33 5,763.92 0.00 1,245.10 1,331.85 1,097.29 5,261.02 2.17 -107.15 76.36 -966.72 125.36 1,104.18 76.82 1,612.45 2,630.85 1,097.43 899.00 1,088.71 1,503.05 -2,432.17
INT002 2,230.10 2,637.76 1,492.06 1,313.21 921.39 83.08 6,999.00 899.61 -151.50 -463.71 77.21 -306.78 -40.91 1,045.72 -165.21 1,188.38 1,267.40 849.24 88.16 897.68 887.24 894.90 -2,799.04
INT003 2,207.55 1,285.81 1,090.37 1,311.89 891.18 6,999.00 899.59 -175.33 263.45 298.93 -2,068.18 -143.92 1,282.75 20.81 106.98 131.56 1,239.71 1,556.11 891.07 899.60 1,141.26 887.35 -162.04
INT004 1,363.15 1,384.06 1,089.12 862.27 1,301.85 875.31 6,397.60 977.56 -193.98 16.99 -292.00 323.67 83.49 -71.66 -6.34 264.99 -114.11 -36.20 -48.27 1,016.07 4,078.22 877.99 69.05 251.35 2,823.47 988.24 6.21
INT005 1,846.91 1,039.82 2,288.72 1,001.38 -313.82 106.55 1,051.17 936.16 7.25 1,272.70 192.44 -59.21 1,290.94 42.54 174.73 1,009.40 3,742.72 1,078.30 114.02 124.68 898.42 2,164.96 1,239.19 3.45
INT006 3,461.52 1,055.75 924.35 897.94 1,279.69 -162.01 354.43 1,542.84 1,570.95 899.90 1.10 75.03 900.64 392.87 17.42 -123.66 1,055.55 898.97 898.26 899.16 1,313.45 1,139.55 334.83 963.79 3,897.56 1,181.11 -4.65
INT007 1,206.56 1,080.99 954.36 2,228.95 -216.92 338.24 2,299.33 897.44 804.02 899.48 217.08 17.34 19.43 1,187.00 924.17 253.54 897.43 1,139.28 1,117.82 362.80 1,153.46 4,607.73 1,251.76 0.61
INT008 1,059.99 1,042.91 974.10 -295.68 3,180.05 -41.71 -235.01 1,501.90 166.61 808.25 935.14 802.49 76.73 883.49 20.83 10.44 86.13 896.54 273.96 893.16 1,155.40 32.66 901.54 4,759.84 5,152.54 1,353.61 4.79
INT009 2,346.03 293.81 1,043.72 232.77 1,164.29 126.36 173.34 -126.33 6,814.59 202.24 566.87 889.72 899.01 -15.02 1,027.87 4,152.46 -262.24 1,467.59 949.95 898.69 1,137.24 163.49 1,448.09 281.48 4,217.67 1,070.60 1,305.84 -16.17
INT010 1,267.86 296.39 942.30 1,257.12 318.00 -213.02 3,822.99 322.48 819.17 112.63 894.64 915.92 6.02 899.39 2,127.70 895.39 898.23 67.64 1,243.30 -1,523.86 899.31 1,333.74 1,112.76 1,613.64 -94.66
INT011 1,777.02 268.72 978.84 -108.02 1,629.49 260.25 171.63 -134.62 4,642.72 826.25 23.95 1,296.72 898.44 11.66 958.71 1,427.01 274.47 899.00 29.16 1,332.93 -740.71 899.85 1,199.89 1,149.61 1,948.87 -99.17
INT012 1,451.05 911.57 220.84 1,299.50 304.55 1.87 1,383.99 290.81 886.68 822.92 274.21 842.43 1,050.72 985.13 13.30 899.01 1,227.37 207.67 275.12 -1,847.03 -146.13 1,170.09 -2,004.44 898.69 2,717.06 -93.62
INT013 1,114.12 -4.30 1,129.10 926.11 1,068.81 0.00 139.69 8.30 299.04 891.82 -162.71 829.46 350.04 984.55 1,072.46 896.98 899.36 978.11 -677.77 298.80 239.30 896.25 989.48 -6,454.40 894.33 1,444.10 -77.72
INT014 1,518.94 1,297.45 897.70 1,052.60 -5.53 274.07 936.24 893.14 863.68 898.24 1,273.70 -114.72 921.16 889.94 -230.18 271.88 -14,795.06 885.83 2,949.42 8.08 226.93
INT015 1,274.14 831.26 1,193.06 896.40 1,111.59 879.97 -5.97 917.75 81.69 884.27 856.87 915.30 1,347.23 1,531.65 900.00 334.94 122.11 241.67 354.44 -15,037.12 890.56 4,108.20 21.50 -239.42
INT016 1,013.45 886.61 978.86 899.21 1,067.59 256.84 -280.87 257.24 889.89 837.80 899.24 898.57 1,181.37 1,395.89 1,106.28 362.72 164.99 898.82 341.55 -2,952.45 898.27 3,708.30 240.89 306.07 0.26
INT017 977.64 956.52 1,642.56 1,204.65 1,401.25 -13.58 271.03 31.08 897.40 0.90 929.48 924.31 1,498.85 -220.34 297.49 270.17 256.17 -313.01 327.22 -370.88 898.13 1,137.12 167.42 353.95 -229.87
INT018 1,107.89 1,421.62 1,006.20 897.39 1,175.67 225.22 170.88 950.44 814.50 898.58 936.68 1,163.98 -440.47 960.50 97.92 41.96 -406.08 14.44 -894.43 915.12 1,139.64 -95.51 291.77 -322.28
INT019 1,072.31 952.23 1,015.70 899.09 1,082.07 898.90 -508.56 -75.63 899.16 918.43 0.00 1,039.53 1,206.11 -633.15 944.31 52.18 885.80 336.44 -902.57 -220.59 -385.90 944.32 1,139.78 -1,056.64 890.84 -212.23
INT020 986.58 958.18 963.30 899.43 1,102.96 -199.99 279.22 -175.06 866.37 -460.90 899.34 362.45 998.79 1,055.05 -113.92 102.07 876.45 -102.29 -150.01 -1,168.85 902.78 1,149.22 187.88
INT021 989.84 164.71 898.33 3,671.89 280.66 -83.08 289.54 -162.08 1,463.55 -707.14 396.49 188.36 1,336.41 -345.23 -183.58 280.81 258.14 257.60 107.80 850.15 1,442.45 811.65 184.86
INT022 1,154.32 1,026.56 277.14 1,247.80 192.87 -650.56 43.27 899.30 3,799.62 400.00 -255.20 1,009.29 -136.69 77.44 260.00 187.10 898.39 259.50 71.73 828.69 -666.44 897.13 2,183.37 806.39
INT023 369.04 351.22 313.74 1,343.67 207.41 -679.52 -254.86 899.35 898.38 1,074.53 994.55 899.09 -355.52 254.45 1,130.32 -67.02 269.51 122.57 180.72 898.42 365.46 800.00 -947.03 903.10 4,392.03 269.14 -234.74
INT024 800.00 328.32 282.26 1,230.42 291.58 -410.18 195.07 298.35 242.71 1,087.55 366.50 58.88 106.68 1,699.76 -27.78 -118.57 909.18 111.22 883.60 923.54 1,137.78 139.82
INT025 899.43 279.22 315.25 272.99 1,153.95 277.65 -1,413.48 21.05 289.97 259.73 1,163.16 400.00 112.96 -82.81 1,119.97 269.95 -324.23 127.85 131.92 1,032.72 290.46 853.69 -25.87 -928.36 1,163.40 259.10 899.15
INT026 -78.60 47.61 275.13 310.30 1,151.28 339.03 -426.18 9.85 -32.00 168.96 1,187.71 -212.60 362.39 139.89 -242.75 1,005.31 10.14 -613.86 230.94 261.94 925.57 233.00 829.90 -105.63 877.70 1,124.00 300.88 880.93 1,474.06
INT027 46.87 350.43 1,181.02 -239.52 9.07 -70.10 -31.15 1,172.69 -293.93 988.78 260.65 -122.37 1,000.60 -57.23 -472.38 335.86 897.87 924.85 89.72 816.50 -288.19 50.27 935.63 1,970.56 264.28 1,236.89
INT028 -89.01 303.52 1,228.77 -86.17 -48.42 -166.54 253.63 -204.48 1,177.23 -143.03 386.41 113.16 1,000.73 -82.65 -303.84 998.72 925.22 -76.09 -245.32 954.98 1,336.64 265.40 892.54 1,132.54
INT029 927.83 1,969.82 268.96 -117.38 -899.15 -71.46 258.64 -821.90 1,508.11 -1,003.85 990.28 -255.54 188.72 1,144.70 1.27 -749.00 3,992.37 1,079.14 304.80 851.10 78.05 -126.58 899.52 3,643.48 -3.23 286.87 1,069.94
INT030 5.83 903.53 934.41 1,217.64 -36.56 -47.20 5.33 31.74 -1,279.25 1,189.47 996.63 1,398.48 -50.10 2.38 2,502.94 982.17 864.81 279.53 1.55 914.52 2,024.17 355.30 -1,053.24 1,071.96
INT031 902.52 862.26 1,383.79 -438.80 18.52 242.47 17.50 -1,220.71 -77.48 885.51 1,306.84 6.11 0.50 1.10 1,220.67 947.23 1,032.04 1,023.81 -705.88 1.56 899.87 1,237.97 273.60 -383.00 882.30
INT032 800.00 877.58 20.90 1,717.34 -807.33 10.10 334.99 -27.91 19.42 -55.00 1.10 1,107.24 -34.81 0.50 1,028.04 1,137.69 1,859.18 1,109.04 843.26 859.17 278.24 1,235.39 0.41 -7.95 1,197.79
INT033 800.00 806.46 5,150.18 10.04 1,470.30 1,301.98 290.62 6.18 149.59 -67.68 -91.47 1,088.29 2,069.67 178.35 885.08 5,476.52 3,453.37 1,053.15 1,163.46 913.32 896.52 890.46 1,228.24 322.90 899.00 1,311.39
INT034 -1,881.57 801.58 2,703.60 301.42 2,863.15 1.10 273.29 15.47 400.00 -445.84 1.10 1,062.76 9.39 898.87 3,867.79 6,722.08 259.56 1,985.18 3,617.36 1,249.50 1,130.19 897.82 -6,116.78 195.35 795.00
INT035 812.83 771.63 -1,117.42 1,318.01 4.05 1,607.59 -58.39 11.89 808.46 -185.73 1.41 899.32 12.37 1,206.89 3,930.32 899.15 3,149.06 967.46 855.22 0.98 4,741.07 48.73 -1,691.01 70.98 795.00
INT036 -1,425.06 812.81 2,252.98 -1,817.95 2,204.71 -38.95 820.59 23.94 664.40 -6.64 379.22 413.44 -84.68 -236.64 -147.96 24.12 1,109.86 1,065.54 1,183.11 969.74 880.84 -14.48 2,426.00 -14.38 -41.29 -67.20 795.00
INT037 588.95 576.10 799.00 6,912.90 10.93 920.08 2.78 836.01 917.96 346.63 -128.73 411.82 781.34 -339.04 0.40 4,731.12 3,129.51 -14.55 1,099.62 721.00 499.22 -3.39 1,028.59 801.94 -791.84 195.99 7,115.56 2,099.87
INT038 563.73 799.00 6,999.00 483.58 1,209.33 -495.27 917.51 5,093.39 283.68 7.25 852.20 0.58 1,102.64 3,185.07 876.28 1,100.17 720.78 499.22 0.02 1,044.07 869.80 -78.09 -109.17 1,404.93 700.00
INT039 563.73 -183.59 5,228.33 12.29 1,410.98 -364.29 898.76 832.20 4,634.56 25.32 283.60 848.75 700.00 -9.64 893.42 996.75 891.02 1,164.68 720.78 -277.59 4.70 1,043.44 792.39 19.75 -70.24 1,059.55 5,547.56
INT040 -565.66 563.73 -1,255.40 -63.60 3,033.61 -22.69 1,475.66 -490.50 832.51 3,297.33 -142.25 -4.95 847.14 74.10 24.88 -48.34 996.82 888.39 1,084.98 720.77 -411.32 3.75 1,044.07 751.84 0.40 -291.42 3,428.36 841.54
INT041 -173.39 523.79 -23.32 611.53 2,931.29 508.50 2,762.58 -141.79 1,424.34 2,831.18 -92.04 -126.55 898.77 691.46 -108.43 0.51 350.70 847.84 697.08 911.21 542.80 5.20 715.45 797.66 1,036.48 -171.63 642.05 644.59
INT042 -1,296.30 449.00 1,714.12 31.23 1,807.78 -103.66 725.24 712.69 957.45 -51.85 -68.49 865.53 691.46 -188.17 11.69 0.14 731.34 697.08 922.27 2,197.92 -97.46 -2,465.46 712.98 1,016.23 666.02 -1,088.19 663.15 600.35
INT043 -46.22 494.27 848.49 -55.44 1,941.37 -87.71 180.30 782.08 942.62 101.72 -305.52 799.20 691.46 -230.81 37.61 -155.12 653.71 766.26 899.65 805.88 -98.92 -1,278.49 707.92 801.32 449.00 -7.19 625.09 693.12
INT044 -15.35 -673.94 828.99 -179.80 899.00 -1.19 3,003.05 777.74 -40.18 67.80 691.46 -3,962.48 -11.95 -161.71 73.41 765.67 269.30 3.68 708.26 713.44 -1,664.51 7.27 449.00 1,265.57
INT045 -14.31 449.80 -180.39 647.88 -42.99 899.00 0.00 0.00 448.83 1.38 -1,873.47 675.03 699.00 499.00 799.00 -6,483.15 -58.27 -131.54 82.59 554.65 714.58 -1,739.89 -156.78 -0.06 -71.12 1,900.07 -331.65 1,003.01 477.24 476.92
INT046 548.85 496.58 -84.78 647.88 -129.90 261.48 -9.05 1.09 -518.84 696.29 699.00 499.00 -245.66 -109.68 -180.15 46.88 550.75 708.51 33.11 -208.81 -7.55 798.09 449.00 449.00 460.89 468.56
INT047 1,403.77 449.71 -74.09 650.97 -23.12 189.42 17.30 -94.80 700.00 67.02 864.76 -242.91 -33.66 490.51 -157.53 -223.67 -83.41 17.92 550.65 755.43 -665.00 8.86 -410.07 -81.65 479.02 449.00 449.00 602.92 467.32
INT048 449.97 771.69 109.84 -380.76 652.16 17.12 388.12 12.20 -38.31 -49.97 -159.90 792.53 -2,027.88 -1,389.58 -186.84 -825.36 -14.52 -1.76 552.69 1,213.07 -1,083.46 0.00 -574.85 -2,251.18 479.07 11.51 449.00 461.33 894.37
INT049 956.15 569.75 2,702.43 -195.32 583.53 -42.00 899.00 361.21 453.43 712.03 -12.66 -1,680.28 699.29 -15.28 -1,352.81 164.68 -241.64 -13.46 576.14 -6,147.74 614.31 664.91 -99.20 -1,202.30 466.18 -716.32 449.00 446.02 447.01
INT050 684.60 446.86 -41.02 -113.88 583.53 -56.81 300.90 -217.71 578.32 -2.02 699.00 66.84 4.67 499.00 499.00 -417.46 -46.45 598.24 96.79 3.90 787.37 450.00 -108.00 -87.43 466.18 -35.28 449.00 446.00
INT051 1,966.53 494.42 254.63 -58.80 581.53 -37.05 344.62 -110.36 39.79 699.00 699.00 10.74 20.51 657.37 -220.68 -114.83 602.36 48.68 -126.49 19.44 -108.00 -1,693.84 551.69 -92.33 448.55 749.75 30.77
INT052 4,088.58 1,306.89 449.76 -229.13 -2,135.57 -2.87 396.61 308.49 700.00 699.00 -2.31 34.38 135.54 503.71 -438.26 5.19 572.19 16.74 -250.34 -77.50 -57.90 -108.00 -109.12 808.66 -3.55 448.26 158.35
INT053 136.78 -236.69 10.19 383.82 696.18 927.57 771.50 699.00 -257.64 -18.10 -25.55 844.51 -1,186.88 3.57 772.62 -53.40 -189.08 449.76 87.42 5,460.90 -49.31 -121.34 -119.31 448.61 240.38 449.00
INT054 -950.38 -258.54 -31.55 348.61 717.58 570.42 990.64 841.76 -347.76 -184.63 -11.39 126.03 1,012.66 4.41 642.87 51.82 -100.63 672.14 61.87 5,409.97 -161.76 -151.69 -36.82 -95.11 449.00
INT055 270.04 816.21 -631.81 -260.68 -20.98 393.19 277.05 519.35 899.52 700.00 -2,116.13 -3,227.64 -3.71 400.00 878.14 -238.12 8.89 592.53 633.96 -183.24 -4,691.84 -5,041.72 501.54 -52.06 10.61 -84.44 -35.65 449.03
INT056 -2,945.32 830.42 -279.61 -55.12 -5.15 346.43 269.08 325.18 817.45 -288.76 378.20 507.68 -78.13 486.96 319.16 1.34 592.57 786.57 -1,450.45 501.03 -846.58 -74.09 -82.59 -31.60 2,749.01 771.66
INT057 -194.69 -197.50 -1,420.34 14.85 0.18 1,058.80 -21.71 331.33 716.20 120.34 3.17 -52.25 503.71 70.96 0.40 1,571.46 809.06 -976.46 1,262.35 -939.29 555.94 -529.07 441.55 -57.41 -75.83 5,084.22 706.44
INT058 -148.27 -127.87 -1,774.50 459.84 13.07 1,091.62 -387.41 895.74 822.59 816.67 18.52 -487.61 656.32 39.50 673.58 7.76 0.40 772.27 1,231.04 -1,889.13 910.90 -865.47 449.20 -12.66 448.52 -8.65 -19.29 754.94 447.84
INT059 -111.57 -384.30 -322.04 453.54 14.44 899.40 259.85 1,267.34 -89.76 -4,656.30 734.86 -69.72 542.19 3.81 1.09 665.10 1,308.51 -90.92 -403.99 448.86 489.46 473.04 1,692.75 -91.20 454.96 447.17
INT060 -35.74 449.45 -1,309.17 462.78 -164.00 3.23 400.00 -98.97 886.39 268.67 -893.17 -176.52 19.98 -105.07 508.53 5.36 21.60 609.99 698.05 -35.56 -706.03 448.86 -6.52 -49.00 1,604.05 -1,838.60 475.04
INT061 -102.98 449.87 -1,427.25 448.61 -108.00 0.91 427.18 -61.04 524.64 -157.97 -3,442.66 -67.24 -84.92 -240.45 482.03 5.40 6.69 685.12 499.45 630.47 -156.64 474.50 -74.78 621.87 744.75 11.01 -179.19 -666.70
INT062 -329.76 -668.38 34.18 -103.10 3.07 388.72 264.20 420.61 -255.77 -3,219.49 699.00 450.00 8.46 515.73 0.36 789.30 227.37 2,516.86 0.67 -89.59 -1,507.23 -52.65 -15.22 450.80 804.86 1.14 30.60
INT063 -940.67 84.17 -634.94 449.00 1.20 1.50 341.92 0.71 685.14 -102.25 -71.38 699.00 38.16 6.91 1,085.34 1.14 78.99 -2,535.81 -109.56 -53.31 -1,886.89 -24.89 -17.81 715.41 857.66 -80.58 78.31 858.77
INT064 7.25 -421.07 -95.76 449.00 6.89 696.16 419.82 1.76 841.71 -75.23 -1.12 82.96 -99.07 0.89 -819.80 3.40 -536.09 -95.86 -1,486.06 -191.75 479.49 -112.47 662.45 823.56 -339.64 299.13 814.03
INT065 -116.57 -391.70 -657.72 -305.40 0.60 734.33 -3.86 13.25 727.58 26.27 -20.93 0.76 -2,067.10 -197.71 483.68 -187.54 1.66 18.82 -6,862.91 -4,421.70 647.26 -154.63 -66.74 672.71 -2,044.41 -1,317.42 548.47
INT066 8.40 -88.62 -977.46 17.23 980.54 720.17 -77.01 1.26 821.34 -0.76 1.10 -60.40 -25.19 1.18 754.08 0.10 390.35 121.47 -6,552.90 -1,326.03 666.17 818.01 -68.34 782.71 4,205.46 -1,359.37 857.80
INT067 -18.91 202.75 305.04 -146.81 1,007.87 407.64 3.93 0.30 1,147.32 -40.06 698.23 -33.15 357.37 182.53 2,105.60 251.00 922.35 -1,809.98 -2,403.81 529.11 13.77 -78.45 1,140.47 1,119.50 -376.31 1,110.54
INT068 8.99 187.31 -118.40 1,166.85 764.80 1.10 916.22 986.36 -513.05 1,134.90 699.00 138.52 134.50 1,339.58 353.22 962.66 -44.39 -242.14 534.54 790.56 -68.57 887.78 1,159.90 -3,661.91 1,807.59
INT069 -139.58 -32.81 -856.57 -385.82 -103.84 286.29 529.23 0.65 -100.09 -3.51 877.02 894.86 9.11 55.00 780.92 743.33 32.81 2,275.16 -21.54 2.15 -7,354.88 1,427.70 11.46 -1,353.04 814.45 754.66 -3,979.67 861.05
INT070 -136.50 68.41 -139.64 13.61 252.75 3,460.52 0.40 -45.26 1,213.64 896.58 -192.75 -130.12 762.52 19.10 4,183.64 334.40 -4,600.22 450.00 817.72 -92.39 -99.16 6,483.94 778.09 -4,490.02
INT071 2.37 3.57 95.02 1,450.21 0.40 22.87 95.15 912.42 912.10 -394.02 4.67 3,961.97 715.11 -49.16 1,004.38 288.02 -769.71 -115.73 832.51 727.35 -81.10 1,667.09 -730.08 -5,749.87 256.63
INT072 4,489.48 1,042.01 -503.64 3.07 899.18 401.00 1,139.00 18.67 881.88 4.04 909.07 859.78 2.15 1,571.51 808.57 -64.38 1,000.60 273.45 833.84 400.00 849.38 670.44 -3,893.89 -2,307.51 -136.80
INT073 -110.76 -213.87 -399.62 286.76 196.05 -81.93 899.53 0.81 1,552.97 1,257.19 801.00 276.16 102.71 -3,116.59 -414.51 -111.60 -52.50 59.17 -3,275.02 0.43 -348.37
INT074 -273.66 -693.33 -73.03 289.10 -30.23 -200.73 1,909.08 327.36 981.79 786.11 276.30 -55.74 268.14 -137.83 298.35 168.98 386.60 1,133.66 401.00 307.40 0.64 8.26
INT075 1,080.01 144.12 260.30 -1,450.55 262.31 1,104.12 401.00 247.22 1.10 2.54 900.46 198.59 25.50 346.06 -143.83 0.50 540.19 400.00 3,073.58 401.00 400.00 -484.31 -257.46
INT076 2,383.05 -230.13 0.50 1,069.76 298.52 153.04 44.67 1,157.28 400.92 401.00 288.68 1,304.77 1,260.68 288.90 258.24 6.35 752.40 7.66 275.29 305.53 6,455.34 401.00 995.64 -1,478.48 -2,855.99
INT077 -30.91 100.37 -27.71 322.99 884.13 -396.05 -442.67 234.19 1,128.50 -104.99 -86.90 1,147.17 33.19 -6,309.84 10.46 1,274.56 -1,192.65 129.27 1,427.53 401.00 1,232.90 -26.50 -1,899.04
INT078 234.27 -155.70 1.18 946.21 1.47 1,038.94 907.88 258.65 1,232.28 282.98 -1,928.09 1,394.94 -8.38 1.10 1,750.42 -59.28 -3,974.83 1,360.69 251.89 1,207.84 19.51 -627.10
INT079 96.01 147.20 1,161.98 400.00 1,125.79 166.57 1,146.03 256.15 927.87 2,373.19 1,457.03 341.21 -1,341.75 1,151.05 2,713.52 2,888.57 1,816.14 -179.86 1,284.86 400.96 1,319.70 -4.69
INT080 7,195.85 924.42 1,101.72 320.24 -84.40 1,118.02 401.00 1,769.91 1,648.55 1,068.93 1,298.37 1,848.46 5,999.00 3,865.79 1,287.30 401.00 2,007.40 -1,641.66
INT081 -128.03 236.63 5,009.39 6,999.00 -883.32 273.39 237.38 -1,214.07 1,399.92 383.88 1,073.73 940.35 -494.03 -853.13 2,589.14 296.98 1,613.85 1,178.77 2.23
INT082 195.17 7,930.49 2,291.25 261.52 255.96 -742.23 917.99 126.26 292.82 1,340.17 1,003.75 1,151.65 -710.82 400.00 -417.93 1,347.14 -54.63 1,636.79 341.04 286.60 4,411.07 -362.99
INT083 4,974.56 1,654.23 193.89 -47.17 1,287.69 308.70 -358.50 1,538.64 929.57 1,090.65 953.25 -318.52 3,107.92 228.99 1,645.63 3,496.59 332.53 -125.01 5,821.38 898.38 -826.39
INT084 275.99 5,681.05 2,749.38 -223.34 401.00 2,512.91 159.81 142.06 -842.18 3,264.77 1,003.50 1,991.80 -1,003.66 288.71 -113.82 3,492.29 1,136.86 1,428.60 400.00 326.43 316.50 4,074.07
INT085 1,611.19 4,527.87 3,130.75 1,069.53 899.96 288.17 3,878.44 306.30 64.04 115.22 3,166.86 947.05 1,153.65 3,307.57 307.41 1,460.64 -112.92 2,238.26 -63.73 1,167.53 1,423.56 326.68 5,425.84 401.00 230.91
INT086 1,590.84 258.79 1,400.87 1,751.01 1,328.31 401.00 182.66 6,981.44 1,063.19 303.26 217.63 92.67 6.49 2,930.91 1,188.18 6,980.27 899.38 1,353.29 -27.66 1,267.57 1,446.44 1,298.67 1,463.91 204.85 1,757.18
INT087 1,810.26 257.56 1,276.93 1,735.60 420.15 898.08 365.23 2,951.36 1,046.42 177.60 303.15 -72.91 -442.75 3,446.73 976.48 6,663.56 891.26 188.23 956.81 1.98 918.13 1,824.53 1,001.38 1,709.77 258.23 302.38 228.20 1,838.34
INT088 1,585.93 1,512.75 1,824.23 389.87 898.12 897.19 4,984.71 266.89 36.11 258.51 -1,124.85 -243.43 6,689.75 1,178.27 1,837.73 84.52 -95.09 924.42 3.80 941.64 6,729.54 1,039.49 1,354.74 898.20 346.88 25.38 253.24 -196.13 1,101.07
INT089 4,745.72 2,903.18 2,073.06 318.01 898.11 1,146.78 2,353.88 208.91 6,892.27 889.76 1,380.63 1,476.63 933.98 1,016.58 1,473.39 6,999.00 1,540.23 5,354.62 2,867.66 891.98 -1,943.72 313.64 1,044.55
INT090 1,928.15 267.70 2,620.80 1,576.83 383.27 401.00 938.75 2,225.22 253.70 255.68 6,999.00 1,233.07 886.82 1,925.02 85.97 1,096.38 2,808.92 1,457.40 2,740.52 5,965.25 942.01 -1,923.78 54.78 -28.57 1,116.64
INT091 2,018.95 1,524.12 1,592.79 -626.48 896.03 4,157.20 95.64 23.02 -121.14 3,633.48 805.70 1,002.82 1,191.95 306.36 892.28 259.55 1,575.92 1,031.14 4,140.38 6,784.29 1,590.03 -304.12 1,106.62 131.54 981.85
INT092 2,429.15 1,699.85 -72.61 5.32 217.64 -90.79 0.60 1,654.04 -15.97 1,095.74 -67.76 -41.50 -129.68 263.69 4,053.34 997.68 1,834.61 2,071.50 396.14 933.04
INT093 4,873.59 1,193.62 1,127.46 1,353.70 365.28 899.76 2,601.77 -99.53 -399.46 -52.92 7,082.45 1,487.67 1,092.13 4,007.42 1,279.05 56.55 -317.05 275.36 3,902.00 930.41 1,342.09 1,619.61 5,650.50 1,393.36
INT094 3,341.32 1,108.39 1,094.87 1,311.84 -10.47 4,628.93 115.02 4.03 983.43 2,037.71 1,042.22 1,161.28 1,107.82 911.93 -91.92 254.20 279.83 1,092.33 3,599.34 937.89 1,225.28 1,403.55 -38.51 2,042.04 106.38 319.74 1,335.72
INT095 5,154.10 1,162.84 937.66 1,396.65 427.21 14.28 5,202.67 111.03 -3.74 964.52 400.00 750.00 1,480.72 1,273.91 110.28 179.48 1,255.15 4,015.55 1,166.10 1,340.07 -212.66 -255.60 288.85 1,900.53
INT096 5,118.05 375.00 1,149.46 1,306.15 893.48 76.25 2,655.90 -54.85 209.73 -35.13 1,183.55 1,160.39 -10.44 1,353.85 -605.49 -57.57 265.84 868.18 4,094.18 1,150.01 55.72 -2,601.10 271.68 1,239.00
Pret Final Unic din luna Mai 2026
1/1