PDF PAGE 1
Data: 12.06.2025
lei/MWh
Interval/Data 01.04.2025 02.04.2025 03.04.2025 04.04.2025 05.04.2025 06.04.2025 07.04.2025 08.04.2025 09.04.2025 10.04.2025 11.04.2025 12.04.2025 13.04.2025 14.04.2025 15.04.2025 16.04.2025 17.04.2025 18.04.2025 19.04.2025 20.04.2025 21.04.2025 22.04.2025 23.04.2025 24.04.2025 25.04.2025 26.04.2025 27.04.2025 28.04.2025 29.04.2025 30.04.2025
INT001 949.76 1,035.32 155.43 764.72 3,264.18 946.79 159.54 712.94 880.03
INT002 -595.80 732.73 238.61
INT003 850.37 899.51 700.00
INT004 857.20 142.58 815.22
INT005 744.00 -416.38 206.87 137.77 898.55 916.82 735.13 457.28
INT006 734.87 70.32 862.28 372.14
INT007 1,207.90 238.61 261.93
INT008 -4.77 1,147.25 52.60 101.28 242.44 735.37 915.40
INT009 942.04 72.42 435.16 858.38
INT010 822.97 787.10 501.01 257.99 741.78
INT011 725.83
INT012 607.17 119.37 744.00 73.62 79.48
INT013 184.73 -216.86 281.80 161.28 518.31 821.55
INT014 394.79 395.00 718.86 576.66 825.06
INT015 717.83 444.34 196.45 256.39
INT016 410.44 427.27 332.54 76.56 392.81 43.49 192.62 853.98 1,252.65
INT017 338.87 242.25 422.69 741.42 33.23
INT018 958.58 193.00 907.40 208.89 61.16 725.04
INT019 744.00 1.64 72.80 423.91 880.10 231.01 416.05
INT020 913.86 700.00 10.22 877.76 882.46 -783.98 439.89 728.24
INT021 856.74 392.25 1,155.81 88.54
INT022 329.81 678.66 714.84 456.55
INT023 383.23 1,830.76 417.82 -6.85
INT024 744.00 788.53 371.44 1,269.19 438.57 129.97 466.91
INT025 833.00 29.65 185.94 1,013.85 223.47 384.08 1,414.42
INT026 833.00 897.27
INT027 210.49 896.97 175.29 708.25 84.11
INT028 790.08 260.71 354.62
INT029 79.10 -1,561.12 899.74 987.64 66.45 -1,641.29
INT030 999.06 414.10 896.68 554.16 828.37 117.78 98.97 501.27
INT031 118.33 742.24 895.11 75.10 100.57 69.57
INT032 393.59 34.93 291.39
INT033 975.77 240.20 1,461.38 159.81 1,921.71
INT034 402.96 634.16 32.05 1,057.91 -573.44
INT035 1,739.51 519.39 123.42 41.72 1,130.50 -1,408.97 -969.10
INT036 217.10 677.99 588.10 858.07 -37.70 -2,092.22 -2,794.38 -1,132.49
INT037 257.81 652.64
INT038 606.35
INT039 332.30 -25.27 112.72 -1,028.90 208.97 38.33
INT040 222.18 155.82 2,232.04 316.44 -3,041.81 -653.02 -370.66
INT041 106.08 948.15
INT042 275.77 787.14
INT043 -1,054.47 789.31 55.08 26.36 360.43 -219.11
INT044 -99.66 168.09 2,544.46 -809.38 -1,837.94 -2,910.25 -230.29
INT045 265.86
INT046 -1,487.32 84.69 119.79 607.23 174.10 16.56
INT047 428.15 347.86 197.05 308.42 18.08 7.50
INT048 -40.82
INT049 3,142.30 270.99
INT050 156.42 33.26 405.34 450.96 25.47
INT051 448.01 812.66 18.26 257.52 27.06 15.00 0.42
INT052 448.00 841.79 135.98 150.21 247.14 -4.63
INT053 0.00 228.83 357.56 -16.80
INT054 34.19 0.00 484.57 323.05 379.75 378.62 446.95 -13.77
INT055 -9.21 485.32 765.60 346.17 381.02 381.77 643.50 -29.21 3.04
INT056 1.12 450.00 270.87 450.00 372.63 507.86 -19.80 7.27
INT057 164.43 263.35 274.21 -3.47 17.74
INT058 -10.93 -482.19 416.64 151.61 723.51 -13.39 4.09
INT059 14.01 450.00 169.45 196.30 -7.28 -6.08
INT060 -430.32 140.39 205.29 1,344.21 251.80 211.94 -273.08 -1,377.48 -2.67
INT061 394.64 311.70 42.55 166.72 707.45 316.83 623.53 -28.25
INT062 403.58 331.04 -65.07 598.34 525.69 -23.02
INT063 249.84 348.42 106.73 -77.64 6.16 649.41 108.11 -74.03
INT064 175.77 2.41 365.38 -54.16 -13.29
INT065 -419.69 138.70 244.94 251.78 2,537.02 497.81 -2.32 165.93 283.30 -682.18 -1,743.66
INT066 14.29 673.91 532.40 -45.39 672.60 353.09 400.24 -2,252.07
INT067 1.50 1,282.07 305.96 440.32 -490.50
INT068 158.78
INT069 2,372.41 101.95 516.06 -829.20 491.98 763.62 -4,426.18
INT070 219.34 885.53 1,119.26 60.11 276.76 -6,128.01 -2,572.13
INT071 281.32 1,293.49 486.90 526.84 173.95 1,381.28 -1,724.49
INT072 3,000.00 330.75 131.24 484.30 3,115.82 335.56 1,448.36 126.98
INT073 -452.96 1,278.99 657.36 299.63 201.29
INT074 101.30 520.17 425.36 -1,825.43 1,208.23 375.79
INT075 491.97 2,146.69 -449.72 541.36
INT076 855.22 4,030.20 381.65 164.44 -90.52 89.39
INT077 277.98 -1,779.78 497.34 251.60 -747.89
INT078 118.65 289.43 1,092.49 1,101.40
INT079 441.57 405.93 1,729.34
INT080 880.40 -537.53 350.62
INT081 94.03 1,341.14 165.79
INT082 1,059.72 856.55 894.57 440.06 427.13
INT083 1,059.28 1,079.73 370.11 550.19 402.69 1,046.02 59.17 523.63
INT084 1,133.60 1,560.46 855.23
INT085 24.25 4,450.70 960.45
INT086 557.18 444.32 900.00 1,012.29 900.00 780.77 700.00
INT087 101.24 227.33 264.74 1,754.34 292.45 118.90 587.67
INT088 1,439.34 1,013.57
INT089 -1,191.52 245.98 1,058.55 167.59 649.11 -465.98 398.22
INT090 92.66 297.93 282.49
INT091 944.62 -1,120.58 1,952.17 876.63
INT092 122.30 85.13 -2,072.69 876.41 -833.07
INT093 -70.79 -733.88 -1,795.78 1,020.26 865.27 0.00 847.10
INT094 197.02 1,823.62 769.41 132.39
INT095 1,549.84 210.49 859.96 704.58
INT096 842.17 86.20 847.60 -271.19 -962.58 883.95 121.32
Pret final de deficit din luna Aprilie 2025
1/1