PDF PAGE 1
Data: 20.03.2026
lei/MWh
Interval/Data 01.02.2026 02.02.2026 03.02.2026 04.02.2026 05.02.2026 06.02.2026 07.02.2026 08.02.2026 09.02.2026 10.02.2026 11.02.2026 12.02.2026 13.02.2026 14.02.2026 15.02.2026 16.02.2026 17.02.2026 18.02.2026 19.02.2026 20.02.2026 21.02.2026 22.02.2026 23.02.2026 24.02.2026 25.02.2026 26.02.2026 27.02.2026 28.02.2026
INT001 1,341.18 324.24 26.17 636.86 471.45 92.86 -196.83 1,523.91 1,720.93 47.78
INT002 942.23 164.71 700.00 846.50 176.18 550.00 135.29 649.08
INT003 165.03 772.19 1,011.37 550.00 116.15 604.16 749.60
INT004 749.28 851.04 117.18 173.59 777.35
INT005 914.85 1,011.27 748.34 123.79 686.80 -113.92 747.67 616.54
INT006 640.57 675.26 78.55 747.67
INT007 700.94 386.19 84.55 650.00 62.13 599.00 743.70 754.43
INT008 759.71 634.28 136.33 79.10 934.80 550.00 22.68
INT009 788.82 479.09 944.63 755.45 692.41 97.36 884.92 502.21 599.00 705.96
INT010 749.78 526.65 706.19 655.30 608.51
INT011 951.34 737.32
INT012 172.90 700.00 161.81 599.00 272.53 149.61 663.97
INT013 442.73 738.95 769.28 752.93 641.77
INT014 1,017.31 646.18
INT015 599.00 599.00
INT016 -466.83 -243.65 738.63 636.61 769.08
INT017 923.53 -193.23 917.04 550.00 665.30
INT018 77.91 599.00 759.28
INT019 232.93 760.09 660.79 33.74 265.43 1,082.00
INT020 700.00 195.66 347.81
INT021 125.73 305.02 905.25 611.77 817.70
INT022 109.47 581.06 343.69 144.63 611.79 873.30
INT023 118.52 180.10 1,374.94
INT024 97.95 38.75 259.94 665.06
INT025 -66.03 700.90 974.07 404.76 697.61 1,640.29
INT026 1,339.14 7.98 739.04 1,031.16 899.88
INT027 3,803.43 241.00 553.86 756.10 86.60 465.62
INT028 354.61 819.14 304.56 885.72 579.15
INT029 322.60 1,136.32 465.35 1,000.00 222.71 -108.90 862.88 357.85
INT030 1,110.08 193.06 465.35 783.98
INT031 536.77 3,520.06 347.87 820.81 829.80 -106.75 742.71 179.54
INT032 652.07 766.90 959.50 903.91 714.99 625.04 56.95 111.84 46.96
INT033 439.35 431.21 432.52 296.71 1,318.79 500.02 605.92 182.54 771.97 351.74 147.68
INT034 999.16 432.49 688.79 925.57 743.58 550.00 406.40 597.27 404.61 -230.23
INT035 999.41 546.31 409.31 740.13 409.77 461.22 152.95 52.38 393.41 290.50 349.90 37.67 67.20 140.31
INT036 909.96 761.52 709.00 868.85 722.90 832.19 -447.35 263.74 175.58 -75.28 69.24 160.02
INT037 481.29 381.40 534.41 434.44 639.20 795.00
INT038 545.79 364.01 102.27 186.09 812.99 341.29 69.85 242.95
INT039 300.27 383.66 831.70 251.79 772.45 31.31 151.77 470.63
INT040 703.20 36.99 270.11 476.61 -77.18 2,117.57
INT041 96.72 243.97 134.57 100.67 539.02
INT042 263.36 667.09 106.56 275.82 188.40 129.62
INT043 705.68 297.56 573.76 367.20 61.04 1,036.22 146.02
INT044 688.66 226.54 344.34 204.34 1,015.03 28.06
INT045 703.97 519.99
INT046 712.57 843.56
INT047 437.01 700.00 278.52 470.91
INT048 123.63 300.23 -1,222.47 1,358.41 317.60 451.83
INT049 159.86 139.58 202.81
INT050 138.23 257.12
INT051 267.33 313.35
INT052 141.29 881.61 3.57 396.04
INT053 130.45 863.42 -18.31 456.08 913.10
INT054 122.62 574.92 402.63 476.38 654.42 267.14
INT055 574.92 476.34 -82.57 418.72 618.41 103.34
INT056 572.92 307.25 335.89 229.76 460.90 163.83
INT057 155.47 146.65 398.39 259.66 -5.29 206.59
INT058 166.39 469.53 188.50 208.74 446.00
INT059 92.33 178.06 463.85 382.01 -714.98 101.65 444.00
INT060 27.85 877.11 96.20 573.48 177.30 429.23 80.71 121.24
INT061 301.66 317.63 370.86 242.99 1,077.48 -984.78 151.55 -543.84 139.56 107.11 1,178.25
INT062 360.23 751.74 139.09 -118.66 298.31 1,751.15
INT063 182.53 509.54 311.43 107.38 385.52 0.99 711.47 -145.80 -2,058.18 266.81 957.30
INT064 996.14 460.97 857.19 -330.17 225.94 -43.27 -1,755.06
INT065 374.71 1,047.90 683.98 -2,976.31 95.26 93.80
INT066 1,010.31 638.13 722.49 132.18 557.96 100.84 504.42 440.07
INT067 1,311.61 1,402.13 920.07 1,013.15 340.11 533.19 234.15
INT068 999.00 2,064.33 1,051.97 1,676.66 139.85 353.04 507.72 -1,580.12 350.00
INT069 1,580.20 226.81 1,492.15 1,916.12 1,086.92 1,289.69 827.14
INT070 2,374.68 217.47 4,021.99 1,147.59 655.64 1,062.83 709.36
INT071 6,332.12 6,604.80 1,218.42 1,094.78 872.86 780.53 333.03 2,532.10 766.25 193.72
INT072 1,699.78 1,263.90 851.14 341.84 126.61 616.15 945.80
INT073 757.76 226.88 1,277.63 1,405.38 989.56 608.52
INT074 385.21 547.05 1,385.46 1,447.08 1,554.02 885.30 980.66 446.86 310.55 746.52 125.88
INT075 15,660.83 993.39 380.22 777.54 794.73 871.20 773.59
INT076 368.06 467.96 356.27 478.96 781.89 599.00 796.39 264.50
INT077 987.90 969.56 1,212.92 647.47 820.99 166.47 369.48 117.03 1,003.86
INT078 133.21 915.39 1,354.76 505.48 440.82 1,782.41 926.86 192.46 420.00 39.22
INT079 452.45 959.08 1,170.32 490.64 599.00 915.99 769.96 797.49 691.91 145.28
INT080 280.47 990.98 1,128.26 396.36 336.91 81.93 599.86 639.83
INT081 900.55 976.22 1,211.17 268.49 3,904.61 599.00
INT082 956.62 1,125.33 756.67 2,519.52 893.25 709.90 56.65 909.89 523.45
INT083 -4.19 919.13 897.81 793.66 599.00 55.71 599.00 605.45 774.21
INT084 991.11 599.00 49.24
INT085 56.45 795.91 444.44 832.48 528.54 767.56
INT086 1,199.61 772.18 767.31 790.21 68.50 599.00 605.51
INT087 1,298.13 -32.69 660.29 779.94 540.82
INT088 428.36 9.30 668.82 599.00 700.41
INT089 -414.02 653.77 847.99 158.19 177.86 344.83
INT090 1,177.34 -58.14 861.93 860.45 843.79 414.11 804.52 600.64
INT091 241.66 -26.07 -717.48 775.80 599.00 156.31 912.22 599.00
INT092 15.15 297.40 599.00 497.00 295.75
Pret final de deficit din luna Februarie 2026
1/1