PDF PAGE 1
Data: 27.04.2026
lei/MWh
Interval/Data 01.03.2026 02.03.2026 03.03.2026 04.03.2026 05.03.2026 06.03.2026 07.03.2026 08.03.2026 09.03.2026 10.03.2026 11.03.2026 12.03.2026 13.03.2026 14.03.2026 15.03.2026 16.03.2026 17.03.2026 18.03.2026 19.03.2026 20.03.2026 21.03.2026 22.03.2026 23.03.2026 24.03.2026 25.03.2026 26.03.2026 27.03.2026 28.03.2026 29.03.2026 30.03.2026 31.03.2026
INT001 319.14 175.35 700.00 329.34 434.80
INT002 224.54 268.03 301.75 425.44 76.21 62.24 241.83 136.50
INT003 141.28 71.22 1,074.63 156.16
INT004 354.32 956.48 148.94 166.00 1,074.63 21.74 8.28 1,035.05 260.37 141.57
INT005 899.01 222.16 329.36 774.48 908.52 1,043.18 181.62 118.98 189.61 770.34
INT006 116.00 438.57 775.64 782.77 172.17
INT007 120.47 324.31 778.87 861.94 92.23 151.61
INT008 599.00 254.86 773.05 87.18 73.51 171.35
INT009 435.16 828.28 150.27 132.41 175.70 759.09 346.25 218.53 285.61
INT010 201.51 230.23
INT011 700.00 147.66 312.89 379.54 420.85 346.42
INT012 221.94 144.39 198.85 245.60 128.65
INT013 599.00 322.06 766.23 758.37 1,322.33 269.88 158.89
INT014 246.91 884.02 148.11 764.11 139.58 752.76 163.95
INT015 768.32 132.88 136.08 767.21 721.52 775.38 331.84 1,444.31 180.59
INT016 599.00 307.22 283.69 297.66 766.24 84.01 508.85 401.33 115.80
INT017 599.00 291.55 387.73 368.84 475.95 149.66 760.81 168.24 908.47 384.57
INT018 141.22 482.97 761.92 684.15 1,096.53 766.16 267.71 136.54 739.67 111.07 1,073.33 118.44
INT019 157.74 768.84 697.30 140.13 144.88 160.09 800.44 700.00 752.52 1,017.64
INT020 664.25 766.02 146.30 747.49 130.77 675.00 441.22 129.72 758.22 561.87 770.55 70.01
INT021 682.96 113.61 147.83 700.00 539.84 1,451.08 774.46 207.60 149.03 428.98
INT022 426.29 949.00 1,448.38 700.00 757.99
INT023 835.40 1,561.80 771.19 704.70
INT024 709.46 864.27 160.77 1,893.64 1,075.61 772.13 708.04
INT025 771.00 1,217.81 1,809.41 2,263.65 1,121.34 275.44 212.46 91.21 37.16
INT026 330.40 710.15 351.31 95.92 699.59 293.99
INT027 149.89 67.82 275.58 144.41 518.36
INT028 165.18 157.05 205.35 40.80 612.12
INT029 960.79 363.38 773.63 732.74 283.42 348.83
INT030 333.24 776.33 99.41 336.98 86.02 173.22
INT031 201.61 734.30 123.53 336.63 657.55 666.31
INT032 17.97 -156.00 -33.74
INT033 214.44 0.00 774.12 -323.09 480.09 1,307.17 2,734.50
INT034 313.15 -302.83 496.36 365.64 2,276.61
INT035 178.15 465.74 -57.72 495.00 226.61
INT036 1,040.44 381.67 60.55
INT037 600.37 253.02 712.90 472.59 0.00 911.58 205.94 1,647.74 304.92
INT038 473.48 911.41 612.22 671.37 1,196.00 378.14
INT039 900.42 721.01 668.70 905.27 32.44 16.47 585.12 76.36 368.56
INT040 1,283.55 604.04 1,790.52 1,027.00 -64.34 747.01 -29.95 383.70
INT041 828.04 1,442.47 445.65 762.85 504.72 405.43 868.93
INT042 356.21 520.21 293.20 -129.18 440.32 491.86 449.33 2,526.54 424.12
INT043 310.24 249.56 484.83 1,358.40 66.71 -327.11 283.38 -13.03 1,528.62 1,652.63 1,294.98
INT044 562.23 540.25 366.02 319.72 -152.82 29.71 397.59 -151.38 1,702.81 1,893.37 405.54 213.08 -31.83
INT045 332.79 918.92 305.47 543.04 20.98 673.04 674.21 63.38 699.53
INT046 1,129.15 2,351.87 0.00 276.76 447.00 12.61 600.99 76.48 529.21 185.94
INT047 722.60 2,165.65 312.86 668.99 300.96 450.00 430.52 592.85 364.47 354.82
INT048 441.03 836.16 2,950.39 414.46 450.00 222.11 548.52 -12.50 377.76 314.94 112.70
INT049 840.43 158.43 214.60 271.96 210.22 495.40 88.49 1.31 498.21 378.06 -67.45
INT050 538.74 850.46 1,487.92 291.79 340.24 -3,332.49 282.29 359.68 33.72 414.12 132.92 227.52
INT051 722.66 472.39 537.03 -1,480.89 291.45 429.99 358.40 277.68 68.86
INT052 743.99 321.15 846.09 291.89 674.22 230.77 -48.21 -141.64
INT053 279.61 1,354.13 111.46 1,140.52 612.83 242.43 840.71
INT054 1,194.26 131.22 415.61 718.54 235.43 786.05
INT055 1,031.05 248.87 693.26 436.48
INT056 688.91 274.58 -1,936.23 424.20 224.28
INT057 -293.26 603.68 -49.74 197.56 474.02 37.38
INT058 1,243.39 457.21 -52.79 196.44 463.69 784.49
INT059 -113.84 1,129.43 -102.62 164.81 488.56
INT060 87.29 801.61 186.66 213.90 399.17 111.18
INT061 299.07 -34.93 332.19 167.75 58.03 449.75
INT062 -2,726.11 653.26 192.53 331.16 153.50 197.19 268.77 18.60 205.37
INT063 0.00 820.19 44.22 -183.71 323.69 30.24 733.28 167.78 25.92 403.94
INT064 789.87 48.28 249.87 217.58 260.77 476.02
INT065 960.66 228.28 122.95 1,765.67 66.98 226.85 154.47
INT066 1,004.80 258.88 375.85 319.90 195.97 1,174.39 267.82 384.27
INT067 1,808.92 349.62 422.63 283.22 547.00 739.93 676.82 182.73
INT068 2,257.89 85.54 1,818.95 807.39
INT069 -202.69 787.73 466.91 351.61 -67.35 182.64
INT070 1,249.99 99.68 4,760.09 207.00 1,700.71 262.79 703.16 72.23 123.39
INT071 266.19 445.40 515.51 56.35 136.98
INT072 962.26 1,153.84 544.37 105.95 380.19 112.86 221.69 8.39 157.22
INT073 496.24 240.07 -33.65 124.71 131.26
INT074 454.82 771.90 243.56 897.19 117.98 733.92 13.30
INT075 276.92 274.38 361.93 380.74 813.33 243.81
INT076 867.57 982.71 226.17
INT077 102.89 283.25 236.66 299.32 426.56 527.57 1,292.37 408.84
INT078 361.84 362.17 130.33 346.03 177.99 1,127.03 338.64 505.14 175.71 1,458.50
INT079 173.34 372.14 337.90 1,355.41 502.07 225.22 313.03 1,137.29
INT080 1,502.43 329.89 141.17 45.73 253.52 245.11 310.97 210.27 1,233.99 224.31 436.92 256.44 83.55 700.00
INT081 532.27 347.12 307.47 165.52 304.79 174.35 1,648.91 244.59 1,373.54 8,009.90 269.13 532.08 244.10 925.58 409.42 976.12
INT082 328.08 319.81 168.81 771.81 1,408.80 2,227.90 383.62 700.00 883.21
INT083 602.38 90.89 59.92 765.96 142.03 292.43 758.89 2,963.76 120.80 235.90 246.13 876.36 417.68 906.13
INT084 231.00 1.88 117.06 63.18 218.19 290.91 184.07 289.59 691.48
INT085 438.73 236.65 163.64 39.07 99.20 79.70 46.63 231.75
INT086 773.92 14.52 136.12 249.33 844.91 54.28 399.97 376.86 606.65
INT087 380.84 97.39 364.08 60.09 350.39 129.66 289.46 104.48 457.12
INT088 124.60 253.17 130.09 484.11 98.89 1,084.90 422.15 7.99
INT089 87.54 142.30 1,017.81 700.00 1,739.90 799.54 888.93
INT090 255.79 33.64 765.02 121.81 103.65 773.65 740.42 1,073.50 297.45
INT091 126.21 772.42 405.21 735.26
INT092 89.24 228.75 689.75 148.53 399.08
INT093 161.57 91.35 440.27 159.78 375.95
INT094 142.45 183.51 870.80 193.34 423.65 158.27 410.82
INT095 300.45 759.89 549.24 282.03 421.94
INT096 165.53 234.85 56.22 28.77
Pret final de deficit din luna Martie 2026
1/1