PDF PAGE 1
Data: 15.04.2026
lei/MWh
Interval/Data 01.02.2026 02.02.2026 03.02.2026 04.02.2026 05.02.2026 06.02.2026 07.02.2026 08.02.2026 09.02.2026 10.02.2026 11.02.2026 12.02.2026 13.02.2026 14.02.2026 15.02.2026 16.02.2026 17.02.2026 18.02.2026 19.02.2026 20.02.2026 21.02.2026 22.02.2026 23.02.2026 24.02.2026 25.02.2026 26.02.2026 27.02.2026 28.02.2026
INT001 3,922.47 1,374.42 -1,784.51 -275.56 162.87 896.20 868.23 -370.60 782.24 992.72 -21.64 -130.91 1,874.93 148.55 -187.02 835.04 1,064.43
INT002 1,115.39 1,226.56 1,039.48 162.55 -238.96 -289.09 -28.15 781.51 700.00 846.50 -37.35 290.00 177.73 -4,867.25 839.96 727.22 -318.20 -18.12 788.61 -155.68 836.44 863.21
INT003 989.59 1,085.39 945.63 -119.85 110.36 27.30 344.26 -46.59 -209.41 990.73 853.92 273.80 261.66 -7,183.02 908.53 875.75 -20.09 790.54 550.00 -198.28 604.16 823.62
INT004 989.18 986.05 726.16 -97.56 -196.45 -73.08 -8.43 -11.28 70.45 985.33 756.41 -133.09 -18.98 -224.54 -1,192.30 939.16 716.83 1,233.28 550.00 678.61 946.69 777.35
INT005 1,129.61 849.60 -8.38 14.56 -1.80 2,161.82 887.28 66.63 -166.82 -87.85 915.30 507.02 1,122.00 -131.88 562.00 550.00 685.54 -108.35 774.32 2,210.17 616.54
INT006 1,202.70 190.48 1,086.35 -124.90 1,311.43 8.25 791.87 -200.68 -341.26 1,069.47 786.53 675.26 -227.81 -114.32 1,972.38 510.95 1,373.70 31.37 562.00 863.72 566.17 608.66 1,659.67 768.30
INT007 2,190.41 79.69 964.97 1,090.16 -316.21 743.50 -329.37 -733.92 1,106.50 1,024.78 293.47 -171.06 932.27 548.38 965.11 602.66 584.86 588.34 877.52 641.57 906.98 754.43
INT008 971.56 -325.71 745.37 880.90 697.89 4.83 -50.01 -739.96 993.74 818.06 83.32 -281.86 1,013.19 507.04 608.65 550.00 598.43 550.00 696.36 -734.60 -1,279.03 602.72
INT009 953.11 -40.09 814.05 1,998.20 35.21 -43.46 995.54 1,581.91 116.46 907.54 542.02 778.89 735.68 -15.54 842.41 -3,593.14 599.00 146.94
INT010 997.83 360.19 794.59 745.46 887.40 21.12 830.10 -167.96 -2,193.66 1,202.18 1,327.88 323.15 770.34 749.78 -176.40 1,502.30 539.59 706.19 655.30 570.00 970.40 -322.22 863.42 -576.14 599.00 673.01
INT011 0.96 777.88 712.25 1,397.72 -45.51 888.16 172.95 -721.74 1,432.62 928.61 306.67 737.32 219.50 -101.17 20.26 893.32 588.09 667.13 570.00 1,282.64 -673.47 709.94 -133.84 617.84 696.48
INT012 2.30 986.47 -53.66 893.51 -142.83 -115.18 988.52 766.12 246.46 -1,373.40 893.85 507.68 725.82 570.00 741.60 -1,607.59 626.71 -153.14 838.48 9.21
INT013 993.80 -60.74 778.37 98.00 1,342.24 0.99 106.00 -26.13 1,281.78 1,174.12 738.95 606.86 768.58 -3,047.50 892.88 533.22 752.93 102.86 14.72 751.89 -208.52 -128.05 818.75 35.75 723.58
INT014 984.52 -211.61 793.09 -47.20 1,022.60 29.58 894.93 -77.87 -28.96 1,247.76 1,164.44 760.22 700.63 -598.32 905.54 511.91 752.35 -363.10 -387.29 710.53 -57.11 179.12 -165.59 818.86 58.34 646.18
INT015 975.56 -273.03 857.87 -154.64 1,131.83 41.99 798.28 106.58 -291.17 1,416.45 911.80 925.34 878.59 599.00 -587.92 907.80 510.08 599.00 -238.36 -6.85 704.99 -131.56 139.99 -274.81 820.66 779.02
INT016 819.36 -152.45 1,366.86 -1,846.34 1,425.90 -16.14 950.72 -2,732.20 -112.51 1,279.89 934.26 3,155.84 933.93 228.04 97.88 909.89 510.03 599.00 -5.32 -65.33 -101.65 636.61 819.76 209.02 750.90
INT017 -105.14 836.98 -723.16 733.11 66.32 823.69 -66.52 -113.39 1,376.48 911.17 2,774.53 277.94 565.50 57.17 999.64 588.39 599.00 -13.38 -7.30 927.78 550.00 699.04 -463.26 806.31 251.28 665.30
INT018 337.24 369.43 728.30 827.19 18.80 927.58 290.31 -75.28 975.68 1,211.79 2,705.99 663.46 483.30 98.22 913.84 734.65 691.42 -254.32 -366.65 550.00 715.14 -360.68 809.30 223.30 678.45
INT019 353.21 385.22 1,175.56 757.39 4.38 265.32 -4.42 991.68 885.44 1,941.33 660.79 791.43 -50.19 908.19 834.21 599.00 -77.40 550.00 763.43 819.82 130.43 739.30
INT020 327.49 -138.63 1,363.72 -99.01 356.30 252.16 54.02 1,109.09 1,205.42 1,032.02 502.60 63.09 904.31 563.01 883.89 550.00 -167.37 648.76 891.53 -519.70 1,417.43 200.78 736.22
INT021 282.70 2.62 854.88 -25.22 24.06 258.33 39.05 1,226.08 917.41 15.30 204.31 801.36 224.10 1,555.44 554.19 1,133.88 611.77 601.79 43.27 -665.49 728.25 -294.52 -59.91 671.06
INT022 131.63 330.36 1,062.12 -155.23 -167.30 -50.02 1,973.99 778.38 -181.17 1,003.50 383.88 1,105.11 525.75 894.06 622.15 -29.03 -1,523.99 760.10 -239.01 -161.91 608.77
INT023 -52.63 -95.14 1,281.49 194.62 -1,952.39 356.47 -100.14 1,285.49 3,406.83 552.13 344.07 909.21 1,105.41 896.27 633.45 683.91 194.45 -676.91 706.01 -503.79 628.05 70.67 709.53
INT024 -495.26 -193.42 1,444.77 210.36 -979.68 338.27 736.57 -279.66 1,055.51 881.52 452.60 305.32 1,738.90 627.36 885.99 1,832.09 602.82 -223.81 -679.54 746.62 -169.91 940.82 113.37 754.23
INT025 -552.99 15.21 1,135.82 209.51 101.10 -1,450.84 467.52 26.25 1,174.88 361.36 338.77 465.31 -216.51 2,024.72 1,076.08 2,376.53 2,809.41 -23.82 -89.41 -190.22 651.96 721.92
INT026 -467.89 1,027.20 154.01 152.33 67.78 327.42 71.77 1,004.41 388.53 401.00 283.02 729.73 467.89 -568.51 2,233.95 911.87 2,180.95 1,058.19 -15.35 -0.25 -320.03 -525.34 599.00 1,350.07 736.66
INT027 700.00 1,321.68 -983.79 -367.65 262.09 -83.42 1,001.87 400.54 627.58 465.39 -1,188.73 1,022.93 832.49 1,331.72 817.64 -118.27 -496.99 -201.09 -233.88 810.15 880.00 770.91
INT028 722.45 3,056.32 3,006.14 1,128.01 29.65 118.38 51.89 -580.13 1,029.68 207.92 737.58 465.29 1,063.30 821.92 1,750.44 4,446.38 852.48 188.36 -370.03 148.43 799.13 1,026.60 938.59
INT029 1,680.93 254.05 1,256.81 -995.85 7.99 69.94 51.24 -268.68 400.28 -22.56 888.74 761.76 -2,295.52 1,242.23 175.91 1,469.63 821.92 -1,774.73 -1,235.26 862.88 957.27
INT030 1,035.32 456.98 1,605.57 1,175.63 -519.12 213.62 -668.27 1,227.32 383.21 -6.80 814.91 48.11 783.98 1,154.24 1,176.13 3,691.70 -710.60 106.96 291.91 93.18 839.73 966.56 987.43
INT031 2,959.55 364.44 1,969.55 1,045.12 700.00 393.33 1,115.65 820.81 -50.53 700.14 -111.87 679.87 1,174.52 1,575.72 916.41 -155.92 51.98 3.76 653.47 865.22 896.94
INT032 995.42 30.05 1,374.23 1,145.67 214.85 718.92 1,282.17 807.90 43.02 1,174.72 761.51 632.88 999.97 1,380.30 817.17 47.66 -185.85 603.23 727.00
INT033 965.51 253.62 2,131.76 443.51 879.92 125.64 848.51 799.44 166.37 605.92 811.01 3,145.20 1,247.75 264.96 771.97 862.97 -335.97 209.35 -168.60 18.56 738.04 52.53 711.38
INT034 1,529.47 1,362.12 981.52 898.34 920.38 1,306.20 2,256.94 76.42 743.58 99.66 274.81 971.51 870.23 255.77 768.15 861.32 597.27 66.61 -18.54 764.83 771.95
INT035 1,355.44 1,491.34 1,168.04 2,560.27 938.59 1,378.69 2,851.62 757.50 -1,773.35 1,085.71 877.99 851.49 579.19 -28.02 -796.94 770.68
INT036 1,401.66 1,472.01 1,122.36 3,460.22 2,047.09 1,619.85 14.16 367.50 -419.02 624.31 700.00 832.19 876.33 16.42 850.38 644.51 773.11
INT037 877.75 2,018.35 1,409.60 1,173.83 721.35 838.55 1,400.83 774.87 -3,592.67 347.48 -79.78 639.20 303.12 795.00 979.38 -80.97 306.30 921.35 524.44 -154.67 599.00 -513.47 -4,910.34 -1,546.38 592.19
INT038 893.60 2,106.77 1,408.35 1,104.26 942.39 937.97 1,255.23 810.83 708.23 -168.68 622.64 308.22 812.99 982.91 -103.35 867.91 523.86 804.07 577.96 -21.14 921.33
INT039 993.66 2,168.95 1,399.39 426.85 957.47 950.39 1,417.87 -405.80 766.15 -4,152.53 634.46 -191.92 608.42 120.63 772.45 993.99 29.93 870.22 525.86 993.75 -464.59 -289.05 530.24
INT040 1,022.44 2,448.23 1,389.68 -13.95 258.97 723.38 885.62 3,085.24 875.58 -2,774.90 347.52 -166.03 692.00 260.46 994.88 11.31 -1,228.22 870.51 599.64 735.37 -596.03 -1,293.33 565.55
INT041 1,006.33 1,223.95 2,031.91 291.22 500.00 887.93 812.49 4,537.93 -304.72 839.28 770.78 -402.45 558.32 286.00 1,139.14 919.00 -216.06 868.20 705.73 599.00 827.86 -381.04 -1,100.45 524.84
INT042 1,068.57 1,227.16 1,225.99 5.63 1,444.17 816.91 2,964.83 1,189.30 635.36 -511.73 460.37 217.23 4,816.13 919.00 -150.93 871.81 1,182.61 628.88 -108.65 -164.76 -161.23 481.58
INT043 1,005.32 1,242.89 1,250.79 0.50 241.57 771.05 814.85 1,424.51 977.62 35.50 599.00 -296.63 464.65 1,074.69 -147.39 -116.00 -117.50 943.26 840.82 -294.16 -167.50 -942.17 823.14
INT044 1,020.34 1,231.04 501.00 1.10 208.28 700.00 814.80 1,328.04 828.77 310.68 -425.06 505.11 73.30 1,212.91 -257.73 -38.65 870.45 604.25 -368.70 -248.98 -1,134.96 901.98
INT045 1,235.10 1,152.71 2,303.10 -849.86 3,138.46 920.20 630.01 1,565.17 300.78 229.21 -286.77 309.22 -329.31 523.19 144.72 1,022.45 -68.66 823.37 18.13 1,821.97 514.00 519.94 1,045.96 -280.00 -160.61 -1,558.96 549.62
INT046 1,101.38 890.94 2,187.96 821.50 561.09 1,276.17 231.27 256.89 37.04 305.15 -405.54 783.88 223.25 1,014.53 44.68 -369.99 4.73 834.97 514.00 -107.70 983.12 -200.87 -163.51 -1,486.59 782.81
INT047 120.30 284.97 373.06 2,395.14 564.33 1,245.06 210.81 -333.21 -860.04 281.22 -280.91 524.17 148.50 1,017.91 -200.63 -631.67 601.89 833.83 -188.74 1,013.03 -162.12 -157.79 -1,000.00 595.94
INT048 118.09 311.19 -975.36 879.22 1,125.95 501.00 -499.00 265.24 -267.42 514.00 164.81 1,751.46 643.38 -485.30 -649.67 829.78 514.00 -157.80 1,024.99 486.50 -187.23 -3,121.65 1,225.40
INT049 999.74 793.38 1,063.80 556.46 1,370.50 286.98 556.00 273.56 -293.97 511.55 -203.58 972.85 -68.91 -33.05 -821.35 1,862.56 -110.97 985.88 607.38 -145.56 57.85 3,078.48
INT050 700.00 323.61 1,162.41 0.00 874.07 1,188.21 819.93 1,372.64 350.00 588.98 39.91 -150.09 -531.60 506.54 -876.21 996.00 62.03 2.14 -1,288.94 2,756.97 497.00 -55.86 995.24 600.46 -230.61 -1,032.77 2,056.72
INT051 765.53 993.43 706.98 60.02 0.00 700.00 832.32 535.55 1,214.64 1,588.21 575.15 39.91 -96.08 -576.63 516.02 -285.64 1,254.84 -74.04 -9.66 2,467.55 182.99 995.92 672.43 -313.19 6.12 445.83
INT052 941.47 353.32 758.02 500.00 340.52 700.00 632.36 1,196.74 301.47 613.25 2.29 8.04 -975.29 533.62 -589.07 995.00 75.98 -177.79 910.54 236.38 995.92 1,493.94 -567.28 445.71
INT053 5,812.79 1,039.57 1,457.62 361.23 861.30 1,918.14 382.14 675.59 888.13 1.10 489.12 -1,535.11 255.81 549.27 -86.81 -6,728.75 838.41 550.00 877.42 850.00 326.46 445.16
INT054 1,414.20 995.21 1,314.42 480.82 500.00 1,258.16 2,022.49 0.00 780.11 733.13 1.10 -407.64 504.26 -428.13 226.85 526.71 3.88 773.21 44.77 899.30 477.48 -16.20 485.03
INT055 994.85 500.00 700.00 500.00 944.91 1,899.60 5,012.09 1,321.23 663.73 423.06 373.34 489.09 746.62 526.71 2.56 864.11 -363.26 201.00 255.64 463.21 -539.54 726.08
INT056 1,087.28 422.89 393.77 500.00 3,583.82 2,608.34 400.09 180.32 649.07 -514.58 489.09 332.58 63.92 -46.27 785.98 199.87 263.55 457.85 -4,763.05 446.00
INT057 954.04 310.78 293.76 -933.79 500.00 1,137.21 886.21 1,310.96 501.00 599.00 229.90 -607.43 459.84 813.61 550.00 -235.89 -672.09 1,018.80 96.86 756.88 454.61 -6,875.30 479.61
INT058 954.10 1,098.33 430.96 0.00 975.17 109.55 1,838.22 1,145.18 -14,437.99 286.40 383.18 -316.93 459.84 759.90 550.00 556.66 -731.11 1,389.46 -510.44 24.81 730.19 455.40 -6,999.00
INT059 1,261.24 1,067.17 424.45 0.00 899.49 -307.48 1,379.13 1,089.03 -1,467.96 274.23 168.07 811.11 8.40 804.04 -113.65 763.30 739.70 -684.97 362.67 340.00 -3,179.54 4,916.76
INT060 1,282.71 795.39 -21.79 1,704.53 1,155.12 -5,725.96 674.13 -1,112.92 573.48 681.13 862.04 -487.42 794.20 702.97 -1,504.53 -968.77 -344.22 -2,715.54 751.68
INT061 1,161.73 1,114.84 285.36 -7,296.75 2,410.67 1,192.77 -1,429.66 810.56 455.97 -31.19 3,585.47 -203.91 10.87 681.32 -798.54 -902.86 565.11
INT062 1,122.82 0.00 362.41 374.47 2,425.81 1,657.18 -1,117.87 1,273.88 469.04 75.97 1,332.57 -458.85 593.90 -478.38 679.75 -143.76 -5,205.98 88.44 -14.36 802.12
INT063 1,267.32 1,167.51 825.73 1,552.64 1,657.42 -1,236.27 4,874.75 645.16 711.47 -863.34 852.61 713.81 -288.50 -23.98 400.00 619.86
INT064 1,322.91 1,366.13 366.61 2,629.90 188.76 2,081.15 943.28 -997.41 -1,746.09 311.39 5,501.29 2,188.62 259.88 857.19 -693.67 806.72 719.28 -202.08 400.00 -1,162.49 -2,364.93 1,064.38
INT065 1,003.57 206.72 -327.07 -1,263.50 2,027.09 884.31 -2,574.25 2,062.85 569.10 259.84 827.13 -832.29 -2,942.46 858.95 -4,828.28 -3,582.71 -449.62 595.03 568.94
INT066 998.17 1,377.13 1,178.22 -423.01 997.44 1,099.36 24.16 996.34 475.27 263.42 899.91 -5,600.58 -2,021.29 -403.55 598.42 -290.00 649.88
INT067 999.00 1,018.97 862.86 150.19 1,312.45 1,217.11 114.84 759.12 1,090.46 474.87 299.84 863.96 -6,999.00 -544.82 -801.63 510.13 827.65 -290.00 579.51
INT068 1,144.41 799.07 833.62 1,553.86 -8.84 1,058.31 2,485.38 699.50 281.64 526.57 343.97 278.71 59.82 902.68 -108.14 635.49 2,063.98 1,905.66 536.32
INT069 268.06 700.00 205.28 1,195.18 -255.95 212.87 697.06 -90.46 934.35 277.25 -237.21 311.14 -497.50 933.12 -33.88 -91.07 -127.02 -123.98 962.40
INT070 376.65 728.36 -97.38 1,231.10 1,475.68 -663.37 206.51 802.75 3.21 898.07 24.92 307.30 -249.74 922.19 -52.94 29.41 -429.42 709.36 927.33 1,769.99
INT071 313.17 1,425.52 1,098.37 872.86 1,230.19 1,263.99 -37.81 217.39 725.86 67.64 886.00 1,154.46 780.53 -572.82 307.51 914.67 -31.10 -123.95 766.25 3,750.93 854.70
INT072 7,462.74 301.87 5,143.95 -1,837.96 898.92 1,216.97 1,199.29 -105.26 189.16 739.52 22.96 852.41 1,324.05 -769.64 161.54 1,430.75 -123.52 1.70 616.15 5,647.23 1,397.62
INT073 355.69 1,793.49 10,313.25 895.89 1,968.94 1,750.11 -1,111.56 135.63 645.61 5.70 691.43 2,006.20 984.67 302.05 346.25 235.94 979.11 -470.31 -67.56 296.41 -28.77
INT074 -892.72 1,102.20 2,871.82 1,224.00 -24.89 180.18 815.79 8.93 860.51 1,663.79 249.05 162.46 157.64 967.10 250.39 -251.12 1,191.67
INT075 447.16 -1,062.96 -2,355.30 -3,157.75 302.16 1,379.78 930.04 207.99 250.20 777.54 3.65 4,666.73 1,279.16 794.73 312.07 375.72 183.91 999.54 -425.64 1,246.13 1,306.82 991.80
INT076 8,666.44 358.65 -425.66 -749.74 -1,778.81 1,356.02 201.36 19.63 2,351.35 1,159.05 353.56 378.40 -64.40 970.17 2.43 2,385.57 1,949.28 1,308.68 943.78
INT077 313.31 414.90 71.28 1,673.19 329.11 -497.14 34.30 906.28 2,486.32 807.91 360.56 297.99 -1,544.00 982.92 269.63 73.85 819.87 1,376.96
INT078 5.69 376.96 467.29 -35.43 400.00 1,284.69 335.05 133.02 37.41 855.62 4,767.66 882.88 926.86 315.71 -747.04 836.51 420.00 -250.77 -22.76 790.65 1,253.19
INT079 -232.59 330.32 451.40 -713.67 267.37 1,391.67 387.69 138.91 -71.40 1,328.82 915.99 769.96 -1,585.22 -2,168.33 898.22 629.62 140.18 -279.77 599.00 1,122.14
INT080 1.28 352.88 353.91 269.25 -316.79 347.07 889.87 292.99 -131.07 5,807.24 860.05 33.73 -806.22 767.32 -329.02 -4.91 687.14 1,343.27
INT081 -1,156.57 390.30 30.49 14,377.90 339.30 813.24 432.50 321.07 599.00 3,988.00 1,304.28 3,038.13 -189.91 -308.99 1,209.76 -27.39 80.29 -57.23 744.76 184.56 139.76 726.04
INT082 1,938.36 362.28 171.81 333.04 893.39 756.67 4,136.69 224.37 639.86 3,502.35 893.25 2,876.60 -956.06 -76.72 909.89 188.60 295.33 -250.34 653.41 298.71 625.79
INT083 917.62 268.77 160.13 209.65 1,030.40 324.90 864.88 793.66 833.52 189.69 -477.69 2,110.67 2,437.22 3,623.41 68.32 -52.79 -425.87 192.77 -196.34 774.21 887.83
INT084 933.54 185.59 140.08 -408.76 700.00 124.29 352.56 989.16 798.88 776.40 164.18 599.00 -1,638.76 975.29 1,252.06 867.42 889.31 67.65 -48.81 40.65 -129.26 -4.25 232.97 781.03 869.85
INT085 9,077.12 2,639.17 296.41 288.20 152.84 208.66 341.25 1,196.57 869.14 2,543.71 158.00 96.36 880.96 2,544.35 1,284.46 51.64 -123.61 155.88 -50.12 767.56 760.79 988.46 656.98
INT086 1,224.85 296.61 -104.85 120.23 300.00 -146.98 1,694.40 767.31 816.56 111.07 167.84 1,460.95 1,435.14 790.21 926.18 -0.90 -163.43 -56.56 -96.59 605.51 848.31 945.28 644.33
INT087 1,347.21 319.18 -267.94 28.18 307.42 338.23 -242.45 1,167.07 1,236.30 752.51 144.34 -95.63 3,639.41 1,362.70 54.39 147.49 -96.06 2.92 -11.74 540.82 947.78 841.87 599.00
INT088 1,788.62 -5.94 -258.92 -363.76 261.88 264.27 9.30 1,464.98 848.69 -353.83 87.80 32.05 3,183.58 100.20 65.51 -24.02 179.70 19.80 16.34 700.41 770.78 966.73 599.00
INT089 1,173.65 1,366.01 -45.55 -16.97 -338.01 1,069.34 234.79 -56.58 987.38 2,445.35 1,260.00 -180.22 -13.63 1,391.11 890.74 1,075.62 51.56 599.00 866.67 734.06 933.65 902.30
INT090 1,244.50 400.00 54.47 28.40 191.75 -4.64 995.90 1,292.97 966.92 -209.59 860.45 -157.74 878.15 804.52 45.76 599.00 13.67 -194.37 -284.33 822.96 2,933.98 869.98 600.64
INT091 1,422.95 257.07 4.05 123.20 43.24 327.82 63.99 -53.91 827.95 865.19 303.21 1.46 -31.95 869.13 775.80 70.63 599.00 599.00 30.54 -72.93 599.00 1,636.56 912.22 599.00
INT092 225.28 -205.02 17.50 -723.63 51.28 -98.89 -57.31 824.93 672.01 232.41 -1,638.93 -91.99 -1,603.87 -11.86 867.62 261.50 67.03 628.24 66.87 590.48 -3.78 658.29 748.96 599.00
Pret Final Unic din luna Februarie 2026
1/1