PDF PAGE 1
Data: 21.09.2026
lei/MWh
Interval/Data 01.08.2026 02.08.2026 03.08.2026 04.08.2026 05.08.2026 06.08.2026 07.08.2026 08.08.2026 09.08.2026 10.08.2026 11.08.2026 12.08.2026 13.08.2026 14.08.2026 15.08.2026 16.08.2026 17.08.2026 18.08.2026 19.08.2026 20.08.2026 21.08.2026 22.08.2026 23.08.2026 24.08.2026 25.08.2026 26.08.2026 27.08.2026 28.08.2026 29.08.2026 30.08.2026 31.08.2026
INT001 1,306.31 800.00 1,197.54
INT002 1,314.82 469.77 800.00 927.79 164.27 939.87
INT003 986.38 159.50 145.96 800.00 875.82 349.65 685.36 946.81 427.78
INT004 939.20 37.94 460.00 191.77 463.30
INT005 897.75 941.67 317.52 388.59 609.50
INT006 999.81 53.50 1,680.86 277.25 256.68 1,471.44
INT007 582.36 911.59 239.12 438.37 196.75 569.36 381.39 167.63
INT008 865.84 940.51 1,096.86 320.21 454.99 187.24 593.17 412.46 1,455.63 910.89
INT009 93.42 916.84 421.51 930.01 1,330.83 946.57 195.78 990.93
INT010 881.63 416.23 540.53 896.59 403.72 368.63 1,181.59 152.32 488.69 371.80 981.26 399.91
INT011 893.18 476.45 403.70 916.91 140.05 378.67 218.30 390.30
INT012 19.59 473.14 197.81 935.82 273.43 200.50
INT013 882.34 393.62 106.77 447.55
INT014 481.00
INT015 1,212.56 442.73 400.94 410.29 949.00
INT016 212.04 189.41 726.04 232.01 187.41 915.14 939.80 532.82 313.39
INT017 218.68 896.28 374.19 423.12 380.68 342.34 157.14
INT018 210.62 456.54 468.74 406.15 1,292.73 961.67
INT019 804.30 410.38 228.04 417.49 417.15
INT020 800.00 865.85 660.11 800.00 942.98 182.06 389.04 1,179.87 1,181.88 991.94
INT021 143.16 394.33 833.27 800.00 359.49 1,189.86
INT022 185.94 429.41 800.00 268.22 946.05 1,200.00
INT023 800.00 418.34 432.49 424.98 148.84
INT024 412.60 324.90 931.12 439.22 938.11 206.08 961.60
INT025 897.88 898.89 56.86 943.57 159.45 939.07 373.37 394.65 524.30
INT026 910.84 878.04 920.59 415.41 121.59 313.29 824.84 1,428.61
INT027 157.58 1,006.08
INT028 448.15 397.09 90.14 505.86 947.28
INT029 229.32 122.20 301.30 1,161.11 1,335.39 220.67
INT030 336.72 851.96 1,182.10
INT031 339.12 463.76 1,260.89
INT032 295.37 600.00
INT033
INT034 39.21
INT035 887.28 171.23 391.74
INT036 260.51 73.33 850.00
INT037 529.04 68.35
INT038
INT039 699.00 700.00 -156.01
INT040 1,043.39
INT041 116.54 758.66
INT042
INT043 601.01 148.88
INT044 77.36 596.46 2.33 -253.80
INT045 61.28 -25.37 600.00 -4.36
INT046 55.21
INT047 600.00 623.85
INT048 58.68 610.06
INT049 142.46
INT050 78.91
INT051 32.78
INT052 -143.89 74.58
INT053 21.46
INT054 6.96
INT055 -29.42 94.55 0.04
INT056 421.10 27.62
INT057 101.27 21.93 600.00 14.24
INT058 1.80 30.94 19.99 25.94
INT059 25.47 60.89
INT060 -35.69 67.79 44.53
INT061 9.69 16.85
INT062 62.52 106.84 634.80
INT063 -21.40
INT064 64.39 76.98 -39.65
INT065
INT066 490.89
INT067
INT068 64.76 72.68
INT069 151.74 95.64 1,141.75
INT070 624.09
INT071 585.23 958.03
INT072 599.00 1,630.64
INT073 294.52 666.18
INT074 950.59 898.99 583.66
INT075 1,211.39 419.34 618.18
INT076 1,114.06 834.25
INT077 1,141.80 425.55 1,194.57 847.17 442.48
INT078 1,256.91 341.95
INT079 1,166.27 945.32 132.47 1,015.33 1,137.03
INT080 1,203.34 877.20 1,397.75 1,469.13
INT081 1,197.57 451.08 504.76 474.47 941.89 376.67
INT082 1,043.38 1,183.69 800.00 422.13
INT083 943.34 1,513.53
INT084 505.89 1,165.60 1,350.24 1,013.15 1,184.32
INT085 437.50 1,390.00 316.19
INT086 1,006.05 840.18 1,351.73 175.29 166.07
INT087 510.10 557.21 509.37 1,587.51 181.39
INT088 968.90 570.88 230.72 1,321.37 1,283.65 383.93 176.29
INT089 453.60 232.53 1,188.60
INT090 800.00 1,062.00 233.23 837.42 230.43
INT091 346.05 544.57 326.98 334.35 800.00 939.53 1,406.43 535.38 193.28 132.55
INT092 916.26 340.19 367.16 370.17
INT093 884.16 942.54 167.74 1,153.62 241.40 208.01 868.83
INT094 180.09 153.64
INT095 386.95 287.12 135.57
INT096 1,163.55 316.97 927.92 153.76 141.75
Pret final de deficit din luna August 2026
1/1