PDF PAGE 1
Data: 13.10.2025
lei/MWh
Interval/Data 01.08.2025 02.08.2025 03.08.2025 04.08.2025 05.08.2025 06.08.2025 07.08.2025 08.08.2025 09.08.2025 10.08.2025 11.08.2025 12.08.2025 13.08.2025 14.08.2025 15.08.2025 16.08.2025 17.08.2025 18.08.2025 19.08.2025 20.08.2025 21.08.2025 22.08.2025 23.08.2025 24.08.2025 25.08.2025 26.08.2025 27.08.2025 28.08.2025 29.08.2025 30.08.2025 31.08.2025
INT001 654.55 287.30 585.65 167.58 402.09 768.33 225.49 720.64 298.89
INT002 724.19 104.24 648.84 420.00 97.76 683.03 700.81 0.30 142.56 198.86 404.00 278.11 707.32
INT003 420.01 420.00 420.00 177.68 319.86 158.34 646.04 670.28 0.30 0.00 67.40 661.75
INT004 634.61 312.75 196.18 99.49 129.02 60.03 495.60 52.81 139.80 130.38 79.33
INT005 697.71 0.00
INT006
INT007 1,017.76 404.08 240.67 492.58 183.70
INT008 764.38 699.06 107.42 10.98 697.10 147.40 324.97
INT009 635.09 388.57 677.10 644.57
INT010 701.64 646.83 248.08 420.00 397.50 390.00 89.49 132.48 633.51
INT011 420.25 322.98 179.12 400.00 252.46
INT012 101.86 120.73 175.18 711.09 164.25 681.37 113.82 122.83 247.36
INT013 420.09 221.03 390.00 420.00 646.66 134.47
INT014 421.00 627.64 118.18 673.23 665.10 420.00 130.48 91.23 723.71
INT015 1.21 35.34 420.00 151.09 119.31 716.64
INT016 420.13 730.45 2,612.23 125.56 796.56 114.84
INT017 0.00 179.38 659.25 169.14
INT018 0.00 300.74 94.65 165.23 132.98 149.56 111.49 120.80
INT019 420.69 282.93 640.32 130.59 420.00 551.38 666.91 185.69 56.86 624.66
INT020 639.43 175.76 303.04 97.47 143.61 699.93 531.44 683.99 96.85
INT021 0.00 119.84 63.52 693.40 0.00 161.71
INT022 420.00 63.05 642.77 0.00 390.00 95.66
INT023 827.30 203.67 697.91 420.00 246.13 374.96 716.61
INT024 757.91 177.26 99.46 242.99 420.00 390.00 364.31 61.00 124.41
INT025 420.01 89.12 556.65 652.24 110.81 232.75 420.00 292.71 491.89 420.00 724.41
INT026 420.01 128.81 616.30 228.39 102.76 420.00 289.03 577.88 702.81
INT027 234.15 275.77 248.09 420.00 390.00 390.00 170.05 390.00
INT028 705.08 449.03 420.06 689.25 687.10 594.59 434.34 567.48
INT029 243.48 219.76 107.00 51.13 279.97 749.13 377.22 -114.20
INT030 91.86 294.23 594.75 645.95 0.00
INT031 283.91 60.31 726.31 730.31 301.23 390.00 390.00
INT032 151.67 36.80 658.02 305.55 -23.75 371.88 224.35 382.63 420.00
INT033 792.57 413.58 207.46 -54.56 99.61
INT034 420.00 0.40 107.61 370.22
INT035 0.69 3.27 56.84 -3,600.70 -264.05
INT036 -1,387.66 -55.04 117.56 111.73 486.78 -4,599.54 130.21 96.85
INT037 -1,136.53 40.11 690.57 369.79 452.56 -53.07
INT038 -1,817.48 196.67 -376.06 -119.95 -4,459.90 179.82
INT039 -451.02 -156.33 404.00 102.06
INT040 -3,606.49 -5,206.70 300.14 -3,883.52 -4,728.24
INT041 225.84 555.99
INT042 -76.41 285.12 235.10 467.97 -1,827.84
INT043 -308.34 -95.19 12.26 -299.35 -4,158.95
INT044 -151.93 241.23 -3,574.15 -2,642.05 -224.36 -6,937.26
INT045 96.91 -4,668.11 364.20 -14.97 7.48 -758.06 -2,614.93
INT046 -6,627.48 2.00 -2,947.90 -157.05 -3,661.40 -3,542.46 -20.20
INT047 -262.47 76.77 -3,013.77 10.81 -219.69 -125.64 -95.05
INT048 -94.13 431.06 -4,019.68 -132.76 -87.61 -122.20
INT049 -4,443.04 7.74 -314.99 605.11 -83.66 455.60
INT050 -2,840.71 -7,001.00 589.11 -5,239.74 206.40 -76.27
INT051 511.42 -2,002.27 -1,913.56 -1,609.48 533.02 198.68 590.09 498.22 -1,962.24 -85.03
INT052 -675.98 151.91 -264.03 -86.70 91.84 367.20
INT053 -716.01 -165.35 481.24 541.65 -7,988.86 -186.30 -4,580.65 17.08 176.72 -28.61 -3,827.18 365.65
INT054 -138.33 -16.07 380.35 190.62 -2,466.14 -44.91
INT055 -19.13 284.24 119.54 545.68 -30.59 -2,227.47 -25.36 336.11
INT056 384.05 500.37 -343.72 -139.12 44.25
INT057 525.11 -4,757.23 -54.51 -83.71
INT058 -3,016.34 103.34 -108.00 498.33 -83.31
INT059 86.99 -1,402.43 -84.91 143.13
INT060 -52.77 120.50 595.19 -4,563.03 -86.58
INT061 -1,017.61 -4,999.00 390.00 -206.92 -4,823.58
INT062 -4,999.00 -4,313.71 114.01 647.45 -165.00 -65.75 -3,982.98
INT063 -4,926.13 -4,047.66 463.74 -137.33
INT064 105.71 -4,560.80 509.49
INT065 -6,599.43 225.00 -3,988.99 -2,925.97 -164.97 -4,990.43 -1,620.24 0.38 -152.10 599.55
INT066 220.42 75.31 197.30 -3,870.81 3.28 280.67
INT067 242.19 90.19 -304.46 506.28 17.73 15.20 454.04
INT068 -949.83 1.12 -165.51 4.96 2,373.26
INT069 -4,763.14 -4,763.00 526.89 268.38 -128.50 -3,544.32 -5,817.30
INT070 -295.72 -3,913.23 -6,193.00 -2,428.29 -651.81 -5,617.49 2.91 393.99
INT071 -106.00 -2,892.47 201.95 -185.21 648.50 -8,126.96
INT072 390.00 228.40 -376.29 201.80 1.00
INT073 313.70 373.46 -2,225.54 -3,651.20 190.45 242.71 -1,851.77 49.89
INT074 385.09 -612.91 507.66 189.24 -227.98
INT075 529.49 103.66 251.31 284.45 405.58 697.06 -397.86 371.00
INT076 314.11 325.41 390.00
INT077 2,231.39 -4,651.32 778.49 194.42
INT078 390.00 308.22 306.47 -4,727.17 -1,621.86
INT079 0.00 0.00 346.51 375.79 362.61 -890.77 558.67
INT080 -1,545.34 631.14 1,008.81 387.53 530.04 904.37 705.57
INT081 0.00 957.99 2,126.22 264.11 648.71 0.00 208.16
INT082 409.00 347.14 380.66 354.17 650.01 100.00
INT083 618.27 572.15 571.41 390.00 608.80
INT084 654.55 657.76 514.82 149.38 741.14
INT085 458.16 409.00 323.86 378.19 692.17 682.34 160.65
INT086 718.49 655.69 409.00 320.84 536.22 388.33 389.54 645.80 176.29
INT087 390.00 743.68 356.43 371.59 346.79 318.47 689.84
INT088 390.00 855.30 597.94 695.19 186.17 728.89
INT089 675.33 415.58 959.28 412.21 387.53 571.88 661.99 81.38 283.63
INT090 645.45 377.17 756.44 315.69 652.14 98.62
INT091 696.88 325.02 177.50 698.92 155.52 4.12
INT092 341.99 760.31 -337.94 641.24 771.48 221.76 168.03 -1,834.08 -5.40
INT093 211.32 587.55 -3.25 163.55 307.78 -8.76 3.83 183.63 96.75
INT094 420.00 394.82 324.44 176.66 181.89 567.31 387.64 622.50
INT095 740.51 866.74 741.00 378.46 215.81 119.38 391.85
INT096 171.37 -335.08 190.39 636.22
Pret final de excedent din luna August 2025
1/1