PDF PAGE 1
Data: 23.09.2025
lei/MWh
Interval/Data 01.08.2025 02.08.2025 03.08.2025 04.08.2025 05.08.2025 06.08.2025 07.08.2025 08.08.2025 09.08.2025 10.08.2025 11.08.2025 12.08.2025 13.08.2025 14.08.2025 15.08.2025 16.08.2025 17.08.2025 18.08.2025 19.08.2025 20.08.2025 21.08.2025 22.08.2025 23.08.2025 24.08.2025 25.08.2025 26.08.2025 27.08.2025 28.08.2025 29.08.2025 30.08.2025 31.08.2025
INT001 881.98 213.88 93.40 -3,598.76 699.22 6,099.14 44.07 -339.06 78.72 697.67 243.75 696.27 265.82 -153.16 188.03 -49.33 39.61 208.67 787.52 119.49 190.02 96.19
INT002 781.21 750.54 244.49 693.24 -4,857.96 751.67 694.67 152.44 165.45 -409.29 244.50 699.99 -132.23 620.25 59.54 902.74 267.31 252.14
INT003 280.10 192.83 -1,074.67 646.00 699.17 858.78 -94.84 182.94 16.65 268.00 207.35 131.09 171.45 13.81 698.96 291.74 699.22 187.45 343.14
INT004 699.78 -808.73 146.51 -96.26 290.77 698.21 688.35 -430.93 150.20 646.00 -59.08 205.45 -5,474.01 39.17 88.28 -96.40 659.40 697.65 815.80 10.63
INT005 850.57 1,344.38 -340.50 186.71 6,402.30 682.65 192.14 345.12 4,083.09 190.49 247.91 699.69 222.28 12.67 16.55 213.59 2,041.62 61.01 613.00 -1,395.18 632.64 -124.10 -156.25 167.03 181.71 172.64 699.97 821.55 155.99
INT006 3,957.32 699.90 698.57 181.39 -30.61 3,967.11 -414.50 170.78 282.81 691.12 694.92 196.99 285.47 700.00 413.99 -115.09 247.04 252.45 5,328.69 340.57 613.49 -20.21 475.00 -50.34 -126.10 311.82 196.13 205.08 700.00 901.91 233.31
INT007 699.79 698.62 116.17 -500.00 692.13 -4,620.75 214.41 684.18 696.33 187.28 699.18 3,256.39 321.49 -96.09 198.27 3,890.20 266.88 650.04 102.08 90.26 81.11 186.18 287.22 700.00 1,520.74 339.76
INT008 699.33 -2,782.93 1,106.11 224.81 643.37 646.00 9.94 684.54 699.63 151.74 -29.90 196.86 2,281.22 -1,141.97 569.00 110.86 -13.33 106.89 136.12 269.40 697.28 700.00 4,216.42 37.90
INT009 816.99 829.73 3,384.27 252.20 -3,807.82 6,277.06 2,957.12 335.99 222.34 307.73 887.92 179.67 690.36 363.04 89.84 187.26 219.85 7,262.14 -477.06 681.58 697.39 97.66 205.14 328.53 369.34 807.85 236.13
INT010 699.83 1,063.71 -4,999.00 6,499.00 1,137.56 222.37 227.51 130.31 171.18 420.00 124.67 120.64 222.97 2,239.06 310.69 693.73 693.84 110.36 420.00 392.77 699.44 166.88
INT011 699.00 699.60 -168.37 6,175.11 923.08 582.00 333.49 214.85 195.38 135.66 286.60 125.12 188.29 205.45 871.49 -133.52 646.89 40.58 694.78 110.82 600.00 235.12 239.27 244.78 699.00 255.79
INT012 337.28 699.00 698.81 -19.23 1,184.55 893.33 301.58 642.00 209.05 -200.83 157.75 145.44 166.72 977.27 -3,061.17 683.18 201.53 695.70 112.68 633.73 135.53 699.49
INT013 764.58 2,458.01 199.65 -10.00 300.80 4,636.45 170.12 328.77 178.31 112.36 367.34 646.00 201.72 208.21 239.18 -214.62 322.94 692.58 653.60 95.04 172.29 232.67 221.83 781.10 154.89
INT014 699.88 699.47 -0.95 -302.88 1,592.77 -130.94 251.01 -113.77 -174.19 354.23 229.66 206.08 256.31 4.34 699.28 141.67 645.27 599.65 108.01 165.08 167.30 724.32
INT015 361.30 699.00 1,965.32 575.00 987.15 148.02 294.65 208.80 -152.04 -427.64 334.98 195.56 228.58 217.32 420.00 1.85 699.37 130.31 670.62 617.45 86.15 224.76 230.91 -119.99 699.79
INT016 3,910.03 575.00 -77.26 1,073.95 -986.16 124.16 -981.82 247.23 321.02 69.63 196.00 186.30 140.21 420.00 1.23 700.00 145.08 643.54 688.45 97.68 190.00 211.12 -88.84 699.98 338.89
INT017 699.88 6,390.99 578.50 -343.54 699.98 855.34 -432.86 338.72 317.58 135.54 -211.80 248.76 382.12 159.03 14.47 346.95 -95.64 697.73 117.92 193.95 73.31 172.66 134.42 301.23 223.63 734.24 59.17
INT018 699.43 799.47 546.00 -185.46 655.48 855.04 180.81 195.91 -109.45 404.00 582.00 2.35 -236.72 -81.84 927.59 142.11 836.02 226.30 67.02 184.22 202.22 204.23 772.26
INT019 699.74 801.83 8.15 698.09 853.95 245.71 88.59 613.00 -1,000.36 259.49 691.76 2.33 89.82 -559.47 4,526.92 149.83 162.20 241.91 204.51 783.22 115.81
INT020 699.84 801.81 -122.61 699.85 648.22 264.07 212.54 199.39 381.13 225.15 196.98 21.43 310.95 -489.61 2,726.02 176.41 -71.30 -511.43 216.52 202.40 -83.78 788.41
INT021 420.01 787.30 129.38 -187.86 793.20 646.00 163.70 314.11 190.09 270.93 420.00 249.61 230.37 46.72 326.81 -817.58 90.24 336.34 330.86 67.47 219.38 194.02 81.02 175.61 699.16
INT022 209.50 790.35 98.17 -57.97 711.07 873.21 121.34 351.45 168.57 154.72 659.34 420.00 143.57 209.91 58.71 393.92 213.12 284.74 296.64 84.21 -186.66 199.17 175.16 699.91 815.58
INT023 -4,086.86 895.14 107.96 47.33 2,751.70 870.17 213.91 373.43 190.00 2,237.95 80.20 138.16 282.59 118.82 34.07 420.00 263.23 196.96 193.47 -454.28 189.04 167.02 765.58 1,000.00
INT024 -4,999.08 863.87 196.65 6,093.35 873.46 227.65 243.51 5,517.43 190.06 736.75 201.17 227.02 168.38 5.94 420.00 211.70 324.77 259.23 697.39 699.45 715.79 946.76
INT025 -672.88 1,246.21 209.85 788.17 179.85 552.00 -251.94 193.05 830.69 334.16 209.66 19.22 351.08 673.85 146.65 211.37 780.55 126.22 733.09 799.39
INT026 0.25 1,854.74 212.38 304.17 678.29 140.88 694.83 157.29 699.77 239.21 229.09 167.32 14.93 347.54 559.89 324.02 259.11 266.61 715.13 155.32 699.73 755.65
INT027 4.09 492.00 202.48 691.36 138.77 698.89 198.58 5,413.60 183.41 159.68 700.00 396.82 261.31 235.02 33.35 296.08 409.17 -480.07 236.58 699.32 192.34 699.85 791.50
INT028 -1,160.67 258.71 72.39 93.83 211.71 4,349.06 270.21 127.50 821.82 278.76 312.48 221.13 -19.63 192.50 287.33 689.37 342.10 230.06 46.84 1,052.67 26.51 785.47 799.95
INT029 -163.46 256.49 -480.53 -2,392.47 698.81 189.92 693.16 -3,150.64 618.59 795.67 -1,976.01 301.33 380.92 853.81 692.94 -2,764.84 688.49 -2,411.06 780.21 699.83 -231.18 906.56 877.61
INT030 699.89 -106.12 264.81 475.00 221.35 -2,628.82 646.00 158.75 659.68 -74.62 646.00 787.49 215.70 183.04 13.40 136.63 262.23 692.12 689.69 -4,803.71 642.88 167.74 724.78 699.67 876.68 814.78
INT031 699.77 -32.61 253.63 657.53 25.82 646.00 263.38 646.00 143.00 547.35 700.00 264.89 86.11 11.31 273.64 643.90 698.33 -4,999.00 603.08 209.91 699.88 699.00 804.05 801.01
INT032 108.57 -40.24 248.27 675.14 224.26 697.37 672.04 646.00 699.96 334.22 699.72 33.21 -88.32 269.03 644.31 700.00 -3,326.07 -2,671.04 346.71 699.85 344.50 783.20 88.91
INT033 -177.84 681.64 235.13 692.70 741.67 740.87 791.56 1,873.60 1,066.47 4,360.72 409.00 6,233.19 641.04 -106.70 334.11 341.78 698.22 -12.31 247.34 192.53 643.93 699.84 699.00 354.04 4,865.00 85.77
INT034 -308.03 699.12 687.83 387.73 103.78 662.57 696.78 688.48 687.41 808.08 -890.51 813.50 694.57 290.94 6,127.55 51.73 -244.82 -58.02 640.35 692.28 -37.94 -22.85 78.20 387.39 699.40 4,352.10 142.53
INT035 -3,717.76 699.00 -1,040.25 304.55 286.22 -1,074.61 15.40 646.00 645.36 606.00 810.32 -738.71 694.39 287.68 260.29 6,344.90 -27.12 -1,566.92 228.43 645.74 367.00 -1,702.97 372.37 325.20 721.27 164.06
INT036 -10,047.51 -1,734.17 -3,509.53 -165.63 646.00 192.05 1,560.23 -5,138.68 646.00 374.34 92.35 680.81 -4,638.18 -1,461.28 247.98 296.18 -356.11 -3,373.98 110.91 286.24 -1,080.85 214.09
INT037 -904.41 557.55 -885.08 191.55 2,575.69 160.34 697.91 681.63 529.55 -9.96 5,317.57 -132.47 302.46 3,900.36 -1,943.97 238.45 688.75 766.81 -1,261.22 1,137.24 -3,194.51 385.12 2,431.06 283.48 563.16
INT038 699.00 506.76 698.00 192.93 550.40 -296.38 698.97 665.40 533.31 1,134.25 288.06 344.17 102.90 198.57 765.11 -3,421.81 390.69 769.10 724.59 643.41 220.56 420.00 -2,833.23 699.00 563.16
INT039 -1,128.71 697.37 -1,274.00 698.00 -414.33 212.82 559.67 691.29 -3,104.43 674.84 -21.32 420.00 63.20 736.19 -4,294.96 406.67 682.59 747.37 645.48 -2,540.36 -4,999.00 253.21 -1,888.39 -6,832.55 699.66 563.16
INT040 -1,280.42 752.23 -2,948.39 698.00 -203.06 183.65 412.19 85.37 -235.03 558.36 -7,479.82 -252.68 118.05 0.20 146.22 657.65 -871.08 644.33 705.97 645.14 -1,139.85 -5,281.27 -778.98 -4,747.95 699.00 563.16
INT041 698.00 5,343.70 673.43 614.00 -24.96 668.06 21.06 -2,870.95 646.97 230.51 2,320.42 -2,132.90 -425.85 -1,471.64 113.64 646.00 1.16 193.32 727.37 4,138.04 658.21 457.66 170.53 45.58 31.88 736.99 18.10 179.77 4,744.96
INT042 137.82 797.67 730.60 614.00 -51.30 621.37 -51.22 649.89 683.51 -245.30 38.73 -997.58 336.37 65.65 646.00 -61.96 20.92 724.17 5,020.32 657.29 139.73 -1,202.04 12.98 -73.60 229.10 492.27
INT043 134.31 683.54 509.45 614.00 582.00 -9.49 539.12 604.25 -500.77 219.59 -59.87 652.12 24.27 518.97 646.00 -168.27 -88.80 690.37 707.95 680.47 22.74 74.25 28.14 -71.00 699.09 473.11
INT044 699.00 454.88 614.00 -108.80 582.00 -2,568.83 -99.96 595.81 -2,092.61 514.88 -2,039.65 199.22 24.31 24.28 524.94 247.47 -142.32 645.82 550.22 644.48 -2,132.31 61.36 -104.05 4,827.85 658.74
INT045 34.61 699.82 190.00 -238.45 534.02 1.10 569.35 450.00 729.80 16.02 597.51 620.96 550.00 487.71 -837.77 3,005.31 511.05 488.59 -1,994.85 125.17 20.33 543.89 2,699.67 4,738.29
INT046 81.47 745.27 -13.10 191.14 -209.90 450.06 585.62 -116.14 559.51 625.68 -249.95 550.00 582.73 550.00 487.71 699.77 510.49 488.59 0.01 6,939.20 2.20 17.58 3,859.25 722.20
INT047 87.25 550.00 129.59 570.00 -1,895.26 -5,351.41 556.70 30.46 588.67 525.38 504.00 51.52 527.74 51.39 537.10 733.65 510.49 488.59 -2,125.77 6,037.99 696.38 45.87 652.74 531.73
INT048 550.00 -1,463.92 570.00 -538.61 -4,322.16 -5,620.06 475.00 530.23 492.77 527.77 7.40 514.77 28.05 108.01 487.71 1,045.17 510.49 488.59 -4,732.25 -2,173.62 665.20 0.06 723.38 525.93
INT049 51.82 579.01 450.00 207.56 -44.80 -2,914.12 -6,949.19 -21.13 556.37 613.40 -47.15 -179.29 46.71 633.39 465.19 651.91 451.99 5,743.49 1,957.51 -23.04 550.00 81.72 0.17 -85.76 642.01
INT050 31.50 550.00 196.71 -1,720.85 -4,726.32 475.84 627.29 -46.06 -287.59 550.00 824.96 465.19 633.29 528.13 8.68 0.28 2,584.18 3,108.75 86.26 59.59 41.19 0.07 -90.39 254.21 781.40
INT051 109.14 550.00 505.00 -33.15 100.87 3.55 8.58 601.24 832.36 198.68 27.85 0.09 699.13 3,586.52 -299.67 0.12 52.97 5.31 0.03 -94.53 169.56 471.57
INT052 96.27 619.19 450.00 571.42 -2,046.09 -541.29 -1,328.98 2.65 555.23 -1,872.59 -1,302.81 40.60 623.36 -1,131.49 198.74 -2,970.28 31.29 0.76 699.97 3,045.92 0.00 -3,836.93 0.03 0.06 -94.10
INT053 112.62 666.96 450.00 49.60 -751.77 -4,730.56 -191.01 515.20 251.71 323.35 628.43 668.63 -4,670.70 2.08 -4,999.20 0.14 -54.39 26.69
INT054 104.78 550.00 450.00 29.76 -168.34 -3,949.81 -4,999.00 -4,822.51 -174.10 62.09 450.41 65.02 374.63 23.85 544.53 675.67 -2,579.60 141.51 -1,514.63 -5,416.19 -649.48 0.05 -50.40 -14.18 487.98
INT055 98.14 550.00 450.00 91.52 -27.20 -104.00 -2,273.55 -4,999.37 -2,854.47 21.93 -395.84 569.47 189.23 -163.28 549.88 192.63 -51.29 -4,999.12 -4,315.18 0.00 -2,271.68 -61.60 -51.19
INT056 101.05 550.00 450.00 420.61 581.95 641.09 -365.07 -1,828.43 -4,999.00 -0.21 -1,990.67 44.09 158.14 313.99 450.04 -162.67 6.07 597.13 644.20 -3,292.90 -5,826.61 -1,745.78 12.75 -2,020.43 -68.12 17.18
INT057 -398.52 102.77 -1,243.74 562.56 792.49 699.85 234.00 -2,689.90 112.00 -151.21 -4,999.00 -41.83 -1,180.21 79.84 136.76 -107.18 672.12 190.48 645.84 -130.00 -1,274.05 -2,342.75 -2,627.20 24.62 -62.62 171.76 159.46
INT058 77.79 550.00 -418.11 299.35 863.32 611.65 234.00 -3,016.34 -55.47 -2,676.79 465.21 -257.39 57.96 -770.83 -2,229.36 1.10 -371.68 61.53 -168.51 -5,636.18 -159.36 25.13 22.08 10.22 -55.55 8.82 228.00
INT059 36.89 550.00 271.00 1,145.73 474.94 -47.22 200.44 -1,105.49 -2,358.06 465.21 -89.55 89.99 -1,322.09 -460.06 450.00 -3,438.51 180.72 -4,829.81 114.51 -346.22 -1,305.99 -127.81 475.00 76.46 0.24 -40.19 91.20
INT060 128.90 271.00 696.36 -700.74 -2,495.96 -4,019.36 64.17 200.62 -2,640.57 465.21 29.90 547.87 123.30 450.00 172.57 -3,552.78 46.63 -237.95 -2,463.86 -128.59 -2,724.86 18.86 15.53 -80.52 433.43 63.87
INT061 -4,617.42 208.54 309.61 -186.83 -22,161.36 10,367.51 -1,122.54 -115.94 -22.41 -764.75 184.22 518.41 133.87 450.00 -2,616.39 -3,870.77 624.20 -1,822.25 -1,408.24 -2,559.95 -4,999.15 -1,113.68 6.33 -86.24 464.87 40.03
INT062 550.00 188.30 244.43 490.98 250.00 -94.80 -3,979.67 -26.72 574.93 475.00 190.00 450.00 581.29 -4,896.95 304.63 -179.32 95.70 -2,334.53 475.00 2.65 -93.24 435.09 -4,144.03
INT063 -2,027.63 615.43 156.68 452.33 682.66 4,292.26 -301.18 340.86 450.00 -1,091.99 621.63 532.34 182.02 531.46 450.00 -165.00 675.58 -3,110.53 300.23 -334.19 -1,066.69 475.00 12.19 37.60 -66.11 562.51 -4,999.81
INT064 -654.37 550.00 253.00 648.51 1,526.00 -269.60 372.53 516.66 -3,421.73 -1.73 621.65 626.77 164.26 522.00 283.62 159.77 628.79 268.19 -605.72 452.06 -242.95 29.73 8.24 -165.00 475.02 -87.82 777.57 -4,999.97
INT065 -3,217.63 172.21 -389.34 -141.37 -125.13 356.38 484.30 -15,480.42 190.20 478.00 -2,708.50 522.00 -42.18 262.92 -25,895.01 -4,041.71 253.50 -2,817.01 -4,829.95 50.20 -2,126.21
INT066 -19.45 -3,345.95 -8,898.55 5,878.72 -214.74 622.56 -280.45 671.32 625.50 -1,853.32 522.00 -243.96 146.70 -45.67 190.69 692.59 -105.68 -4,063.81 -3,228.51 -573.89 64.87 0.50 632.90 -118.22
INT067 -146.37 -182.96 41.53 -4,579.43 6,752.63 -233.68 53.24 581.78 -6,721.90 557.00 190.25 -1,116.03 257.95 0.40 190.16 770.36 473.66 -3,596.62 -3,755.29 -135.61 185.18 19.38 551.96 -150.62
INT068 167.66 540.14 512.66 94.10 -2,026.21 2,972.65 -172.63 805.15 2,543.65 190.00 84.68 646.49 683.89 369.89 623.28 631.46 604.37 691.67 511.24 27.16 -138.58 -162.58 25.80 534.06 2,362.59
INT069 160.81 74.68 -3,332.50 6.32 -1,668.16 -4,974.26 77.69 -1,265.10 172.29 855.30 556.88 -4,652.55 -3,020.73 22.60 -4,945.01 475.00 -6,578.75 -6,741.28 69.96 -347.77 183.03 -1,276.61 75.28 4,672.44
INT070 171.93 658.03 655.96 89.53 -1,283.97 628.15 -22.73 190.00 5,970.25 675.20 -46.02 50.43 194.61 1.58 -4,951.06 684.88 -4,618.04 -5,741.18 475.00 143.77 -677.02 342.20
INT071 182.54 2,792.67 618.61 -149.48 78.72 13.19 687.91 190.00 7,001.00 1,315.95 260.51 52.86 188.61 216.80 -872.02 -105.17 1,289.24 45.79 -110.50 475.00 174.33 -527.44 381.97 76.30
INT072 372.92 6,435.34 932.09 3,999.64 4,544.56 0.00 670.60 6,742.50 190.00 3,339.09 6,544.99 2,769.20 664.22 5,701.76 121.37 109.70 -189.91 1,382.28 205.75 1,015.09 -326.79 512.81 0.80 597.26 757.53 215.43
INT073 95.51 200.00 608.54 -5,871.47 -5,855.26 -4,360.44 -139.43 -104.09 1,109.98 270.09 164.34 176.20 317.60 171.86 -2,924.29 -1,882.86 805.60 -5,397.24 558.70 -1,455.36 -477.45 0.00 -4,120.56
INT074 817.81 680.64 3,544.27 699.95 -136.00 158.34 -2,741.21 522.50 2,272.15 276.61 475.00 309.81 225.64 26.31 273.27 -354.79 143.81 859.72 -3,795.15 6,193.10 209.56 26.16 753.83 -291.23 194.42 -109.72
INT075 390.00 4,664.03 920.08 3,546.48 56.15 244.84 159.83 855.03 1,726.06 767.17 218.93 254.11 196.19 -207.21 100.25 981.59 -1,806.22 3,606.18 390.00 575.21 914.13 -41.50 204.94
INT076 730.60 6,899.97 4,102.86 768.84 6,649.30 674.53 246.94 2,089.12 5,306.71 6,588.13 3,826.78 2,519.25 6,545.56 644.29 5,997.15 713.48 73.99 88.09 148.90 1,900.71 169.42 1,215.22 192.77 645.42 3,968.25 5,192.35 692.13 3,030.38
INT077 657.76 803.35 700.00 696.88 591.86 -3,112.75 -3,220.40 0.00 5,588.30 269.57 241.72 368.77 220.54 26.63 -2,199.51 92.24 699.92 25,471.02 92.31 990.21 607.16 666.40 682.73 1,472.59 -109.46 272.63 311.11
INT078 937.59 773.18 875.46 704.46 665.01 1.48 217.61 635.08 6,830.47 217.60 109.15 4,220.50 699.92 183.18 970.39 185.24 -3,251.16 700.00 110.09 611.40 1,019.99 666.64 3,807.47 174.23 108.18 308.35
INT079 1,217.58 2,290.03 2,034.86 762.42 -39.51 225.96 3,942.63 3,697.61 274.04 4,528.80 1,761.62 208.85 1,094.89 65.32 -3,565.80 1,004.10 -267.54 -336.93 1,083.12 695.81 4,201.92 -80.83 12.88 326.84
INT080 5,355.19 988.16 3,343.08 6,483.76 1,189.81 1,036.36 4,089.36 718.32 6,735.39 5,794.41 1,272.17 232.43 8.75 931.83 1,121.20 318.23 252.26 312.01 892.95 5,008.47 1,567.00 3,409.32 1.08 313.21
INT081 91.82 215.65 1,707.98 -233.36 286.10 1,652.53 375.42 1,917.90 1,438.29 173.87 941.38 11.96 193.09 722.65 841.30 -198.17 200.38 -1,586.39 553.06 863.94 37.83 67.48 -32.13 216.00
INT082 312.95 189.08 241.90 241.80 915.12 335.18 320.61 1,700.06 345.30 1,664.51 699.98 313.21 969.81 49.10 233.34 514.63 1,023.97 -141.81 281.08 -3,735.34 813.86 1,338.08 700.00 166.95 1.07
INT083 260.68 258.57 2,397.42 1,090.23 223.36 1,284.78 90.72 241.92 1,801.28 373.04 1,692.63 1,190.29 165.19 1,199.81 123.21 251.68 1,053.20 -338.83 620.32 231.83 851.62 1,080.35 1,010.78 3,262.42 179.13 1.54
INT084 264.32 849.40 5,905.36 1,425.04 288.34 3,090.86 3,459.11 1,493.24 390.00 1,165.38 1,689.03 1,235.29 335.29 1,270.31 207.81 50.12 755.05 295.81 1,015.50 31.33 252.02 776.52 1,143.09 1,243.66 1,439.59 1.73
INT085 234.79 740.87 1,519.42 700.00 290.94 1,535.57 5,946.28 1,134.17 1,382.52 2,034.43 699.37 206.97 999.87 367.31 54.40 700.00 951.86 -95.88 129.31 9.28 1,223.06 1,060.78 1,101.53 -540.01
INT086 356.19 700.00 303.04 4,331.92 6,696.95 1,135.95 1,400.02 2,358.12 5,553.09 1,773.78 133.85 992.66 303.43 93.83 251.75 697.00 -1,455.49 -2,868.36 10.41 360.55 978.47 3.26
INT087 757.76 1,237.75 1,843.94 1,666.25 946.63 338.20 103.56 5,181.13 1,903.36 1,806.15 -261.16 -77.22 95.10 208.54 -30.15 124.31 -144.34 -4,148.78 2.99 385.36 387.97 -387.17 32.86 4.32
INT088 700.00 2,276.85 307.79 1,509.17 1,889.60 352.27 -1,752.98 -332.61 1,445.31 2,361.43 -2,116.64 -130.72 31.47 245.61 -1,873.62 262.79 8.46 -3,592.75 3.88 180.77 -388.23 93.75 -1,392.43 267.13 7.48
INT089 1,671.83 1,131.46 1,107.86 962.63 3,524.24 1,154.32 4,645.35 0.00 5,327.38 1,421.16 5,176.87 -349.02 0.85 322.41 -247.96 -5,181.00 1.64 164.26 849.59 -619.37 696.16 -8.89
INT090 1,003.82 152.69 159.13 917.25 2,169.36 2,877.16 1,332.97 379.63 316.59 -926.65 4,808.65 266.95 1,701.31 72.48 -223.00 303.23 -249.66 281.79 -243.03 -5,882.27 -826.63 171.60 658.62 -61.50 -716.37
INT091 177.56 699.97 288.07 126.72 937.80 1,232.28 -2,375.35 2,955.58 420.00 333.39 -2,488.52 3,313.96 -101.90 159.25 256.67 -100.50 -1,565.56 150.03 -137.45 -1,543.38 -1,756.02 60.38 157.64 -535.85 11.00
INT092 237.76 -980.43 94.79 -5,874.86 -21.47 -3,263.85 -4,928.51 -3,458.38 -35.06 193.78 37.55 75.53 -4,602.60 -34.14 -1,368.47 -1,986.30 -1,266.77 -608.10 -399.66 -2,952.12 -132.03 -2,428.43
INT093 839.22 215.66 794.53 871.25 4,095.40 -653.77 6,883.86 249.09 -2,060.83 889.76 -1,700.41 716.68 146.63 239.67 1,213.74 -359.16 -2.10 112.05 699.69 1,147.27 96.80 -157.09
INT094 739.84 91.95 752.77 -4,465.65 -905.56 5,021.04 -433.37 700.00 -2,674.81 1,080.66 231.93 232.37 60.67 1,084.55 205.33 740.10 -75.05 -5.56 696.53 274.82 206.48 121.46 -686.00
INT095 318.13 301.69 -4,239.79 82.96 6,213.25 696.47 218.89 -726.23 700.00 -2,478.33 247.89 265.34 155.14 1,413.06 245.89 698.65 3.52 630.39 11.63 193.89 643.53 225.80 105.03 2.85
INT096 310.08 -1,757.30 215.34 203.66 -4,999.75 50.22 781.87 244.06 51.88 -3,895.73 -716.02 203.91 245.02 249.02 49.47 699.78 214.49 698.95 -150.49 -46.83 157.39 642.42 -152.47 253.68 -376.48 -389.37 -3,878.17
Pret Final Unic din luna August 2025
1/1