PDF PAGE 1
Data: 16.07.2026
lei/MWh
Interval/Data 01.05.2026 02.05.2026 03.05.2026 04.05.2026 05.05.2026 06.05.2026 07.05.2026 08.05.2026 09.05.2026 10.05.2026 11.05.2026 12.05.2026 13.05.2026 14.05.2026 15.05.2026 16.05.2026 17.05.2026 18.05.2026 19.05.2026 20.05.2026 21.05.2026 22.05.2026 23.05.2026 24.05.2026 25.05.2026 26.05.2026 27.05.2026 28.05.2026 29.05.2026 30.05.2026 31.05.2026
INT001 1,680.33 5,762.99 0.00 1,245.10 1,331.86 1,097.29 5,260.31 2.17 -107.15 76.36 -966.77 125.36 1,104.18 76.82 1,612.45 2,630.87 1,097.43 899.00 1,088.71 1,503.05 -2,432.17
INT002 2,230.10 2,637.21 1,493.42 1,313.21 921.39 83.08 6,999.00 899.61 -151.48 -463.71 77.21 -306.76 -40.91 1,045.72 -165.21 1,188.38 1,267.40 849.24 88.16 897.68 887.24 894.90 -2,799.04
INT003 2,207.55 1,285.81 1,090.37 1,311.89 891.18 6,999.00 899.59 -175.32 263.45 298.93 -2,068.18 -143.92 1,282.75 20.81 106.98 131.56 1,239.71 1,556.24 891.07 899.60 1,141.26 887.35 -162.04
INT004 1,363.15 1,384.06 1,089.12 862.27 1,301.85 875.31 6,397.60 977.56 -193.90 16.99 -292.02 323.67 83.49 -71.66 -6.34 264.99 -114.11 -36.20 -48.27 1,016.07 4,077.95 877.99 69.05 251.35 2,823.47 988.24 6.21
INT005 1,846.91 1,039.82 2,287.38 1,001.38 -313.78 106.57 1,051.17 936.16 7.25 1,272.70 192.44 -59.20 1,290.94 42.54 174.73 1,009.40 3,742.72 1,078.30 114.02 124.67 898.42 2,164.96 1,239.19 3.45
INT006 3,461.52 1,055.75 924.35 897.94 1,279.69 -162.01 354.43 1,542.84 1,569.81 899.90 1.10 75.03 900.64 393.00 17.42 -123.65 1,055.55 898.97 898.26 899.16 1,313.45 1,139.55 334.83 963.79 3,897.56 1,181.11 -4.65
INT007 1,206.56 1,080.99 954.36 2,228.95 -216.91 338.24 2,299.33 897.44 804.02 899.48 217.08 17.34 19.43 1,187.00 924.17 253.54 897.43 1,139.28 1,117.82 362.80 1,153.46 4,607.73 1,251.76 0.61
INT008 1,059.99 1,042.91 974.10 -295.68 3,180.05 -41.71 -234.98 1,501.90 166.61 808.25 935.14 802.49 76.73 883.49 20.83 10.44 86.13 896.54 273.96 893.16 1,155.40 32.66 901.54 4,759.84 5,152.54 1,353.61 4.79
INT009 2,345.71 293.81 1,043.72 232.77 1,164.29 126.36 173.34 -126.34 6,814.59 202.24 566.70 889.72 899.01 -15.01 1,027.87 4,151.73 -262.26 1,467.59 949.95 898.69 1,137.24 163.49 1,448.09 281.55 4,217.67 1,070.60 1,305.84 -16.17
INT010 1,267.86 296.70 942.30 1,257.12 318.00 -213.00 3,822.99 322.48 819.17 112.63 894.64 915.92 6.02 899.39 2,127.70 895.39 898.23 67.64 1,243.30 -1,524.34 899.31 1,333.74 1,112.76 1,613.38 -94.66
INT011 1,777.02 268.72 978.84 -108.02 1,629.49 260.25 171.63 -134.62 4,642.72 826.25 23.95 1,296.72 898.44 11.66 958.71 1,427.01 274.47 899.00 29.16 1,332.93 -741.06 899.85 1,199.89 1,149.61 1,948.50 -99.17
INT012 1,451.05 911.57 220.84 1,299.50 304.55 1.87 1,383.99 291.00 886.68 822.92 274.21 842.43 1,050.72 985.13 13.30 899.01 1,227.37 207.67 275.12 -1,847.03 -146.14 1,170.09 -2,004.44 898.69 2,717.06 -93.62
INT013 1,114.12 -4.30 1,129.10 926.11 1,068.81 0.00 139.69 8.30 299.09 891.82 -162.69 829.46 349.63 984.55 1,072.46 896.98 899.36 978.11 -677.77 298.80 239.30 896.25 989.48 -6,454.60 894.33 1,444.10 -77.72
INT014 1,518.94 1,297.45 897.70 1,052.60 -5.53 274.07 936.24 893.14 863.68 898.24 1,273.70 -114.71 921.16 889.94 -230.18 271.88 -14,795.50 885.83 2,949.42 8.08 226.96
INT015 1,274.14 831.26 1,193.06 896.40 1,111.59 879.97 -5.97 917.75 81.69 884.27 856.87 915.30 1,347.23 1,531.65 900.00 334.94 122.11 241.67 354.46 -15,037.12 890.56 4,108.20 21.50 -239.42
INT016 1,013.45 886.61 978.86 899.21 1,067.59 256.84 -280.90 257.24 889.89 837.80 899.24 898.57 1,181.37 1,395.89 1,106.28 362.72 164.99 898.82 341.61 -2,952.53 898.27 3,708.30 240.89 306.07 0.26
INT017 977.64 956.52 1,642.56 1,204.65 1,401.40 -13.58 270.98 31.08 897.40 0.90 929.48 924.31 1,498.71 -220.34 297.49 270.17 256.17 -313.04 327.21 -370.88 898.13 1,137.12 167.42 353.95 -229.87
INT018 1,107.89 1,421.62 1,006.20 897.39 1,175.62 225.16 170.88 950.44 814.50 898.58 936.68 1,163.76 -440.38 960.50 97.92 41.96 -406.14 14.44 -894.60 915.12 1,139.64 -95.48 291.77 -322.25
INT019 1,072.31 952.23 1,015.70 899.09 1,082.07 898.90 -508.60 -75.62 899.16 918.43 0.00 1,039.53 1,206.11 -633.26 944.31 52.18 885.80 336.44 -902.61 -220.60 -385.92 944.32 1,139.78 -1,056.55 890.84 -212.24
INT020 986.58 958.18 963.30 899.43 1,103.00 -199.96 279.22 -175.09 866.37 -460.97 899.34 362.45 998.79 1,055.05 -113.93 102.07 876.45 -102.30 -150.01 -1,168.92 902.78 1,149.24 187.88
INT021 989.84 164.73 898.33 3,671.89 280.66 -83.08 289.54 -162.02 1,463.55 -707.01 396.53 188.36 1,336.12 -345.23 -183.60 280.81 258.14 257.60 107.75 850.15 1,442.49 811.65 184.86
INT022 1,154.16 1,026.00 277.14 1,247.80 192.89 -650.60 43.27 899.30 3,799.62 400.00 -255.21 1,009.29 -136.69 77.43 260.00 187.10 898.39 259.36 71.73 828.69 -666.44 897.13 2,183.55 806.39
INT023 368.99 351.24 313.74 1,343.67 207.46 -679.26 -254.86 899.35 898.38 1,074.53 994.55 899.09 -355.53 254.45 1,130.32 -67.02 269.51 122.57 180.72 898.42 365.40 800.00 -947.13 903.10 4,392.71 269.14 -234.70
INT024 800.00 328.32 282.26 1,230.42 291.58 -410.22 195.07 298.35 242.71 1,087.55 366.50 58.88 106.68 1,699.76 -27.78 -118.54 909.18 111.22 883.60 923.73 1,137.78 139.82
INT025 899.43 279.22 315.25 272.99 1,153.95 277.65 -1,413.48 21.05 289.97 259.73 1,163.16 400.00 112.96 -82.80 1,119.97 269.95 -324.12 127.85 131.92 1,032.72 290.46 853.69 -25.78 -927.95 1,163.40 259.10 899.15
INT026 -78.58 47.58 275.13 310.30 1,151.28 339.03 -426.08 9.85 -32.00 169.02 1,187.71 -212.51 362.39 139.95 -242.62 1,005.31 10.14 -613.63 231.00 261.94 925.57 233.00 829.90 -105.63 877.70 1,124.00 300.88 880.93 1,474.06
INT027 46.85 350.43 1,181.01 -239.18 9.07 -70.10 -31.00 1,172.69 -293.73 988.78 260.65 -122.32 1,000.60 -57.17 -471.91 335.86 897.87 924.85 89.72 816.50 -287.99 50.27 935.63 1,970.56 264.24 1,237.90
INT028 -88.96 303.52 1,228.83 -85.93 -48.30 -166.54 253.63 -204.17 1,177.23 -142.75 386.41 113.16 1,000.73 -82.53 -303.06 998.72 925.22 -76.09 -245.12 954.98 1,336.64 265.40 892.54 1,132.54
INT029 927.83 1,969.82 268.96 -117.38 -898.84 -71.41 258.21 -821.90 1,508.11 -1,002.40 990.28 -254.75 188.72 1,145.03 1.42 -748.07 3,992.37 1,079.14 304.80 851.10 78.22 -126.58 899.52 3,643.48 -3.23 286.87 1,069.94
INT030 5.83 903.53 936.38 1,217.64 -36.56 -47.20 5.33 31.74 -1,279.25 1,189.47 996.63 1,399.44 -49.83 2.38 2,502.94 982.17 864.81 279.66 1.55 914.52 2,024.17 355.30 -1,053.24 1,071.96
INT031 902.52 862.26 1,383.99 -437.84 18.52 242.02 17.46 -1,219.21 -77.48 885.51 1,307.43 6.11 0.50 1.10 1,220.67 947.23 1,032.04 1,023.81 -700.18 1.56 899.87 1,238.30 273.60 -382.79 882.30
INT032 800.00 877.58 20.90 1,717.83 -805.06 10.10 334.99 -27.86 19.42 -55.00 1.10 1,107.24 -34.04 0.50 1,028.04 1,137.69 1,859.18 1,109.04 843.26 859.17 278.24 1,235.39 0.41 -7.95 1,197.79
INT033 800.00 806.46 5,150.18 10.04 1,470.30 1,301.98 290.62 6.18 149.26 -66.96 -89.70 1,088.29 2,069.67 178.35 885.08 5,476.52 3,453.37 1,053.15 1,163.46 913.32 896.52 890.46 1,228.24 322.90 899.00 1,311.39
INT034 -1,864.07 801.58 2,703.60 301.42 2,863.15 1.10 273.29 15.47 400.00 -443.16 1.10 1,062.76 9.39 898.87 3,867.79 6,722.08 259.56 1,985.18 3,617.36 1,249.50 1,130.19 897.82 -6,116.78 195.35 795.00
INT035 812.83 771.63 -1,117.42 1,318.01 4.05 1,607.59 -58.39 11.89 808.46 -183.86 1.41 899.32 12.37 1,206.89 3,930.32 899.15 3,149.06 967.46 855.22 0.98 4,741.07 48.73 -1,691.01 70.98 795.00
INT036 -1,412.74 812.81 2,266.85 -1,817.95 2,204.71 -38.95 820.59 23.94 664.40 -6.64 379.22 413.41 -84.68 -235.00 -147.84 24.12 1,109.86 1,065.54 1,183.11 969.74 880.84 -14.48 2,426.00 -14.38 -41.29 -67.20 795.00
INT037 588.95 576.10 799.00 6,912.90 10.93 920.08 2.78 836.01 917.96 346.61 -128.73 411.52 781.34 -338.53 0.40 4,731.12 3,129.51 -14.55 1,099.62 721.00 499.22 -3.39 1,028.59 801.94 -791.84 195.99 7,124.44 2,099.87
INT038 563.73 799.00 6,999.00 483.24 1,209.33 -495.27 917.51 5,093.39 283.26 7.25 852.20 0.58 1,102.64 3,185.07 876.28 1,100.17 720.78 499.22 0.02 1,044.07 869.80 -78.09 -109.17 1,407.09 700.00
INT039 563.73 -183.59 5,228.33 12.29 1,410.98 -364.29 898.76 832.20 4,634.56 25.32 283.60 848.75 700.00 -9.64 893.42 996.75 891.02 1,164.68 720.78 -277.59 4.70 1,043.44 792.39 19.75 -70.24 1,059.55 5,547.56
INT040 -565.66 563.73 -1,243.93 -63.60 3,033.61 -22.69 1,475.66 -490.50 832.51 3,297.33 -142.25 -4.95 847.14 75.38 24.88 -48.34 996.82 888.39 1,084.98 720.77 -406.73 3.75 1,044.07 751.84 0.40 -291.42 3,428.36 841.54
INT041 -173.39 524.23 -23.32 611.53 2,931.29 508.61 2,762.58 -141.79 1,426.43 2,831.18 -92.04 -126.55 898.77 691.46 -108.43 0.51 350.60 847.84 697.08 911.21 542.80 5.20 715.45 797.66 1,036.48 -171.63 642.05 645.93
INT042 -1,296.30 449.00 1,714.12 31.23 1,807.78 -103.66 725.24 713.34 957.45 -51.85 -68.49 865.53 691.46 -185.33 11.69 0.14 731.34 697.08 922.27 2,197.92 -97.46 -2,465.46 712.98 1,016.23 666.02 -1,088.19 663.15 601.21
INT043 -45.97 494.27 848.49 -55.44 1,941.37 -87.71 180.30 782.86 942.62 101.72 -305.52 799.20 691.46 -230.81 37.61 -155.12 653.71 766.26 899.65 806.42 -98.92 -1,278.49 707.92 801.32 449.00 -7.19 625.09 694.31
INT044 -15.35 -673.94 828.99 -179.80 899.00 -1.19 3,008.78 777.74 -40.18 67.72 691.46 -3,962.48 -11.95 -161.71 73.45 765.67 269.27 3.68 708.26 713.44 -1,664.51 7.27 449.00 1,270.65
INT045 -14.31 449.80 -180.39 647.88 -42.99 899.00 0.00 0.00 448.83 1.38 -1,873.47 675.03 699.00 499.00 799.00 -6,483.15 -58.27 -131.54 82.59 554.65 714.58 -1,739.89 -153.59 -0.06 -71.12 1,900.07 -331.65 1,003.01 477.24 476.92
INT046 548.85 496.58 -84.78 647.88 -129.90 261.48 -9.05 1.09 -518.84 696.29 699.00 499.00 -245.66 -109.68 -180.15 46.72 550.75 708.51 33.11 -210.37 -7.55 798.09 449.00 449.00 460.89 468.56
INT047 1,403.77 449.71 -74.09 650.97 -23.12 189.42 17.30 -94.75 700.00 67.02 864.76 -242.91 -33.66 490.51 -157.39 -223.67 -83.41 17.92 550.65 755.43 -664.51 8.86 -410.07 -82.01 479.02 449.00 449.00 602.92 467.32
INT048 449.97 771.69 109.02 -380.76 652.16 17.12 387.25 12.20 -38.23 -49.97 -159.90 792.53 -2,027.88 -1,389.58 -186.57 -825.36 -14.52 -1.76 552.69 1,213.07 -1,083.46 0.00 -574.85 -2,251.18 479.07 11.48 449.00 461.33 899.06
INT049 956.15 577.52 2,702.43 -195.32 583.53 -42.00 899.00 360.65 453.43 712.03 -12.66 -1,680.28 699.29 -15.28 -1,352.81 164.68 -241.24 -13.46 576.14 -6,147.74 614.31 664.91 -99.20 -1,202.30 466.18 -716.32 449.00 446.02 447.01
INT050 684.60 446.86 -40.40 -113.88 583.53 -56.81 300.90 -217.71 578.32 -2.02 699.00 66.84 4.67 499.00 499.00 -416.53 -46.45 598.24 96.73 3.87 787.37 450.00 -108.00 -87.43 466.18 -35.28 449.00 446.00
INT051 1,966.53 494.42 254.63 -58.80 581.53 -37.05 344.62 -110.36 39.79 699.00 699.00 10.74 20.51 657.37 -220.33 -114.83 602.36 48.62 -126.49 19.44 -108.00 -1,693.84 551.69 -92.33 448.55 754.27 30.77
INT052 4,088.58 1,306.89 449.76 -229.13 -2,135.57 -2.87 395.74 307.76 700.00 699.00 -2.31 34.38 135.54 503.71 -437.09 5.19 572.19 16.74 -250.34 -76.67 -57.90 -108.00 -109.12 808.66 -3.56 448.26 157.22
INT053 136.78 -236.69 10.19 382.96 696.18 927.57 771.50 699.00 -257.64 -18.10 -25.55 844.51 -1,180.44 3.57 772.62 -53.40 -189.08 449.76 86.18 5,460.90 -49.51 -121.34 -119.31 448.61 240.38 449.00
INT054 -950.38 -258.54 -31.55 348.61 717.58 570.42 990.64 841.76 -347.76 -184.63 -11.39 126.03 1,012.66 4.41 642.87 51.79 -100.63 672.14 61.87 5,409.97 -161.76 -151.69 -36.82 -95.11 449.00
INT055 268.63 816.21 -631.81 -260.68 -20.98 393.19 277.05 519.35 899.52 700.00 -2,116.13 -3,227.64 -3.71 400.00 878.14 -236.48 8.89 592.53 633.96 -183.24 -4,691.84 -5,041.72 501.54 -52.06 10.51 -84.85 -35.65 449.03
INT056 -2,945.32 830.42 -279.61 -55.12 -5.15 346.43 269.08 325.18 817.45 -288.76 378.17 507.68 -78.13 486.96 317.72 1.34 592.57 786.57 -1,450.45 501.03 -846.58 -74.51 -82.98 -31.60 2,749.01 771.66
INT057 -194.69 -192.44 -1,420.34 14.78 0.18 1,058.80 -21.71 331.33 716.20 120.34 3.17 -52.25 503.71 70.96 0.40 1,571.46 809.06 -963.45 1,274.95 -939.29 555.94 -529.07 441.55 -57.67 -75.83 5,084.22 706.44
INT058 -148.27 -127.87 -1,763.30 459.84 13.07 1,091.62 -387.41 895.74 822.59 816.67 18.52 -487.61 656.32 39.50 673.58 7.76 0.40 772.27 1,231.04 -1,879.35 927.28 -865.47 449.20 -12.66 448.52 -8.69 -19.29 755.62 447.84
INT059 -111.57 -377.68 -322.04 453.54 14.44 899.40 259.85 1,267.34 -89.76 -4,656.30 734.86 -69.72 543.59 3.81 1.09 665.10 1,308.51 -90.92 -403.99 448.86 489.46 473.04 1,692.75 -91.20 454.96 447.17
INT060 -35.58 449.45 -1,309.17 462.78 -164.00 3.23 400.00 -98.97 886.39 268.67 -893.17 -176.52 19.98 -105.07 509.99 5.36 21.60 609.99 698.05 -35.56 -701.12 448.86 -6.56 -49.00 1,604.05 -1,838.60 475.04
INT061 -102.58 449.87 -1,427.25 448.61 -108.00 0.91 427.18 -61.04 524.64 -157.97 -3,442.66 -67.24 -84.92 -240.45 482.03 5.40 6.69 685.12 499.45 630.47 -156.64 474.50 -75.18 621.87 744.75 11.01 -176.90 -659.73
INT062 -328.19 -668.38 34.06 -103.10 3.07 387.97 264.20 420.61 -253.05 -3,219.49 699.00 450.00 8.46 517.11 0.36 789.30 227.53 2,517.70 0.67 -89.59 -1,507.23 -52.91 -15.28 450.80 804.86 1.14 30.48
INT063 -940.67 84.17 -627.82 449.00 1.20 1.50 340.18 0.71 685.14 -102.25 -71.38 699.00 38.10 6.91 1.14 77.66 -2,535.81 -109.56 -52.91 -1,871.19 -25.19 -17.88 715.41 857.66 -80.58 78.31 858.77
INT064 7.25 -421.07 -95.76 449.00 6.89 696.16 419.82 1.76 841.71 -75.23 -1.12 82.96 -99.07 0.89 -812.87 3.40 -536.09 -95.86 -1,486.06 -191.75 479.49 -112.86 662.45 823.56 -339.64 298.85 820.82
INT065 -116.39 -391.70 -657.72 -305.40 0.60 734.33 -3.86 13.25 727.58 26.27 -20.93 0.76 -2,067.10 -197.71 483.68 -186.77 1.66 18.06 -6,862.91 -4,399.19 647.26 -154.63 -66.74 672.71 -2,044.41 -1,317.42 548.47
INT066 8.40 -87.64 -977.46 17.23 980.54 720.17 -77.01 1.26 821.34 -0.76 1.10 -60.40 -25.19 1.18 771.65 0.10 390.13 121.30 -6,552.90 -1,316.48 666.17 818.01 -68.34 782.71 4,205.46 -1,359.37 872.48
INT067 -18.87 201.21 304.19 -146.81 1,007.87 406.67 3.93 0.30 1,147.32 -40.06 698.23 -33.15 356.74 180.85 2,105.60 251.00 922.35 -1,809.98 -2,386.73 529.11 13.80 -78.45 1,140.47 1,119.50 -376.31 1,110.54
INT068 8.99 186.90 -118.40 1,166.85 764.80 1.10 917.46 987.73 -513.05 1,134.90 699.00 138.52 133.01 1,345.56 353.22 962.66 -44.39 -240.07 534.54 790.56 -68.57 887.78 1,159.90 -3,661.91 1,815.71
INT069 -138.88 -32.81 -856.57 -385.82 -103.84 286.29 529.23 0.65 -100.09 -3.51 877.02 894.86 9.11 54.96 780.92 743.33 32.81 2,275.16 -21.54 2.15 -7,354.88 1,427.70 11.48 -1,353.04 814.45 754.66 -3,975.67 861.05
INT070 -135.80 68.41 -139.64 13.61 252.75 3,460.52 0.40 -45.26 1,213.64 896.58 -190.83 -130.12 762.52 19.10 4,183.64 334.45 -4,600.22 450.00 817.72 -92.63 -99.16 6,483.94 778.09 -4,484.41
INT071 2.37 3.57 95.02 1,450.21 0.40 22.87 93.19 912.42 912.10 -391.48 4.67 3,961.97 -49.16 1,004.38 288.02 -766.49 -115.73 832.51 727.35 -81.10 1,667.09 -731.44 -5,743.35 256.63
INT072 4,501.70 1,049.68 -502.03 3.07 899.18 401.00 1,140.96 18.67 881.88 4.04 909.07 859.78 2.15 1,573.91 808.57 -64.38 1,000.60 273.45 833.84 400.00 849.82 670.44 -3,901.66 -2,302.69 -136.80
INT073 -110.58 -213.34 -397.35 286.76 196.05 -81.84 899.53 0.81 1,554.20 1,257.19 802.12 275.63 102.71 -3,116.59 -411.18 -111.87 -52.65 59.19 -3,275.02 0.43 -348.37
INT074 -271.65 -693.33 -72.92 289.10 -30.23 -200.58 1,909.08 327.36 981.79 786.11 275.57 -55.74 268.14 -136.83 297.47 168.98 386.60 1,133.66 401.00 307.40 0.64 8.26
INT075 1,080.01 144.12 260.30 -1,447.44 262.31 1,104.12 401.00 247.22 1.10 2.54 900.46 197.84 25.50 346.06 -143.41 0.50 540.19 400.00 3,073.58 401.00 400.00 -483.81 -257.46
INT076 2,397.50 -229.87 0.50 1,069.76 298.52 152.97 44.56 1,157.28 400.92 401.00 288.68 1,306.36 1,262.11 288.90 258.24 6.35 752.40 7.64 275.33 305.53 6,455.34 401.00 995.64 -1,477.07 -2,855.99
INT077 -30.91 100.17 -27.68 322.97 884.13 -394.02 -440.73 233.87 1,128.50 -104.99 -85.99 1,147.17 33.19 -6,304.35 10.46 1,274.56 -1,192.65 129.27 1,427.53 401.00 1,232.90 -26.50 -1,898.61
INT078 234.05 -155.60 1.18 946.21 1.47 1,038.94 907.88 258.65 1,232.28 282.98 -1,926.92 1,394.94 -8.29 1.10 1,750.42 -59.07 -3,972.08 1,360.69 251.89 1,207.84 19.51 -626.84
INT079 96.01 146.97 1,161.98 400.00 1,125.79 166.37 1,146.03 256.15 927.87 2,373.19 1,457.65 341.21 -1,341.75 1,151.05 2,714.20 2,888.57 1,816.14 -179.63 1,284.86 400.96 1,319.70 -4.69
INT080 7,196.71 924.42 1,101.72 320.24 -84.31 1,118.02 401.00 1,769.91 1,648.55 1,068.93 1,298.37 1,848.46 5,999.00 3,865.79 1,287.30 401.00 2,007.40 -1,641.66
INT081 -128.03 236.49 5,009.39 6,999.00 -882.79 273.39 237.33 -1,214.07 1,399.92 383.88 1,073.73 940.35 -493.82 -852.67 2,589.14 297.11 1,613.85 1,178.77 2.23
INT082 195.08 7,931.63 2,291.25 261.41 255.88 -742.18 917.99 126.22 292.82 1,340.17 1,003.75 1,151.65 -710.63 400.00 -417.72 1,347.14 -54.63 1,636.79 341.04 286.60 4,411.07 -362.77
INT083 4,974.56 1,654.23 193.87 -47.17 1,287.69 308.70 -358.39 1,538.64 929.57 1,090.65 953.25 -318.46 3,107.92 228.85 1,645.63 3,496.59 332.53 -124.99 5,821.38 898.38 -825.64
INT084 275.70 5,681.05 2,749.38 -223.29 401.00 2,512.91 159.78 142.06 -841.76 3,264.77 1,003.50 1,991.80 -1,003.49 288.71 -113.80 3,492.29 1,136.86 1,428.60 400.00 326.43 316.50 4,075.60
INT085 1,611.19 4,527.87 3,130.75 1,069.53 899.96 288.19 3,878.44 306.30 64.04 115.24 3,166.86 947.05 1,153.65 3,307.57 307.41 1,460.64 -112.92 2,238.26 -63.73 1,167.53 1,423.56 326.68 5,427.28 401.00 230.86
INT086 1,590.84 258.60 1,400.95 1,751.01 1,328.31 401.00 182.66 6,981.44 1,063.19 303.24 217.63 92.66 6.48 2,930.91 1,188.18 6,980.27 899.38 1,353.29 -27.66 1,267.57 1,446.44 1,298.67 1,463.91 204.87 1,757.18
INT087 1,810.26 257.45 1,277.05 1,735.60 420.29 898.08 365.23 2,951.36 1,046.42 177.56 303.15 -72.91 -442.73 3,446.73 976.48 6,663.56 891.26 188.18 956.81 1.98 918.13 1,824.53 1,001.38 1,709.77 258.27 302.38 228.23 1,838.40
INT088 1,585.93 1,512.84 1,824.23 389.96 898.12 897.19 4,984.71 266.89 36.11 258.51 -1,124.70 -243.32 6,689.75 1,178.27 1,837.85 84.52 -95.09 924.42 3.80 941.64 6,729.54 1,039.49 1,354.74 898.20 346.88 25.38 253.25 -196.15 1,101.07
INT089 4,745.52 2,903.18 2,073.06 318.01 898.11 1,146.78 2,353.93 208.91 6,892.27 889.76 1,380.63 1,476.76 933.98 1,016.58 1,473.39 6,999.00 1,540.23 5,354.62 2,867.66 891.98 -1,944.10 313.64 1,044.25
INT090 1,928.15 267.70 2,620.80 1,576.83 383.27 401.00 938.75 2,225.08 253.70 255.68 6,999.00 1,233.07 886.82 1,925.02 85.97 1,096.38 2,808.88 1,457.40 2,740.52 5,965.25 942.01 -1,923.50 54.78 -28.57 1,116.73
INT091 2,018.95 1,524.51 1,592.79 -626.46 896.03 4,157.20 95.61 23.02 -121.14 3,633.48 805.70 1,002.82 1,191.95 306.36 892.28 259.55 1,575.92 1,031.14 4,140.38 6,784.29 1,590.03 -304.12 1,106.62 131.54 981.85
INT092 2,428.83 1,699.87 -72.61 5.32 217.64 -90.79 0.60 1,654.17 -15.97 1,095.74 -67.76 -41.50 -129.69 263.69 4,053.34 997.68 1,834.61 2,071.50 396.14 933.04
INT093 4,873.59 1,193.62 1,127.46 1,353.72 365.28 899.76 2,601.77 -99.55 -399.40 -52.91 7,085.42 1,487.67 1,092.13 4,007.42 1,279.05 56.55 -317.05 275.36 3,902.00 930.41 1,342.09 1,619.72 5,651.10 1,393.47
INT094 3,341.32 1,108.39 1,094.87 1,311.85 -10.47 4,628.93 115.02 4.03 983.43 2,037.71 1,042.22 1,161.28 1,107.82 911.93 -91.92 254.20 279.83 1,092.33 3,599.34 937.89 1,225.28 1,403.55 -38.51 2,042.58 106.39 319.74 1,335.72
INT095 5,154.10 1,162.84 937.66 1,396.67 427.22 14.28 5,202.67 111.03 -3.74 964.52 400.00 750.00 1,480.66 1,273.91 110.28 179.48 1,255.15 4,015.55 1,166.10 1,340.07 -212.66 -255.60 288.85 1,900.53
INT096 5,118.05 375.00 1,149.46 1,306.12 893.48 76.25 2,655.90 -54.85 209.73 -35.13 1,183.55 1,160.39 -10.44 1,353.85 -605.49 -57.57 265.95 868.18 4,094.18 1,150.01 55.72 -2,601.10 271.68 1,239.00
Pret Final Unic din luna Mai 2026
1/1