PDF PAGE 1
Data: 11.11.2025
MWh MWh
Interval/Data 01.09.2025 02.09.2025 03.09.2025 04.09.2025 05.09.2025 06.09.2025 07.09.2025 08.09.2025 09.09.2025 10.09.2025 11.09.2025 12.09.2025 13.09.2025 14.09.2025 15.09.2025 16.09.2025 17.09.2025 18.09.2025 19.09.2025 20.09.2025 21.09.2025 22.09.2025 23.09.2025 24.09.2025 25.09.2025 26.09.2025 27.09.2025 28.09.2025 29.09.2025 30.09.2025
INT001 33.904 9.237 -44.217 -92.908 24.327 5.957 0.468 2.646 18.259 -6.808 66.537 -25.932 -58.584 44.274 40.573 1.878 -9.998 -17.097 17.146 -9.843 -5.635 7.516 9.571 -3.008 11.794 5.133 -40.886 20.585 57.948 -16.301
INT002 47.424 39.133 -37.845 -56.659 30.582 6.917 -0.589 1.194 0.322 -13.728 44.440 -31.377 -17.420 28.900 35.634 -21.522 2.344 -10.576 14.140 6.806 12.725 10.036 3.474 -11.398 6.563 19.991 -39.519 8.236 44.957 -6.005
INT003 51.664 37.449 -29.297 -37.615 45.737 0.196 -15.073 5.024 15.467 -35.087 6.901 -45.554 5.970 31.721 30.440 -19.923 11.737 11.808 13.964 0.650 -6.633 9.525 14.403 -4.933 6.649 30.029 -59.555 2.176 30.199 8.956
INT004 66.703 46.356 -20.878 -33.776 32.497 17.872 -24.745 8.070 15.385 -25.076 6.054 -34.550 17.292 35.495 25.159 -27.872 8.711 37.329 15.912 9.906 -6.529 2.831 1.635 -1.393 25.995 20.582 -52.959 4.340 45.458 19.748
INT005 5.667 -13.622 -11.950 -27.122 22.226 -1.490 -7.035 -22.376 -2.589 -35.256 15.443 -41.476 23.377 78.575 25.031 -34.036 1.550 4.002 52.867 23.743 -24.249 33.694 -10.737 4.717 -6.844 -53.977 -54.866 15.645 14.603 23.311
INT006 21.412 -4.045 8.353 -17.852 19.637 -2.021 -0.614 -12.828 5.972 -35.483 9.362 -33.453 25.603 62.674 15.433 -37.059 -14.205 19.792 33.801 36.865 -11.153 14.905 -29.552 -7.699 -3.529 -56.719 -56.639 15.381 12.119 17.050
INT007 17.486 -4.009 12.642 -0.762 27.244 -1.401 -1.612 -13.715 12.839 -24.637 -3.348 -49.338 38.888 57.103 5.166 -38.066 -1.408 26.773 33.123 24.981 -7.974 10.908 -30.318 4.162 -5.462 -41.657 -43.089 4.523 17.190 24.933
INT008 19.142 -14.518 -4.078 19.487 8.768 1.786 -4.763 -3.199 3.901 -46.356 -8.462 -40.779 17.494 47.542 4.634 -22.480 7.375 31.509 46.915 27.000 -19.585 2.459 -24.308 -3.040 -0.687 -39.099 -37.730 10.444 9.160 38.494
INT009 28.471 14.057 -0.393 4.557 3.466 -3.907 -5.487 -21.063 1.114 -10.657 13.365 -27.851 9.753 51.722 2.677 -46.365 16.901 39.600 46.293 5.282 -17.253 21.083 -6.286 -17.099 -5.531 -36.051 -22.301 -2.260 17.050 23.833
INT010 41.772 8.111 0.720 -5.811 0.305 -16.567 5.459 -10.692 -15.468 -3.892 12.462 -13.258 -16.744 30.808 -0.935 -29.194 9.588 21.372 25.196 15.060 -1.207 17.147 -14.746 -35.325 -16.809 -51.596 -17.437 7.568 17.665 15.537
INT011 37.827 12.258 -6.908 -1.889 10.493 -14.449 15.203 -8.382 6.864 -0.049 15.315 0.709 -15.062 4.647 -0.268 -17.306 12.254 33.468 36.821 27.007 -10.252 5.028 -16.365 -23.616 -2.210 -56.252 -10.516 -8.852 10.308 15.473
INT012 28.208 16.995 -13.167 8.965 -7.485 -15.248 16.151 -8.676 15.923 -9.932 16.036 -0.974 -42.099 -11.665 -3.799 -27.922 6.341 33.577 40.734 20.160 -16.026 4.759 -10.568 -32.252 -1.916 -38.530 -6.711 0.834 13.739 24.155
INT013 32.289 30.708 -9.564 40.213 -0.662 -7.067 19.534 -1.355 5.418 7.168 47.075 0.126 -52.248 -12.425 11.725 -49.847 19.447 33.539 38.095 6.479 -18.944 2.526 -3.790 -36.924 9.164 -45.488 1.936 2.294 32.610 4.122
INT014 10.101 24.509 -6.802 47.165 -9.243 -7.236 19.611 -1.141 9.046 5.692 43.512 5.864 -61.024 -7.214 10.163 -56.816 -2.178 9.956 25.190 12.041 -1.278 12.058 7.025 -35.894 3.390 -44.994 15.310 -5.788 26.384 4.724
INT015 20.772 32.565 -18.984 41.288 -5.196 -5.678 27.571 8.949 6.444 3.391 41.859 -4.434 -33.581 -7.038 14.320 -36.669 -13.887 3.084 27.729 15.800 -19.616 5.699 -0.549 -28.511 9.319 -82.439 6.554 4.630 25.676 -4.035
INT016 15.138 21.233 -37.414 54.080 -16.207 14.237 36.688 16.230 22.593 9.832 21.188 -12.416 -36.862 13.778 14.782 -40.569 -8.644 12.389 21.987 21.453 -10.575 4.429 -4.401 -34.437 -1.923 -92.148 -5.709 4.224 14.192 -0.615
INT017 24.835 4.149 -28.979 50.199 -18.261 -5.601 14.636 -9.169 27.240 5.704 16.813 -6.350 -30.328 32.489 13.117 -34.231 -7.007 16.533 32.219 -3.072 -0.700 4.858 -7.812 -33.858 -0.670 -85.925 -15.242 2.965 19.826 2.018
INT018 6.904 6.795 -30.283 55.418 -30.791 -5.380 14.315 5.473 12.393 -2.604 6.137 -4.156 -32.942 55.138 1.279 -27.514 -2.412 21.830 3.203 3.759 11.338 8.250 -17.840 -26.404 7.128 -72.842 -26.307 8.144 11.684 -5.733
INT019 11.748 -0.478 -27.484 50.633 -13.330 -2.226 16.691 3.530 11.890 0.095 -6.431 -3.878 -24.005 48.825 8.601 -27.560 -5.723 -4.852 9.364 9.275 -5.312 -10.437 -38.544 -32.998 -0.165 -65.158 -27.458 8.127 11.335 -11.398
INT020 12.260 1.775 -28.088 47.451 -18.571 6.372 38.440 7.173 -0.418 8.778 22.165 -15.682 -26.867 33.833 3.095 -27.449 -29.058 13.243 8.888 0.955 5.726 -4.608 -13.061 -37.094 6.442 -59.667 -13.567 6.849 12.247 7.886
INT021 17.159 10.087 -20.019 35.106 -31.253 -10.573 26.553 -11.500 5.611 12.212 28.780 -12.041 -16.802 39.655 -2.709 -24.908 -8.851 10.907 21.120 -9.869 -0.296 -1.311 -8.057 -27.432 4.565 -34.958 -17.198 12.622 35.815 10.214
INT022 18.180 2.988 -21.996 33.947 -5.796 3.806 34.133 1.887 -0.843 8.135 31.963 10.588 -6.711 42.934 -8.733 -24.895 -17.930 7.676 13.857 -14.786 5.584 15.724 -6.837 -19.602 9.950 -29.100 -5.454 11.975 48.724 24.238
INT023 4.230 9.028 -26.143 35.753 2.680 -1.824 27.600 -1.612 -0.743 17.844 -0.098 -12.688 1.459 36.111 -11.860 -15.258 -13.357 -0.699 25.486 -15.089 -11.946 -9.920 -20.711 -31.726 -10.500 -28.521 -6.730 6.710 27.886 8.174
INT024 2.958 4.262 -17.564 26.931 3.489 15.078 27.292 11.130 2.130 14.957 2.340 -22.386 -2.529 29.925 -17.017 -29.851 -6.916 1.904 20.506 -38.313 -7.959 -13.560 -13.055 -40.781 -13.703 -43.893 4.995 0.555 20.084 7.407
INT025 22.983 23.666 5.516 -0.454 -24.643 -16.280 44.332 -0.641 23.302 3.059 15.123 -18.839 -10.236 21.521 -2.837 -15.070 -0.384 34.143 36.965 -63.876 -19.891 -9.185 -5.714 -6.265 1.734 -38.344 -11.736 -14.878 40.860 10.385
INT026 -0.024 22.456 -3.704 -23.299 -18.286 -8.459 36.080 -10.885 0.660 24.088 6.406 -15.628 -12.056 21.995 -27.539 -24.841 -13.642 19.629 19.389 -60.982 -23.605 -9.662 -12.759 -29.061 -3.683 -59.724 -11.727 -17.627 39.042 4.623
INT027 -13.664 29.643 -7.808 4.157 -10.596 -3.354 57.353 6.113 -1.750 27.245 3.994 -22.293 7.280 19.975 -33.285 -10.353 -25.459 -1.939 20.336 -41.257 -24.591 -34.448 -18.264 -37.182 -22.570 -58.382 -23.856 -12.405 15.911 -14.934
INT028 -17.622 14.709 -12.939 20.007 -19.595 18.361 70.352 -8.191 -17.431 -8.700 22.756 -37.585 2.763 6.939 -45.120 -6.777 -38.862 2.156 20.771 -30.983 -15.403 -64.724 -21.119 -40.635 -24.442 -60.837 -22.787 -8.859 -7.027 -8.568
INT029 5.473 52.893 5.043 29.025 -27.738 -6.042 79.029 18.568 -38.847 10.313 42.367 -23.313 -2.469 -0.555 -14.648 2.906 -25.417 19.189 16.797 -18.980 -36.502 -43.793 -2.082 -11.981 -3.427 -11.889 -14.879 -15.065 30.546 17.258
INT030 -9.299 44.738 -23.722 19.676 -28.528 -3.900 81.009 3.329 -54.413 7.345 19.364 -23.637 -22.561 1.789 -33.503 -13.269 -57.915 -7.794 7.320 -16.096 -19.724 -39.724 -27.988 -28.090 -20.454 -38.807 -26.627 -18.365 7.284 -5.400
INT031 -46.991 18.990 -25.854 27.058 -39.778 10.055 75.110 -10.074 -51.146 26.852 32.512 -31.619 -6.524 5.070 -17.981 5.156 -84.632 -2.929 13.417 -3.145 -22.168 -45.570 -20.511 -25.186 -30.842 -62.331 -32.080 3.140 -3.458 -18.584
INT032 -54.295 -12.604 -27.529 19.630 -30.224 28.401 68.523 22.805 -77.045 29.277 39.155 -35.352 -5.462 8.149 -9.394 -0.674 -100.303 -5.481 5.106 5.596 -36.765 -42.046 2.152 -17.022 -17.589 -79.283 -22.223 8.493 -15.324 -20.144
INT033 -52.238 -41.905 -39.376 15.989 -21.518 15.065 45.565 18.757 -79.146 13.825 53.128 -28.848 -14.995 -7.210 42.268 1.154 -111.225 -15.861 -25.396 -30.169 -55.857 -34.678 -29.845 -22.303 -18.266 -69.835 -2.653 -0.933 -10.058 -15.574
INT034 -29.571 -46.069 -15.617 23.322 -7.702 19.970 49.324 24.395 -88.659 10.059 26.599 -33.629 -24.074 -24.111 40.899 15.233 -143.719 22.717 -38.029 -46.529 -12.745 -23.698 -28.082 -14.725 -47.073 -78.052 17.742 6.141 -38.305 -29.308
INT035 -30.337 -25.565 25.711 16.136 -15.699 22.086 29.710 44.071 -72.439 4.344 31.626 -20.657 -28.229 -48.527 44.881 34.247 -162.247 49.913 -39.127 -58.860 2.503 2.239 -0.004 11.458 -43.064 -120.918 4.963 19.182 -48.591 -18.038
INT036 0.549 -1.529 27.322 21.987 6.721 31.642 30.593 91.088 -53.691 1.758 38.173 -34.516 -22.870 -48.600 76.314 62.276 -112.383 55.218 -26.701 -41.727 10.337 16.744 25.206 27.902 -40.242 -112.666 4.732 -5.271 -31.801 -5.602
INT037 -20.766 -32.709 2.415 -17.051 11.782 1.507 -35.024 92.379 -91.508 -61.022 2.889 -12.030 -27.353 -98.434 61.739 22.498 -66.052 0.034 -81.615 9.420 -23.300 -41.616 -67.524 4.946 -66.419 -100.681 -15.608 -16.842 -47.520 -69.637
INT038 -45.606 -5.234 25.876 -26.977 29.029 18.692 -4.004 105.918 -59.669 -77.209 -20.644 -31.463 -36.307 -54.428 55.370 25.874 -88.292 37.845 -80.611 -2.890 8.559 -9.375 -46.297 -11.184 -97.895 -92.292 -12.753 5.548 -98.260 -63.738
INT039 -27.891 32.087 26.898 -10.922 7.167 20.889 -5.633 112.321 -42.130 -41.856 -24.737 -35.288 -34.205 -14.925 50.567 35.998 -75.130 57.080 -83.238 5.733 25.040 24.984 -21.979 1.192 -69.361 -56.114 19.676 2.224 -100.202 -32.668
INT040 -10.919 53.472 25.822 1.024 33.444 35.003 48.859 115.907 -24.656 -51.714 -25.918 -17.030 -23.479 13.412 71.044 41.431 -56.207 83.913 -35.293 7.463 26.931 48.052 23.812 26.899 -78.556 -36.910 33.771 13.263 -106.460 -18.428
INT041 1.931 6.905 2.499 -3.708 11.892 18.646 32.454 118.953 -18.462 -62.811 -42.177 -12.125 -19.715 -17.255 23.945 13.337 -23.301 40.594 -68.758 -15.068 -3.184 0.147 -38.227 -22.720 -101.866 -9.099 38.118 -2.052 -65.018 -24.958
INT042 4.990 4.491 -4.194 23.842 23.583 21.837 53.254 119.242 22.563 -38.376 -48.188 -3.938 1.746 0.963 27.220 11.958 -27.799 50.619 -33.414 0.957 8.218 11.366 -29.794 -35.987 -121.874 21.710 23.270 -13.386 -73.366 -13.879
INT043 -11.261 8.752 3.511 41.372 46.463 28.572 62.125 114.262 -5.826 -3.898 -26.986 11.160 38.426 2.475 47.070 24.460 0.816 35.749 -11.808 6.204 14.195 7.673 -19.045 -2.183 -126.792 30.536 6.213 4.928 -66.868 -1.322
INT044 -16.599 14.022 4.224 53.561 58.661 36.887 74.910 113.066 10.553 29.029 -35.465 12.197 41.502 15.811 45.013 25.208 29.181 48.090 32.302 18.227 10.873 -4.052 -12.011 18.209 -89.647 33.968 4.720 13.329 -37.888 19.499
INT045 -19.655 -9.448 -26.541 15.810 55.363 19.120 16.749 50.328 -32.294 10.050 1.610 20.979 74.163 -23.371 15.632 -18.524 14.295 15.624 3.058 -7.586 5.003 3.344 -24.067 -26.907 -51.636 10.123 -0.980 7.256 -13.867 9.281
INT046 -43.644 -22.355 -32.787 18.079 67.563 22.025 0.159 72.162 -5.839 15.810 -11.285 15.549 49.040 -23.720 20.640 6.837 30.029 28.526 1.922 12.110 -7.803 -2.144 -27.304 -21.626 -40.988 12.294 14.522 25.453 -4.899 29.075
INT047 -46.638 -12.828 -14.966 30.645 58.998 38.958 24.765 61.330 -17.556 21.713 -0.990 32.142 62.177 -31.374 39.207 2.270 29.895 31.511 43.910 18.671 7.130 8.622 -10.989 -21.737 -47.144 26.024 19.296 20.872 3.694 30.430
INT048 -33.328 -20.143 -2.910 4.683 57.140 37.020 25.219 15.997 -28.405 9.487 0.542 56.189 66.159 -28.178 57.092 2.020 36.516 54.037 37.270 24.264 1.082 23.211 14.262 -6.654 -20.065 23.575 20.039 39.570 -11.221 41.796
INT049 -5.890 -14.609 -18.097 6.507 57.706 48.857 34.827 23.753 -37.362 -33.228 14.231 24.562 3.512 -27.019 39.435 -5.356 -19.885 39.249 7.588 9.847 -4.715 13.178 -1.562 -10.483 -28.914 -14.981 16.406 43.399 9.875 22.287
INT050 -36.077 -14.746 -17.910 7.181 48.398 43.497 35.055 25.030 -18.118 -41.118 20.105 17.416 -12.063 -25.956 43.688 -5.643 -0.940 8.947 -9.165 11.213 -14.263 8.013 8.792 6.417 -26.884 -3.441 22.734 42.205 -32.750 17.263
INT051 -29.208 -9.626 8.090 10.649 34.713 42.193 51.813 10.093 -16.555 -7.911 6.945 5.137 -23.538 -25.416 47.395 1.397 10.584 -1.998 -2.257 -2.839 10.652 19.232 17.193 14.363 -25.743 -3.220 29.887 24.502 -33.304 -25.348
INT052 -40.741 10.803 13.000 6.045 20.008 51.479 32.017 4.927 -43.684 -38.763 -6.571 21.956 -6.688 -15.275 68.560 -3.567 33.287 -9.512 -7.463 7.401 13.148 4.838 8.413 0.470 -40.078 2.350 32.892 23.481 -19.533 -25.638
INT053 -51.346 26.484 -0.307 43.950 34.656 39.666 58.560 7.211 -32.985 -53.236 8.836 6.729 -14.964 43.710 99.554 17.900 7.309 13.926 -8.583 -7.039 14.223 23.168 -3.541 18.707 -50.377 3.982 44.701 42.062 -38.074 -17.835
INT054 -55.918 -1.740 -16.935 29.902 26.336 33.781 49.133 -8.646 -47.258 -72.879 30.548 -2.953 12.236 37.364 105.216 -9.512 80.520 11.156 -30.184 -28.730 18.475 0.200 -15.058 11.346 -80.180 2.158 41.538 36.882 -68.409 -24.154
INT055 -54.397 -24.486 8.728 41.406 17.263 13.118 61.120 -6.534 -24.736 -65.510 10.162 17.828 27.936 -3.238 99.018 -8.804 58.147 5.063 0.933 -6.675 17.169 4.949 -10.867 7.850 -86.631 3.533 62.906 30.601 -45.089 -56.899
INT056 -59.384 -7.285 1.685 40.763 3.638 12.639 61.852 -1.734 -8.109 -72.530 6.812 19.364 35.531 -3.578 108.576 6.183 69.932 -11.020 -7.209 -8.965 14.261 18.153 -20.089 5.277 -100.169 -3.296 68.246 34.551 -22.777 -43.380
INT057 -28.555 -4.616 13.901 40.335 21.535 20.116 63.132 38.059 -12.566 -62.234 -19.941 14.677 53.884 26.924 119.879 -7.358 42.922 16.888 12.116 -12.918 19.834 21.036 5.150 9.124 -96.379 13.790 52.560 37.127 10.016 -5.140
INT058 -5.549 -3.010 33.502 31.327 2.929 9.521 66.898 7.625 -29.245 -62.082 -13.113 23.048 36.462 5.741 95.009 -26.688 43.021 25.297 -4.339 -21.198 17.744 13.210 18.325 -12.203 -131.336 18.873 27.354 36.514 -7.306 -18.519
INT059 11.603 -15.726 52.040 32.990 -8.335 3.649 53.456 -15.782 -45.289 -23.055 -20.979 31.032 28.458 -25.990 92.675 -20.934 72.233 14.393 2.175 -18.490 22.735 17.146 24.861 -33.806 -119.740 12.389 21.270 33.270 -23.531 -34.321
INT060 8.696 -13.568 55.364 42.306 -11.972 7.324 21.727 12.308 -51.564 -10.404 -21.702 17.302 27.451 -28.801 72.596 -22.058 78.933 26.379 -7.321 -23.761 17.886 8.264 15.660 -49.049 -114.425 5.443 21.589 34.174 -15.232 -42.011
INT061 16.538 2.771 67.851 55.290 23.691 38.561 27.331 30.901 -25.101 14.990 -38.238 20.084 53.090 2.567 91.998 22.549 33.167 50.481 -24.961 -5.721 28.114 -8.037 13.618 -34.344 -92.162 15.161 21.532 33.960 24.503 -13.046
INT062 27.861 -9.343 16.936 43.427 6.967 13.641 19.186 19.421 -6.098 -3.181 -30.206 36.790 33.801 -25.452 59.110 20.764 23.876 32.031 -16.053 -13.521 28.276 4.055 -1.552 -50.377 -106.207 14.629 13.766 1.875 18.705 -3.222
INT063 18.790 -4.543 38.006 56.358 -4.206 -1.282 3.305 9.404 25.641 13.927 -47.508 46.255 20.862 -21.532 44.738 10.681 5.173 34.280 -32.148 -8.201 17.311 14.575 11.069 -62.272 -115.695 -2.429 -4.888 -8.017 29.729 -13.577
INT064 23.759 1.939 19.813 46.321 2.312 -10.248 -4.499 17.861 11.778 -9.953 -53.501 47.355 31.182 -24.457 23.006 4.228 15.639 55.890 -26.186 -26.404 -4.714 -3.077 -8.037 -79.218 -122.604 -18.554 -17.395 -24.829 26.136 -12.345
INT065 21.643 28.112 40.498 70.142 35.237 10.404 41.389 42.315 25.067 -31.336 -72.609 19.040 50.043 10.308 16.855 16.502 60.078 57.514 0.474 25.225 21.610 35.609 21.647 -6.042 -61.864 6.634 6.218 5.239 28.987 12.705
INT066 -6.336 4.807 16.916 57.324 29.466 -11.984 8.992 49.728 5.358 -6.203 -73.907 19.896 40.166 6.621 -1.139 -9.233 56.332 43.700 -8.752 13.467 -10.821 8.930 22.940 -18.783 -68.635 -16.972 12.746 -30.003 -5.073 13.290
INT067 -3.881 -9.067 -8.412 34.217 40.229 -27.324 -7.327 49.088 29.942 0.824 -79.630 3.309 31.113 1.040 14.025 -19.709 22.478 54.448 -20.246 -22.477 -27.010 -5.213 16.284 -40.357 -72.528 -12.566 25.139 -48.653 -10.055 -4.463
INT068 -0.095 12.565 -18.496 11.219 41.272 -65.698 -4.783 21.308 18.297 3.012 -62.097 8.891 29.032 -24.788 -18.957 -29.366 15.777 9.534 -43.773 -39.357 -39.888 -16.177 -8.812 -58.308 -62.818 -19.018 1.827 -55.014 -6.947 5.820
INT069 11.148 21.006 15.820 44.263 81.736 20.635 21.129 25.170 29.208 15.277 -42.553 21.315 40.175 -15.015 11.620 -13.388 19.796 73.150 -8.626 -1.525 31.966 30.447 58.386 31.814 -0.684 15.354 50.520 -8.304 9.103 56.791
INT070 38.340 -24.764 20.932 2.662 64.848 -6.832 7.843 9.714 21.835 30.077 -31.324 1.432 26.999 -13.383 -1.339 -34.416 11.361 55.998 -39.169 -19.391 5.763 0.743 22.831 34.197 7.713 19.057 55.110 -22.784 -6.298 54.995
INT071 7.035 -18.360 -14.287 10.247 70.631 -27.084 -9.752 17.548 27.394 33.016 -10.540 25.174 17.550 -8.757 3.943 -28.160 17.417 22.385 -12.610 -32.852 -31.206 -17.641 -2.666 7.685 -2.115 19.209 39.537 -20.724 -19.478 30.543
INT072 0.634 -32.624 -24.844 -11.018 33.801 -56.352 -30.437 2.909 29.599 27.136 1.285 23.548 14.586 -23.319 -24.927 -59.629 19.216 -3.098 -43.383 -59.882 -17.320 -37.124 -41.899 -24.243 -11.152 -0.166 27.863 -22.724 -14.252 0.459
INT073 27.648 -12.372 -0.229 6.053 97.407 51.141 53.259 38.573 4.163 32.451 -12.124 22.239 32.463 18.410 18.639 -9.373 26.259 23.545 18.448 -20.407 -9.377 18.866 -19.150 0.172 22.571 47.145 26.561 31.585 -2.157 12.781
INT074 13.983 -31.040 -5.232 -23.692 81.735 38.393 54.919 49.405 15.888 25.282 30.079 18.667 5.158 45.659 -31.358 -20.405 -7.018 13.937 7.679 -52.066 -5.584 3.879 -23.539 -18.506 16.628 33.702 29.305 29.487 -31.763 1.029
INT075 7.868 -62.342 -13.298 -25.987 45.258 15.409 47.487 40.153 20.440 33.392 26.951 4.485 30.173 26.320 -55.689 -33.510 13.529 8.488 2.448 -58.986 -5.664 -12.481 -15.641 -42.504 -10.278 18.152 20.466 37.354 -32.841 -19.018
INT076 -32.855 -71.181 -56.423 -39.035 5.589 -8.044 17.400 19.023 -7.312 23.421 23.975 -17.941 50.777 -13.681 -67.041 -55.593 29.817 5.641 -7.430 -80.559 6.618 -42.250 -36.249 -59.398 -41.366 8.322 14.650 26.334 -42.729 -16.507
INT077 -18.601 -0.325 8.908 -20.573 32.660 19.408 10.475 36.453 -12.550 -15.424 51.096 1.058 55.982 32.923 -53.784 -13.042 49.950 58.580 39.363 -31.634 15.732 -7.061 1.902 -19.445 -38.235 16.672 15.575 24.830 2.951 -15.470
INT078 1.397 -29.969 -3.694 -13.674 28.202 21.291 14.374 50.989 29.681 -41.411 44.575 -4.982 48.979 5.957 -41.303 -2.250 29.290 34.038 33.449 -28.041 17.157 -28.637 -16.529 -29.302 -45.159 -5.051 10.169 9.242 -38.002 -33.938
INT079 8.296 -37.150 -31.539 -0.929 5.232 9.167 -6.418 40.698 19.577 -53.572 19.250 -20.526 41.766 5.119 -50.399 -38.886 28.753 8.739 -2.959 -46.345 31.152 -35.553 -29.907 -30.546 -55.088 -11.394 -10.547 -3.553 -53.934 -33.893
INT080 -3.281 -58.627 -18.262 -19.834 1.782 -6.750 -27.773 -13.411 -13.921 -62.199 -13.167 -38.576 42.762 -17.469 -89.770 -58.098 2.245 9.209 -29.404 -60.433 35.738 -61.561 -44.532 -52.656 -61.212 -16.209 -29.273 -16.285 -52.700 -35.249
INT081 28.922 -23.315 -15.249 21.168 28.875 24.564 -21.798 10.408 8.101 -100.315 -12.725 -0.900 37.533 -29.240 -37.436 -39.882 -26.237 30.856 -34.061 -48.235 1.101 -16.706 -44.756 -25.797 -31.108 23.967 -13.646 7.179 -36.213 -43.631
INT082 27.646 -29.147 -26.721 3.103 35.470 5.178 -21.198 -7.223 16.224 -110.008 5.042 6.826 11.164 -6.422 -45.871 -28.912 -52.407 37.279 -48.352 -43.282 20.648 -4.314 -29.848 -17.591 -13.920 27.651 -14.992 14.448 -35.036 -39.841
INT083 14.820 -23.533 -44.938 27.732 38.669 1.793 -37.274 -2.564 -10.313 -105.069 19.205 1.589 17.230 22.821 -13.534 -5.053 -51.674 38.280 -28.625 -26.007 37.611 1.641 -25.898 8.717 14.673 48.105 -12.239 15.832 -36.439 -21.904
INT084 25.087 -25.953 -18.446 27.362 42.461 13.183 -23.173 -13.847 -12.725 -86.993 22.197 8.792 23.672 14.482 -7.278 -8.484 -63.496 57.349 -16.334 -9.962 45.156 -1.711 -13.899 26.479 17.461 52.764 -0.767 30.610 -31.597 -27.130
INT085 -25.891 -28.170 -47.352 29.821 5.723 -2.299 -18.248 -31.983 -35.156 -75.813 -15.153 -1.922 -16.802 22.364 -31.758 -16.408 -92.499 47.382 -10.348 -7.820 31.875 -4.982 -9.911 -4.146 -9.083 28.607 -13.088 7.313 -23.890 -53.567
INT086 -7.066 -23.824 -32.738 39.954 5.407 5.586 -9.700 -13.892 -38.742 -66.264 -8.856 0.059 -7.702 20.797 -15.557 -21.289 -74.686 51.298 -9.474 -5.137 30.578 0.181 7.662 6.256 2.575 26.726 -1.761 16.609 -20.098 -53.244
INT087 26.847 -19.019 -13.110 51.049 18.716 -2.281 1.436 -4.720 -31.805 -54.607 -20.307 19.153 2.359 28.006 2.307 -3.628 -23.090 41.451 -15.425 -3.051 27.757 13.040 23.928 9.972 -22.732 18.707 -7.507 29.954 -5.146 -26.605
INT088 62.558 -7.710 -11.955 54.505 19.741 4.470 -9.370 18.711 -15.947 -52.997 -8.518 8.482 24.538 29.909 3.566 -0.461 34.754 34.533 -5.041 0.447 50.188 9.169 47.832 11.068 -29.244 14.911 -13.609 39.103 13.158 -14.931
INT089 -5.267 -49.435 -26.490 24.448 -6.682 -32.132 2.324 -11.141 13.168 -25.357 -23.454 -11.822 18.467 44.189 -20.875 -32.926 13.282 8.374 -26.868 4.306 34.034 -0.286 -16.571 -1.371 -42.934 -33.085 -2.921 24.933 -7.814 -41.168
INT090 38.222 -24.699 -17.008 12.863 1.198 -19.808 15.063 17.493 -1.631 -20.467 -10.692 -22.755 22.720 60.883 5.174 -14.027 26.640 15.676 -25.506 11.938 27.488 3.179 18.994 8.091 -39.084 -26.461 -2.142 33.482 -0.266 -31.148
INT091 56.800 -28.422 -4.578 22.571 2.024 -23.894 2.473 20.008 3.175 -3.006 -7.568 -29.154 32.318 43.885 5.488 6.573 33.613 29.155 -10.769 3.644 22.959 31.251 37.169 26.386 -46.039 1.412 8.555 37.784 -0.046 -2.265
INT092 69.715 -22.068 -8.288 21.081 29.911 -19.502 9.652 32.621 18.902 -0.137 -2.572 -16.778 49.262 41.387 10.480 15.180 56.338 39.131 4.338 9.710 11.163 18.701 32.162 39.265 -48.935 0.730 3.137 35.547 11.987 1.367
INT093 26.978 -45.018 -22.946 0.683 8.422 -38.431 2.223 14.064 26.907 14.004 -17.181 -53.493 35.914 49.573 0.556 12.452 14.463 17.633 6.143 -13.624 13.847 5.826 -1.152 -2.191 -32.542 -11.036 -3.484 36.637 -19.491 -10.623
INT094 13.249 -29.574 -47.501 -12.130 21.186 -26.436 11.307 11.692 25.585 26.228 -21.279 -44.383 45.733 43.269 5.535 22.883 14.717 42.547 8.123 12.840 18.944 27.277 -5.606 -3.373 -35.442 -23.001 1.218 24.075 -20.841 -14.426
INT095 36.291 -30.002 -57.741 -3.234 20.602 -29.604 21.849 31.132 18.919 39.041 -26.723 -37.185 28.627 32.442 12.548 15.317 17.281 39.282 20.144 -5.938 -5.670 37.593 -7.408 6.560 -2.565 -24.708 4.847 42.602 -20.769 -13.638
INT096 24.515 -22.949 -46.525 18.113 24.469 -19.037 12.246 26.915 -7.142 50.481 -12.500 -17.079 39.954 33.994 2.635 18.701 21.798 44.105 8.919 2.503 2.466 29.844 7.175 25.075 17.210 -25.185 8.343 43.009 4.768 -7.382
Situatie privind dezechilibrul SEN pentru fiecare interval de decontare din luna Septembrie 2025