PDF PAGE 1
Data: 12.08.2025
MWh MWh
Interval/Data 01.06.2025 02.06.2025 03.06.2025 04.06.2025 05.06.2025 06.06.2025 07.06.2025 08.06.2025 09.06.2025 10.06.2025 11.06.2025 12.06.2025 13.06.2025 14.06.2025 15.06.2025 16.06.2025 17.06.2025 18.06.2025 19.06.2025 20.06.2025 21.06.2025 22.06.2025 23.06.2025 24.06.2025 25.06.2025 26.06.2025 27.06.2025 28.06.2025 29.06.2025 30.06.2025
INT001 -17.441 41.484 11.523 -13.432 -5.771 27.369 22.999 26.712 -9.789 38.137 -16.874 -20.404 -14.692 31.801 37.541 10.142 -3.800 -9.635 -23.974 -41.554 25.285 -14.358 -53.280 -17.959 -1.087 -69.534 -31.707 -28.331 -69.220 -14.011
INT002 -8.029 25.206 -10.404 -39.028 0.130 35.459 20.308 31.989 -9.979 47.641 -2.980 -18.010 5.225 56.662 28.993 3.855 -9.027 -26.805 1.908 -37.256 26.231 -15.364 -33.552 -15.871 -3.288 -63.324 -22.743 -45.071 -67.768 -41.091
INT003 1.880 39.432 -10.976 -16.736 -7.671 44.000 14.649 33.766 -1.963 38.490 -4.307 -41.016 10.377 51.056 52.499 13.710 6.499 -26.951 4.379 -24.130 31.962 8.227 -26.547 -12.148 14.218 -49.642 6.317 -32.263 -39.977 -60.144
INT004 4.046 49.376 6.632 -9.891 10.191 70.142 32.709 60.937 19.615 47.639 1.081 -55.113 25.959 44.282 50.677 12.484 17.931 -10.123 -13.163 3.838 22.670 12.017 -18.774 11.333 13.646 -42.431 -7.295 -23.958 -7.157 -66.333
INT005 -23.830 37.298 19.117 -26.376 3.594 21.830 14.713 31.687 -11.226 31.801 -9.279 -57.055 21.043 4.687 38.395 -14.408 3.942 -66.671 -0.754 -17.194 22.863 -2.126 -18.609 10.144 34.842 -63.932 -36.902 -55.320 8.162 -67.345
INT006 -0.459 50.825 10.607 -4.696 -10.643 28.420 23.931 28.263 -0.344 16.820 -13.687 -60.688 -0.870 40.672 35.018 0.157 -8.757 -38.673 -5.749 -26.230 6.578 -14.408 -11.221 26.647 17.035 -63.442 -35.278 -59.875 23.731 -40.827
INT007 3.073 56.887 15.594 -12.816 2.042 16.012 31.061 14.372 1.607 11.568 -8.243 -53.549 -0.250 29.424 20.576 13.789 8.103 -0.561 4.636 -20.146 12.977 8.413 6.612 21.036 29.247 -61.253 -22.420 -46.089 21.738 -2.806
INT008 -2.367 42.696 9.530 25.908 -9.489 24.960 23.792 23.189 13.088 14.014 -7.018 -18.328 -1.422 41.487 34.205 29.699 2.476 3.020 15.477 -13.459 13.070 7.820 18.580 36.410 24.045 -34.240 -26.216 -34.555 20.833 -5.316
INT009 -8.731 32.360 8.072 19.414 -3.313 10.578 31.828 1.693 25.325 -13.361 -9.903 -46.609 -8.290 40.946 3.655 12.973 -15.106 -25.835 -5.711 -45.387 -4.224 -22.175 -4.844 33.048 20.809 9.997 -16.058 -13.150 35.091 -6.182
INT010 -0.263 27.212 20.483 19.888 -1.696 18.462 24.457 -1.776 21.132 -33.921 5.882 -43.814 -12.132 49.452 1.535 17.902 -18.570 -3.671 21.509 -15.325 -11.117 -27.383 -7.012 43.948 15.306 2.822 -24.195 -28.631 66.284 -2.154
INT011 16.875 32.784 17.818 29.584 -1.861 33.112 28.519 15.941 20.940 -2.193 9.027 -21.854 -32.371 39.591 8.845 31.225 -16.843 -24.783 -5.307 -3.176 -31.139 -29.043 -7.619 37.432 25.299 21.503 -5.701 -17.082 53.493 -6.776
INT012 8.297 40.150 6.580 24.762 16.136 21.797 25.601 8.663 29.541 -13.167 8.632 -13.462 -14.324 31.416 6.975 22.569 -22.667 6.251 -1.798 4.812 -31.325 -29.275 -7.920 32.142 34.425 37.131 -12.393 -10.092 55.560 -25.009
INT013 19.526 38.311 2.049 43.143 20.337 44.078 29.501 17.657 47.310 -7.803 10.863 -29.848 -11.706 36.055 43.989 27.716 -37.201 20.246 6.091 21.131 -48.818 -24.934 1.794 34.895 42.552 3.507 -16.630 -21.344 62.001 -12.312
INT014 18.338 37.601 13.973 29.823 11.117 38.108 24.449 12.460 50.229 28.519 -6.529 4.360 -33.481 31.511 43.251 36.214 -42.534 -7.493 -14.626 68.208 -45.626 -33.449 3.372 41.315 24.009 2.611 -28.293 -25.285 51.650 -29.273
INT015 17.793 34.225 4.301 37.308 14.578 36.730 12.686 17.466 59.937 36.475 -2.686 35.682 -15.183 27.822 39.061 47.239 -41.195 -16.666 3.832 107.011 -51.428 -45.377 7.420 41.024 8.783 11.847 -15.177 -24.185 61.979 -28.150
INT016 15.799 31.580 -2.212 51.313 8.670 21.548 5.234 23.033 36.115 35.823 -12.925 41.329 -13.124 6.981 42.740 50.113 -37.030 -17.325 -15.946 89.132 -39.504 -41.830 6.742 43.450 18.518 -1.590 -30.483 -13.451 60.274 -9.327
INT017 21.752 46.354 13.058 50.782 12.165 48.078 20.257 31.011 35.422 32.937 15.495 46.520 -4.356 40.295 42.430 59.059 -38.592 14.826 -1.824 81.547 -43.462 -35.161 18.127 58.446 21.073 -0.209 -22.209 17.204 45.896 -0.599
INT018 25.133 25.128 0.762 19.908 11.204 40.789 22.020 32.060 43.131 14.953 11.567 51.232 -38.982 23.005 36.607 50.272 -20.651 11.044 -1.482 90.071 -19.362 -42.890 27.175 66.539 20.161 1.043 -25.931 11.043 62.865 5.552
INT019 30.953 28.105 -5.317 34.109 5.760 22.490 17.551 24.662 25.025 29.464 1.239 86.462 -31.504 18.222 11.043 26.444 -36.857 -13.380 -9.627 95.925 -27.078 -25.362 20.036 62.001 11.770 10.902 -14.560 21.590 63.927 20.880
INT020 29.346 26.558 -18.521 26.681 0.518 33.452 27.045 10.941 11.845 30.948 -12.234 50.127 -22.924 25.550 0.401 13.719 -14.656 -0.868 -0.945 81.002 -24.340 -24.850 13.023 53.122 6.578 -1.971 -19.938 27.673 89.994 40.055
INT021 30.135 29.521 3.122 22.134 0.880 46.719 9.852 9.973 23.093 31.047 5.554 47.492 -15.669 33.103 18.669 28.428 -1.126 16.624 11.121 39.262 -42.404 -48.573 35.524 63.504 14.668 6.080 -18.619 34.613 78.878 41.234
INT022 46.239 37.221 -9.607 47.046 -2.627 42.309 24.968 21.341 20.127 41.760 11.792 50.498 -25.592 25.485 11.249 27.438 2.747 13.496 7.790 42.800 -29.916 -19.572 19.342 63.602 15.390 12.814 -4.838 29.729 75.148 32.261
INT023 41.376 32.287 5.598 51.061 7.003 40.209 32.552 25.537 9.412 30.452 15.137 69.532 -36.075 3.551 12.265 27.082 5.372 2.282 24.272 67.689 -8.576 -17.312 16.450 67.768 6.624 38.648 -4.391 36.615 94.090 28.619
INT024 45.236 2.897 4.765 48.334 25.495 39.437 45.109 38.801 19.536 44.603 -1.782 51.812 -23.625 18.180 43.399 16.223 -14.837 -15.185 32.296 34.783 11.600 -28.466 26.700 63.299 9.110 28.048 4.442 30.344 90.439 20.477
INT025 39.392 25.440 -2.498 55.811 23.803 41.466 35.329 20.917 18.567 32.639 16.355 53.893 -31.463 9.195 53.373 32.206 -26.092 -13.318 26.490 3.533 24.420 -20.947 27.623 61.977 7.557 43.200 -1.181 16.838 91.824 21.117
INT026 44.498 19.721 4.380 22.649 24.665 37.139 40.402 38.708 15.043 11.037 21.536 35.647 4.031 -1.098 55.297 14.338 -21.326 -10.203 33.400 -8.562 38.717 -24.954 8.948 69.005 -3.147 37.646 0.742 37.246 103.088 -0.842
INT027 51.502 21.926 15.009 40.551 27.843 44.129 53.216 45.197 22.570 -14.085 7.442 49.710 -5.172 13.859 67.262 3.212 -13.328 -17.003 47.096 -1.026 22.389 -9.978 -11.128 63.014 -19.157 44.979 -6.982 65.976 93.901 -15.739
INT028 57.024 18.226 15.453 28.252 51.074 48.158 46.910 48.526 16.081 -41.707 3.543 18.750 -8.016 8.324 81.656 -8.890 -6.770 -54.749 42.796 -11.219 40.630 0.257 -46.091 54.735 -5.234 40.341 -3.314 79.321 80.388 -13.689
INT029 77.866 18.338 -16.274 36.027 49.666 60.662 3.565 31.097 21.172 -59.527 20.051 26.459 16.667 -4.664 61.090 12.380 -21.008 -37.608 21.890 -31.172 7.623 -36.119 -4.199 66.185 -24.483 34.981 -11.869 141.006 6.451 -2.750
INT030 84.100 14.384 -14.847 40.451 50.525 36.015 -17.438 21.587 25.363 -107.381 15.764 28.680 1.010 -20.472 54.161 31.420 3.682 -67.114 6.122 -34.297 -2.823 -29.752 -24.524 75.103 -31.815 13.289 -4.048 135.717 -34.204 -14.504
INT031 81.154 7.774 -9.648 40.347 48.634 30.080 -12.759 25.194 28.863 -115.182 30.037 28.801 1.117 -26.876 25.463 14.455 12.788 -61.809 11.742 -15.906 -34.349 -10.978 -33.766 75.214 -28.440 12.123 -1.831 132.580 -15.324 -20.585
INT032 82.556 10.477 16.261 58.628 46.506 19.436 -9.260 11.080 27.232 -110.297 22.327 47.802 32.768 -5.596 26.245 18.284 23.155 -45.276 28.181 5.599 -16.409 -0.787 -11.753 78.187 -30.962 0.245 -7.302 56.005 -19.160 -23.675
INT033 33.798 8.682 -43.444 37.388 35.182 9.003 72.462 -45.638 8.326 -76.995 33.477 61.051 -8.292 -3.553 -27.146 -0.424 -12.032 -50.851 -11.081 -22.615 58.667 -58.640 -15.384 64.885 -43.325 2.575 -32.173 19.962 -56.584 -30.550
INT034 64.455 26.582 -23.488 35.483 27.433 16.362 53.913 -28.299 2.228 -46.190 27.748 43.448 -0.116 1.323 -4.497 10.750 -6.310 -40.425 -28.903 -24.437 52.290 -57.491 4.942 52.159 -34.902 -10.193 -15.723 27.890 -53.108 -21.607
INT035 67.327 24.833 -6.577 24.383 46.582 19.802 50.211 -8.812 -0.593 -29.694 27.908 84.745 23.228 12.438 14.896 7.041 10.107 -25.364 -8.398 4.870 29.208 -46.947 34.269 39.734 -4.928 20.201 0.583 21.667 -34.927 -1.631
INT036 67.171 38.610 8.885 36.910 56.259 43.520 16.940 5.259 18.340 -23.842 53.990 100.928 58.348 6.002 8.150 39.715 11.307 -17.860 18.153 20.630 2.740 -14.071 59.115 39.391 20.883 26.927 21.507 2.982 -18.370 31.175
INT037 72.567 7.399 -20.613 3.096 -21.861 18.384 -39.622 -25.464 -2.776 7.632 23.848 67.393 69.910 -33.520 -24.007 50.061 -20.773 -4.256 -12.126 3.229 -2.043 -65.359 65.954 -2.145 5.750 2.093 -39.502 -45.274 -43.266 40.336
INT038 69.483 12.899 -1.833 11.192 23.091 -13.286 -33.474 -3.211 0.867 17.865 40.037 61.558 57.334 -50.230 24.343 52.643 10.990 8.384 -0.064 23.525 29.789 -53.115 56.421 5.826 12.187 -7.737 -39.429 -40.330 -7.345 41.802
INT039 71.535 26.847 22.453 5.727 13.307 37.412 -37.550 31.509 16.628 31.101 63.565 39.487 55.499 -44.225 39.600 43.607 2.330 41.559 -10.985 7.998 3.131 -38.336 71.869 11.799 36.523 3.977 -35.846 -31.751 19.716 48.232
INT040 70.934 16.707 26.894 10.430 54.116 51.956 -27.545 56.215 9.821 32.693 62.242 44.023 50.872 -38.854 38.778 60.830 31.343 30.704 11.590 36.782 -0.269 -43.641 101.386 15.403 55.000 -19.955 -6.939 -38.290 42.858 44.802
INT041 62.014 -8.428 -1.349 -25.340 20.376 3.765 -71.084 56.026 -16.803 32.914 6.382 16.870 2.225 -81.959 38.306 26.740 12.731 13.718 -1.693 50.676 -20.659 -9.955 16.589 -6.678 21.226 -52.178 -64.649 -63.620 74.851 42.420
INT042 79.842 27.951 20.527 -25.303 57.269 3.409 -61.330 57.696 -18.393 38.690 39.313 29.123 10.855 -62.919 63.034 57.040 31.782 6.064 -20.388 68.146 8.437 4.274 5.402 25.903 -9.390 -48.195 -53.044 -48.150 90.482 33.049
INT043 71.501 24.774 23.623 -19.248 71.723 26.678 -63.170 63.173 -9.211 14.258 50.447 55.464 0.716 -34.327 51.071 46.354 29.086 11.477 -0.855 44.061 9.423 1.398 22.349 21.858 -3.613 -50.213 -50.788 -27.985 104.658 35.476
INT044 45.756 37.104 21.568 -7.983 54.456 34.116 -59.000 86.149 12.515 22.759 73.758 54.114 4.512 -15.202 49.883 55.019 44.720 16.705 19.001 40.167 16.490 0.803 35.723 44.252 12.690 -55.673 -40.418 -26.963 114.766 10.888
INT045 30.420 21.088 16.060 -4.312 37.533 19.582 -47.212 51.973 -11.079 29.813 57.438 25.711 -6.880 -11.545 44.088 57.639 40.847 4.179 18.352 47.661 18.413 9.857 19.079 14.980 -45.543 -94.242 -61.042 17.278 112.241 -48.728
INT046 27.931 8.808 27.980 -2.741 23.640 15.926 -21.082 69.650 -19.131 13.317 43.058 40.354 9.846 18.845 36.707 58.399 65.492 38.244 -4.441 70.595 41.840 39.220 20.159 39.244 -48.765 -69.870 -33.887 14.631 85.409 -70.629
INT047 11.894 37.232 28.237 -21.899 29.429 16.542 -14.116 65.888 -0.952 31.275 40.343 63.113 30.505 35.109 45.798 66.301 72.545 29.509 5.177 37.746 49.659 33.023 33.489 8.055 -49.759 -85.125 -27.447 11.106 100.977 -54.399
INT048 17.811 33.918 32.052 -41.358 9.237 21.898 3.646 67.580 0.469 30.468 50.072 61.067 17.158 24.225 31.717 46.205 70.709 26.704 -5.109 35.700 51.221 30.436 32.255 21.873 -51.768 -77.157 -14.296 -6.410 103.582 -47.193
INT049 19.631 21.132 50.486 25.323 -27.227 -12.932 15.564 49.286 22.792 33.531 20.509 53.111 30.270 62.285 16.044 52.650 60.608 35.595 -0.056 54.664 77.212 20.563 30.460 30.991 -82.758 -81.257 -42.964 -12.381 84.704 -53.944
INT050 33.438 37.561 50.623 30.145 -8.970 8.378 31.071 50.298 27.312 22.252 16.719 61.738 46.968 30.178 53.803 33.682 45.720 54.545 7.839 49.023 84.300 38.362 26.749 21.399 -97.332 -67.552 -29.436 -13.710 62.078 -61.974
INT051 18.235 34.826 33.746 15.464 -21.610 -8.723 44.568 58.331 28.376 36.607 35.938 48.866 57.089 27.872 50.531 43.236 39.926 56.174 4.657 29.398 47.415 37.243 44.321 31.911 -83.206 -77.914 -35.720 -40.955 107.683 -59.704
INT052 48.350 20.030 32.071 32.975 -2.673 -22.264 37.581 61.723 33.501 44.942 30.457 30.814 60.709 8.940 32.623 21.410 60.372 63.021 -8.459 35.732 46.182 54.367 40.637 17.106 -61.096 -79.346 -51.111 -40.519 76.997 -28.332
INT053 64.414 33.584 45.730 25.544 26.932 -0.369 32.626 53.528 40.859 77.106 22.098 48.180 57.038 -22.466 42.138 33.473 59.956 62.175 11.162 47.960 33.290 63.622 77.044 4.095 -18.279 -7.030 7.475 -30.842 79.958 -24.674
INT054 66.873 23.118 33.957 17.895 28.776 7.610 24.747 61.954 17.750 82.014 16.696 41.814 80.834 -4.223 51.792 13.543 50.158 43.987 12.280 38.099 38.474 31.792 64.266 1.792 -42.351 3.872 -2.885 -45.637 69.862 -41.287
INT055 38.258 8.093 69.902 6.967 22.543 7.825 24.680 65.069 6.830 64.866 10.143 49.026 92.874 -9.028 54.322 11.202 40.872 39.201 23.186 -7.280 54.241 47.860 39.204 6.687 -46.324 4.563 -17.566 -35.570 54.296 -51.021
INT056 32.646 31.334 55.717 4.119 2.243 2.299 21.087 69.224 -3.481 50.837 20.318 52.334 70.225 0.229 34.609 28.126 39.174 37.344 20.498 -17.424 86.496 35.004 40.268 -12.217 -21.359 3.873 -21.391 -45.585 24.834 -61.484
INT057 33.263 -12.384 31.921 -21.377 50.650 36.692 21.560 80.258 -23.472 77.244 36.026 66.944 79.970 39.434 46.718 24.291 60.367 7.884 38.626 -1.638 114.368 39.242 73.234 -5.728 -4.505 51.479 8.535 -69.040 26.497 -59.716
INT058 8.101 -14.281 27.286 -43.958 43.243 11.004 27.553 79.561 -32.589 45.805 18.294 78.066 81.974 14.491 52.366 27.689 58.917 2.605 45.809 8.188 111.757 49.024 91.352 3.632 5.233 35.097 25.812 -55.573 21.764 -80.656
INT059 14.992 -19.312 20.870 -50.856 37.458 3.075 15.283 69.322 -61.106 24.574 38.732 63.527 74.701 7.529 51.563 35.259 43.957 -1.472 51.877 -5.601 99.162 53.489 116.938 -5.091 -11.959 24.497 38.500 -71.938 14.515 -81.197
INT060 -26.893 -21.795 20.716 -46.139 13.532 -17.667 21.808 71.928 -54.868 39.075 47.194 61.490 70.530 43.816 30.956 15.672 29.282 23.486 34.043 -5.030 83.394 55.443 119.040 -6.574 2.704 21.569 49.239 -40.390 21.732 -77.508
INT061 18.947 -11.645 30.226 8.415 -7.307 -16.357 6.483 86.018 -14.886 12.960 99.783 86.806 77.718 24.799 33.109 8.383 68.566 30.305 37.475 -9.172 72.045 72.208 71.585 17.544 24.232 16.015 69.069 -48.657 39.825 -42.949
INT062 34.363 -4.582 22.405 -37.851 -19.650 -15.369 16.071 69.731 -0.587 19.804 76.818 83.256 82.327 14.318 48.321 -9.547 50.575 16.430 41.881 -15.692 63.604 60.697 47.745 37.141 13.527 -10.612 99.717 -66.586 49.788 -21.020
INT063 33.407 20.731 35.028 -16.185 -25.552 -18.571 15.037 48.657 -7.816 8.192 48.244 83.223 47.665 34.614 29.749 -9.062 30.687 19.624 34.758 -30.201 64.323 44.656 43.089 38.130 -3.346 -39.390 94.226 -52.698 42.920 9.454
INT064 22.090 25.067 24.667 -25.663 -64.789 -34.596 2.842 27.429 -13.090 -12.775 62.536 51.161 36.610 24.559 20.802 -17.624 1.804 18.246 36.201 -46.403 42.105 48.174 18.229 22.369 -18.819 -60.214 103.262 -52.532 34.329 -11.970
INT065 14.366 45.569 43.936 17.802 -31.053 -28.837 8.493 46.880 41.921 -0.171 58.645 76.126 27.360 25.845 26.349 6.239 7.815 37.019 39.454 2.648 44.811 25.294 18.216 48.866 19.174 -29.488 92.245 -40.430 10.902 25.068
INT066 8.809 25.323 38.329 -8.513 -64.059 -42.054 -4.725 28.097 0.167 -11.936 70.320 28.844 13.039 19.198 62.634 -7.340 11.840 46.318 38.661 13.114 10.616 6.445 19.663 59.014 13.927 -18.301 54.703 -29.290 -6.229 38.825
INT067 -7.021 22.418 50.437 -12.444 -32.682 -64.887 -20.447 2.076 -9.934 18.262 44.121 21.507 17.686 14.634 63.835 -15.688 -6.500 26.245 14.721 28.797 1.987 -15.491 -17.840 40.035 7.045 -12.652 52.885 -41.440 -5.523 12.630
INT068 -32.029 29.013 31.811 5.810 -17.503 -90.421 -32.143 -3.542 37.044 17.334 49.504 9.525 4.757 53.447 58.146 -8.625 -26.098 17.144 14.229 9.660 4.824 -22.973 -22.545 32.242 -8.219 -37.105 53.710 -10.053 -11.348 9.849
INT069 24.800 31.078 49.114 44.021 6.984 -49.141 -10.800 14.275 63.299 52.949 46.925 29.861 6.515 38.243 46.014 -12.735 -0.571 29.154 28.127 56.916 20.343 -19.809 -0.273 80.748 -1.855 -29.360 -7.391 22.834 5.248 16.717
INT070 12.365 38.279 45.501 31.725 -5.213 -66.944 -19.132 28.700 65.475 55.381 43.292 29.276 0.682 22.385 77.451 10.548 9.517 30.878 14.095 31.692 -10.154 -14.263 -3.870 83.380 6.300 -27.533 -26.127 -1.680 -12.046 40.315
INT071 -8.676 25.647 14.517 27.306 -14.200 -105.195 -27.735 14.119 93.696 61.752 46.606 8.893 -21.867 -2.106 60.137 27.166 -14.994 1.837 -5.802 9.671 -24.676 -10.674 -34.866 47.478 6.672 -43.621 -46.250 -5.229 -18.190 32.859
INT072 -36.630 9.215 44.006 -6.850 -23.944 -88.966 -39.900 -12.299 90.060 45.406 4.765 -8.012 -22.643 -13.799 57.383 17.351 -1.777 -21.537 -27.823 -28.450 -42.866 -31.763 -78.712 5.792 -25.270 -69.599 -20.968 -17.065 -21.954 32.542
INT073 30.082 31.735 24.989 61.510 34.592 -58.624 37.691 44.621 123.382 17.392 67.774 40.332 -14.691 17.021 72.314 53.658 -2.559 11.590 30.073 28.161 41.562 10.619 11.888 61.425 40.397 -46.149 36.189 20.150 9.783 33.969
INT074 20.853 5.541 29.610 19.486 3.709 -35.111 24.473 33.869 127.728 16.683 66.895 34.843 -16.027 13.753 56.448 46.889 -5.926 -0.203 32.814 36.930 17.677 24.493 -12.458 64.743 18.019 -64.764 7.262 11.759 -8.371 14.447
INT075 10.010 -10.180 17.660 10.572 -17.344 -15.779 6.948 1.764 101.182 13.488 52.937 12.791 -23.458 -43.361 38.699 17.651 -0.580 -16.298 8.273 24.428 -2.296 -12.570 -50.797 34.750 5.411 -120.818 7.305 24.110 -13.477 11.691
INT076 0.090 -34.997 22.068 -2.774 -28.680 -24.141 -4.602 -23.353 60.672 -8.517 22.483 16.618 -26.872 -68.971 33.406 -8.194 -19.082 -9.655 -34.404 16.798 -16.732 -0.041 -67.891 -3.365 -25.888 -157.551 -2.598 23.273 -47.234 -38.788
INT077 42.824 -1.428 -24.140 38.695 -2.658 42.483 30.491 5.497 81.560 -26.049 34.045 27.774 0.813 -32.902 50.171 28.177 8.029 16.244 6.597 61.197 32.875 21.349 -0.865 55.043 -5.950 -124.982 25.107 33.968 -33.379 23.671
INT078 47.465 -23.343 -27.896 44.212 14.908 17.711 41.938 -0.275 55.688 -19.624 13.295 19.811 -8.200 -16.313 26.393 -20.544 -30.746 -1.350 10.268 52.074 5.576 8.226 -10.012 19.547 -24.608 -132.286 -9.044 0.642 -51.526 13.662
INT079 37.806 -23.652 -34.624 8.552 4.963 22.679 30.185 -25.693 54.202 -27.281 12.227 -14.598 -41.063 -29.348 0.987 -68.527 -19.836 -39.010 -8.948 28.623 -41.334 1.379 -24.008 -22.278 -35.477 -156.715 -34.982 -34.417 -56.600 -5.426
INT080 14.138 -14.931 -52.881 4.034 13.376 11.794 0.259 -21.836 88.907 -36.671 2.083 -10.002 -39.343 -2.549 -23.318 -94.042 -28.076 -50.250 -18.831 1.618 -53.313 -35.168 -25.778 -35.037 -47.389 -201.613 -27.831 -53.562 -88.588 2.816
INT081 62.085 24.451 -31.146 5.979 26.402 42.581 32.279 10.599 103.306 -38.726 2.378 12.209 -34.535 50.570 7.740 -36.302 -28.705 -17.894 -17.618 18.590 -23.417 -0.526 13.155 4.916 -29.493 -238.851 -25.981 -42.510 -29.215 15.338
INT082 64.247 28.368 13.268 24.117 28.252 38.656 45.694 29.703 97.091 -38.619 -3.248 11.394 6.140 56.732 -2.338 -40.545 -45.931 -31.611 -9.009 19.176 -22.488 -10.378 32.656 5.892 -17.213 -261.050 -32.585 -30.643 -20.491 13.446
INT083 46.735 18.739 9.772 26.457 14.256 55.799 65.441 54.872 88.039 -53.615 -3.490 -7.846 -5.213 68.044 -11.990 -32.239 0.700 -41.658 -8.682 21.173 -37.789 -15.793 49.719 2.219 -15.267 -271.812 -43.025 -32.169 -31.559 2.060
INT084 29.947 21.988 24.909 2.343 34.490 63.876 53.952 73.482 85.743 -56.225 -4.895 -36.787 7.223 70.623 14.536 -35.978 -25.752 -43.361 -30.782 33.915 -22.906 -8.066 47.192 15.496 -9.358 -268.756 -21.819 -26.071 -16.758 23.686
INT085 47.028 13.572 29.132 7.713 -4.000 59.634 59.812 78.359 60.264 -59.116 -31.571 -16.878 4.251 74.379 42.269 2.416 -26.359 -22.130 6.617 4.204 -14.071 -3.681 39.611 33.517 -25.844 -181.209 -24.302 -2.427 50.127 38.272
INT086 44.418 15.200 27.752 -17.718 10.558 78.617 60.067 68.100 48.002 -52.030 -31.427 -19.856 34.877 56.535 41.077 1.812 -16.705 -41.738 1.836 2.671 -6.767 -1.642 44.551 29.687 -4.073 -182.773 -44.868 29.721 67.639 37.937
INT087 46.859 0.860 -4.681 5.865 -7.300 78.889 36.626 65.267 50.122 -69.651 -55.206 -17.178 38.319 85.415 42.808 7.224 -18.822 -46.706 19.466 24.661 -31.386 8.238 58.059 14.597 -23.243 -173.907 -50.398 64.609 62.352 54.060
INT088 55.618 9.500 12.435 5.567 19.227 73.243 7.345 57.704 46.742 -66.250 -33.585 3.426 48.349 68.897 37.925 15.510 -4.886 -35.327 20.803 51.942 -30.340 -3.044 47.757 19.283 -19.346 -164.356 -38.084 81.013 67.143 32.960
INT089 32.467 -30.168 -4.817 -38.054 -30.932 34.313 -6.091 49.456 -9.580 -112.441 -93.993 -39.474 25.262 32.002 19.577 -27.852 -57.334 -109.753 -48.033 -2.484 -44.821 -29.097 -30.522 -5.282 -56.418 -76.600 -49.924 43.994 48.512 -18.878
INT090 28.603 -25.908 -6.862 -13.413 -37.957 48.150 3.269 36.105 20.440 -62.155 -62.334 -16.433 37.610 49.068 24.284 -34.302 -2.200 -102.821 -20.743 18.920 -34.233 -51.947 -9.664 -5.993 -20.720 -44.270 -32.063 5.536 58.045 9.354
INT091 51.226 3.899 7.044 18.850 -12.436 62.325 29.747 47.333 50.906 -47.364 -19.975 8.339 31.910 89.674 23.535 8.843 40.229 -69.814 -10.101 25.852 -33.998 -37.624 10.265 23.557 -0.974 -12.004 -4.371 1.100 63.960 41.266
INT092 69.234 21.948 -7.538 37.260 32.954 66.083 61.410 47.719 34.294 -29.832 15.756 17.467 45.192 103.248 21.632 29.602 57.834 -33.455 0.643 50.626 -16.823 -33.073 19.391 44.008 6.888 -7.851 19.162 -21.848 52.570 54.337
INT093 40.922 21.435 -36.918 11.590 12.591 27.304 45.947 16.684 19.969 -61.454 -31.173 -30.273 26.098 69.920 8.984 -18.142 66.747 -61.048 -36.284 1.332 -43.499 -65.252 -45.976 -14.371 -66.484 -54.494 12.003 -51.410 10.251 -28.905
INT094 36.460 29.211 -34.663 12.380 18.203 34.372 36.579 18.699 30.322 -29.226 -9.963 -29.618 62.113 66.169 9.577 -26.983 35.814 -24.740 -34.374 6.978 -26.416 -63.952 -21.042 -0.738 -40.709 -42.797 6.921 -57.677 9.766 -7.456
INT095 33.713 19.431 -25.922 35.560 17.980 18.025 36.156 -0.718 42.177 -29.696 -7.268 -10.125 52.524 58.369 10.335 -6.525 54.902 -24.867 -25.689 27.944 -14.652 -56.327 -21.758 24.877 -25.622 -4.238 11.664 -41.940 -2.848 -4.055
INT096 43.112 20.042 -17.831 44.391 49.903 46.868 39.943 0.596 64.782 -4.618 19.996 5.026 41.019 77.482 20.842 14.350 52.197 -19.797 -22.386 38.281 -1.742 -32.259 -7.917 21.884 -24.711 -7.723 0.003 -63.674 -2.511 -0.639
Situatie privind dezechilibrul SEN pentru fiecare interval de decontare din luna Octombrie 2024
1/1