PDF PAGE 1
Data: 15.07.2025
lei/MWh
Interval/Data 01.05.2025 02.05.2025 03.05.2025 04.05.2025 05.05.2025 06.05.2025 07.05.2025 08.05.2025 09.05.2025 10.05.2025 11.05.2025 12.05.2025 13.05.2025 14.05.2025 15.05.2025 16.05.2025 17.05.2025 18.05.2025 19.05.2025 20.05.2025 21.05.2025 22.05.2025 23.05.2025 24.05.2025 25.05.2025 26.05.2025 27.05.2025 28.05.2025 29.05.2025 30.05.2025 31.05.2025
INT001 455.70 52.15 1,413.04 64.11 73.38 111.20 119.24
INT002 2,793.92 2,444.54 722.44 408.96 97.35 167.61 650.00
INT003 703.88 331.89 134.91 279.62
INT004 875.15 922.63 16.27 63.50 814.86 797.33
INT005 282.97 909.37 1,231.32
INT006 877.63 306.42 884.14
INT007 726.55 123.71
INT008 735.55 722.00 1,620.68 650.00 198.15
INT009 889.00 876.07 909.37 650.00
INT010 435.94 185.68 244.49 475.11
INT011 84.37 77.09 215.56 101.30 662.30
INT012 904.84 703.51 148.33 102.73 669.12
INT013 884.89 250.66
INT014 764.44 29.90 234.26
INT015 5,282.73 357.42
INT016 305.33 496.14 200.16 701.64
INT017 744.00 1,516.98 105.22 873.55
INT018 744.00 820.99 322.92 427.44 734.28 121.91 457.43
INT019 744.00 10.08 804.32 329.50 742.42 705.50 1,082.43 699.00
INT020 40.40 26.03 36.93 759.88 1,034.96 79.44 869.29
INT021 766.21 111.01 719.13 913.48
INT022 768.28 54.08 713.83 1,404.42 2.26
INT023 205.19 -23.32 215.37
INT024 322.54 415.31 710.73 179.56 422.22 367.58 64.31 898.18
INT025 510.05 918.50 739.77 650.00
INT026 107.22 218.64 735.33 299.22 255.34
INT027 880.06 201.54
INT028 744.00 203.85 882.34 348.59 186.20
INT029 467.51 715.55 128.49 189.78
INT030 380.63 758.06 213.94 380.34 177.22 783.42
INT031 132.38 381.60
INT032 341.69 250.17 323.26 273.01 317.98 163.80
INT033 194.10 35.06 324.18 383.23 179.82 584.99 439.80
INT034 97.16 277.00 457.13
INT035 494.02 -1,507.63 345.63 2,756.86 366.77 302.54
INT036 126.89 867.39 1,302.36 390.80 431.87 751.03 735.37
INT037 491.63 484.68 560.85
INT038 501.96 221.21
INT039 196.64 807.72 448.97
INT040 -849.22 460.56 -147.24 1,212.17 839.02 447.26 961.17 80.60
INT041 877.71 738.24 151.18 150.59 498.07
INT042 1,259.31 523.64 -771.95
INT043 507.07 330.54 229.34
INT044 3,415.23 472.53 348.29 314.82 421.86 505.46
INT045 1,393.32 263.70
INT046 945.20 587.03 290.27
INT047 52.29 432.81 567.46 26.53 524.21 438.85 1,843.77
INT048 624.14 485.46 178.70 501.80 218.49 1,640.33 77.21
INT049 -942.74 745.70 161.58 546.90 291.36 344.82
INT050 450.00 237.29 81.28 684.68
INT051 446.00 450.00 109.70 297.63 214.77 -150.11
INT052 396.62 -719.37 523.19 48.36 -6.78
INT053 15.64 368.04 626.14
INT054 704.58 450.00 119.90 284.85 450.46
INT055 189.99 452.62 756.66 96.55
INT056 100.58 682.42 331.93
INT057 694.88 511.83
INT058 -89.75 1,316.56 229.50 555.22
INT059 75.16 583.74 104.23 93.14
INT060 450.00 398.71 -4.01
INT061 -69.77 611.89 216.62
INT062 376.97 161.27
INT063 -23.55 306.99 -254.30
INT064 71.99 -1,204.65 770.91
INT065 -4,043.54 758.57 960.06 1,925.43 221.29 199.30 33.15 989.48 609.48 746.11
INT066 -64.67 440.47 1,147.79 575.65 594.70 133.38
INT067 217.95 216.81 137.97
INT068 65.70 181.91 185.45 70.22
INT069 508.67 299.21 -765.49 184.20 733.70 874.32
INT070 562.19 -1,784.86 289.83 420.81 3,080.68
INT071 -1,008.39 497.13
INT072 -1,584.33
INT073 874.79 10,295.66 356.64 924.72 576.31 314.17 -354.15
INT074 118.09 678.26 398.91 370.49 988.81 -535.76 579.31 401.58 445.46
INT075 469.97 815.40 456.70 867.77 1,082.85 622.67 342.81 1,800.23 7,779.50
INT076 502.46 2,238.49 3,449.65 4,670.82 5,686.40 260.68 424.79 5,728.69
INT077 920.60 305.88 -315.22 288.64 1,377.49 1,718.22 90.26 1,092.99 215.85 216.42 272.02 267.16
INT078 415.64 370.79 159.89 301.70 393.39 334.65
INT079 271.99 951.58 1,911.27 463.31 368.39
INT080 289.19 651.36 322.62
INT081 124.03 249.99 488.55 100.73 416.03
INT082 463.37 1,301.59 483.83 129.40 305.27
INT083 1,347.13 885.08 429.59 1,080.05 320.59
INT084 555.23 1,304.65 1,580.04 494.81 2,137.92 447.01
INT085 400.46 898.34 421.40
INT086 595.57 300.48 596.53 1,370.72 898.71 6,910.88 2,723.90 452.50 899.75 441.10
INT087 2,985.96 1,560.13
INT088 874.87 678.19
INT089 1,172.94 314.65 415.08 438.02 249.40 3,683.00
INT090 683.06 930.87
INT091 700.00 898.28 760.97 392.26 1,289.31 1,447.15
INT092 965.02 700.00 898.02
INT093 811.86 879.28 639.82 351.13
INT094 239.50 237.35 832.04 6,691.06 856.93 764.61 54.74 846.00
INT095 725.66
INT096 3,624.30 938.21 263.17 211.77 844.68 700.00 848.91 650.00 238.57
Pret final de deficit din luna Mai 2025
1/1