PDF PAGE 1
Data: 28.08.2026
lei/MWh
Interval/Data 01.08.2025 02.08.2025 03.08.2025 04.08.2025 05.08.2025 06.08.2025 07.08.2025 08.08.2025 09.08.2025 10.08.2025 11.08.2025 12.08.2025 13.08.2025 14.08.2025 15.08.2025 16.08.2025 17.08.2025 18.08.2025 19.08.2025 20.08.2025 21.08.2025 22.08.2025 23.08.2025 24.08.2025 25.08.2025 26.08.2025 27.08.2025 28.08.2025 29.08.2025 30.08.2025 31.08.2025
INT001 699.71 283.38 651.34 258.68 420.94 799.29 242.83 681.65 252.54
INT002 699.56 97.39 646.00 425.06 103.83 691.39 692.09 793.81 92.67 210.42 396.20 283.18 692.75
INT003 445.75 438.34 454.24 231.95 298.29 119.82 654.47 646.00 710.42 88.42 77.21 646.00
INT004 698.82 297.09 223.74 107.11 129.79 44.62 626.25 -20.36 75.47 100.73 84.53
INT005 698.89 31.78
INT006
INT007 1,150.85 372.26 203.56 475.00 181.90
INT008 698.87 698.39 86.72 613.00 651.75 92.90 307.66
INT009 688.25 421.40 641.82 699.69
INT010 699.31 606.00 244.36 557.27 420.94 423.49 85.32 131.98 691.50
INT011 445.40 326.31 203.02 416.58 253.90
INT012 97.25 68.04 212.64 666.81 168.72 645.94 85.71 111.77 248.21
INT013 426.44 198.20 413.87 585.37 689.06 121.66
INT014 450.20 575.00 106.11 646.00 646.00 602.75 112.59 98.74 692.34
INT015 48.67 154.52 442.84 132.13 120.74 706.62
INT016 408.31 699.00 3,524.86 120.96 640.00 119.23
INT017 33.47 177.91 625.76 225.51
INT018 -16.52 281.93 105.50 169.94 102.58 148.83 120.91 109.38
INT019 427.73 282.50 621.48 130.28 385.62 626.80 678.11 197.65 111.48 642.43
INT020 699.00 132.49 297.25 115.83 146.65 641.71 520.61 637.55 105.96
INT021 23.22 98.14 126.83 674.76 86.81 167.30
INT022 399.64 127.35 643.36 35.63 398.63 125.24
INT023 699.23 196.68 664.24 452.86 225.46 346.00 699.00
INT024 698.80 148.50 98.24 218.76 389.64 399.39 424.10 426.80 76.38
INT025 370.63 123.82 692.28 691.14 119.60 303.52 479.78 287.96 508.99 431.13 699.83
INT026 416.59 147.34 692.57 245.75 107.65 421.17 247.78 676.38 699.05
INT027 183.66 898.60 170.86 399.24 357.29 409.85 234.15 394.10
INT028 698.58 492.00 422.70 685.57 689.27 677.82 555.88 744.44
INT029 260.70 234.79 107.92 144.49 238.91 676.01 398.08 -37.72
INT030 128.03 324.01 646.00 626.69 18.09
INT031 319.04 126.61 685.83 646.96 364.65 412.25 419.23
INT032 102.98 136.18 662.45 332.75 106.01 370.59 89.83 418.49 453.82
INT033 699.00 366.17 274.83 166.33 134.95
INT034 430.08 509.31 158.09 366.80
INT035 353.91 156.91 139.59 -1,950.72 123.46
INT036 -385.88 92.66 94.21 101.44 1,018.26 -1,992.20 189.06 101.42
INT037 232.11 165.63 668.80 396.15 644.91 113.06
INT038 346.98 268.86 87.90 37.96 -1,440.26 202.13
INT039 191.59 47.18 457.94 82.48
INT040 -2,073.50 994.29 391.27 -2,546.83 -1,358.83
INT041 222.01 546.24
INT042 277.59 284.97 244.05 457.66 113.66
INT043 8.44 266.23 8.56 217.11 631.25
INT044 182.52 229.64 730.88 43.16 224.85 699.96
INT045 80.94 -354.26 707.17 127.81 380.84 49.28 -759.78
INT046 237.30 356.87 -981.34 167.70 -1,136.91 185.48 49.24
INT047 -231.91 73.98 93.89 448.96 122.39 109.64 95.03
INT048 149.10 450.00 564.67 158.77 87.99 122.21
INT049 428.10 225.67 180.79 593.89 83.67 476.51
INT050 -2,474.36 -5,183.47 593.60 795.82 183.74 76.30
INT051 450.00 -728.78 38.55 225.58 525.55 190.61 550.00 451.99 217.46 85.07
INT052 123.28 111.30 -206.96 86.78 77.70 447.00
INT053 -84.58 23.93 460.01 512.75 2,992.62 -146.73 1,595.04 104.97 15.57 36.53 635.78 447.02
INT054 30.76 -16.73 421.80 174.84 1,035.40 44.95
INT055 -76.49 303.51 82.19 500.55 40.05 -745.75 32.78 447.00
INT056 373.49 450.00 12.40 139.10 20.81
INT057 450.00 1,292.80 68.18 83.81
INT058 -3,175.95 77.28 213.19 450.00 83.37
INT059 67.14 -653.22 84.96 129.07
INT060 0.00 88.09 605.00 1,639.68 86.60
INT061 -985.70 -1,836.91 370.96 250.59 1,540.95
INT062 -2,611.78 -1,790.46 91.45 550.00 536.48 78.69 1,164.52
INT063 -2,801.08 -1,514.69 460.01 416.11
INT064 84.22 -2,453.65 450.00
INT065 -3,906.34 -44.65 -3,518.21 -1,165.47 353.71 -4,421.56 -52.58 460.40 164.31 559.78
INT066 226.18 37.89 206.92 -381.58 320.07 283.53
INT067 246.31 91.95 -267.59 495.00 334.24 277.52 478.58
INT068 -536.80 233.00 62.27 175.04 5,585.51
INT069 -1,379.94 -2,717.77 635.20 273.30 177.45 368.78 951.91
INT070 2,156.12 -899.67 1,845.86 -1,961.37 264.30 783.93 150.74 473.11
INT071 3,114.45 -1,719.69 243.70 844.80 654.55 2,275.16
INT072 697.30 190.37 1,156.76 363.39 225.80
INT073 339.11 419.75 -1,833.44 -2,348.25 1,014.97 739.18 225.86 363.22
INT074 478.83 -380.34 475.00 231.43 271.36
INT075 609.63 325.90 358.91 505.44 547.80 796.84 124.37 401.84
INT076 337.63 535.12 490.91
INT077 2,898.79 1,801.51 784.56 81.27
INT078 445.20 375.65 293.52 2,061.77 962.97
INT079 65.41 43.56 376.86 445.83 379.51 -716.82 570.56
INT080 5,559.47 634.39 995.44 409.49 608.96 1,111.20 699.65
INT081 593.40 1,159.20 2,091.96 306.59 475.00 -114.13 323.17
INT082 432.33 374.68 385.08 374.45 699.86 318.94
INT083 646.07 587.73 677.21 437.90 1,092.71
INT084 659.77 699.62 625.34 154.71 865.60
INT085 475.00 441.47 363.09 380.58 699.97 700.00 175.95
INT086 700.00 998.07 423.43 359.95 699.54 410.86 415.23 699.96 179.76
INT087 428.82 700.00 420.27 1,178.43 377.16 339.68 699.51
INT088 443.86 875.55 700.00 699.99 176.18 699.94
INT089 700.00 458.94 894.70 451.58 381.50 678.82 744.22 146.51 308.99
INT090 700.00 364.49 691.51 334.35 653.53 123.78
INT091 699.81 345.44 175.44 661.54 146.27 115.55
INT092 345.14 700.00 -269.89 700.00 700.00 223.94 126.99 -1,301.08 24.34
INT093 470.36 700.00 194.34 197.73 691.75 665.00 1,683.95 694.28 121.17
INT094 434.76 410.45 350.13 178.27 139.80 642.56 429.34 665.00
INT095 699.93 699.68 700.00 345.85 186.43 119.30 421.09
INT096 156.52 -228.94 185.29 624.52
Pret final de deficit din luna August 2025
1/1