PDF PAGE 1
Data: 27.03.2026
MWh MWh MWh
Interval/Data 01.01.2026 02.01.2026 03.01.2026 04.01.2026 05.01.2026 06.01.2026 07.01.2026 08.01.2026 09.01.2026 10.01.2026 11.01.2026 12.01.2026 13.01.2026 14.01.2026 15.01.2026 16.01.2026 17.01.2026 18.01.2026 19.01.2026 20.01.2026 21.01.2026 22.01.2026 23.01.2026 24.01.2026 25.01.2026 26.01.2026 27.01.2026 28.01.2026 29.01.2026 30.01.2026 31.01.2026
INT001 -29.201 19.880 -32.092 6.230 -6.170 -82.783 -42.485 -10.239 -34.743 -29.808 -30.660 54.455 -64.476 -12.754 15.254 14.681 -47.881 -66.577 -15.116 -23.787 3.381 5.160 24.864 -3.964 -2.592 -70.869 21.006 3.330 -4.298 -89.236 4.211
INT002 -32.213 20.960 -21.483 5.947 2.348 -71.948 -39.320 -16.126 -33.583 -46.610 -5.576 28.110 -63.169 0.394 4.270 -2.795 -53.760 -62.944 -27.238 -23.245 1.378 -12.589 10.282 -15.493 -5.424 -74.366 15.559 -4.659 3.981 -87.890 -2.830
INT003 -29.968 11.002 0.824 8.108 3.098 -66.848 -23.614 -9.667 -13.506 -45.725 28.647 31.897 -28.077 -7.323 -1.844 5.942 -55.210 -46.175 -32.776 12.264 -5.862 8.115 24.894 2.167 -1.629 -58.277 21.972 -5.357 1.217 -92.033 -5.936
INT004 -29.342 -19.224 -5.353 -2.461 18.736 -58.988 -30.223 3.649 -45.467 -26.233 44.889 22.475 1.031 -13.138 -5.826 17.113 -69.125 -47.762 -34.349 0.091 4.064 -23.118 30.348 4.495 1.880 -43.334 42.716 6.276 -4.176 -75.559 -23.943
INT005 -30.321 -41.227 0.823 -4.891 32.652 0.101 -31.443 -2.611 -16.967 -38.611 21.695 24.997 -2.141 -47.198 -13.602 4.180 -80.914 -24.329 -20.793 -6.565 8.034 -14.442 34.135 -20.771 -34.412 -67.033 24.115 -1.513 -41.812 -23.790 -7.547
INT006 -28.911 -42.800 4.790 -10.911 20.810 1.377 -29.093 -6.043 -27.462 -31.127 10.782 19.985 -24.506 -26.779 -28.608 -2.506 -57.603 -14.982 -25.335 -14.578 -8.076 -36.516 25.421 -33.725 -41.419 -59.396 53.114 2.057 -34.264 -4.894 -11.028
INT007 -27.949 -17.059 12.204 -11.083 19.579 6.312 -34.027 -3.943 -24.968 -33.727 27.278 13.076 -29.767 -41.991 -31.233 3.551 -49.549 -24.717 -42.687 -16.040 -2.067 -36.670 20.170 -37.497 -51.986 -56.476 -0.997 -6.741 -46.357 -10.993 -23.732
INT008 -32.929 -8.642 11.187 -13.976 15.280 0.959 -36.647 -3.804 -1.170 -29.103 15.090 10.772 -21.980 -35.778 -27.586 4.771 -45.569 -16.558 -41.570 -11.589 -3.852 -55.434 17.188 -35.004 -38.683 -39.400 35.158 -19.166 -55.216 -1.642 -31.227
INT009 -32.774 -14.346 15.585 -28.742 14.887 10.509 -35.676 -3.715 0.283 21.830 2.792 18.170 -16.871 -49.840 -36.962 24.433 -36.007 -34.502 -23.296 -14.003 -15.380 -58.601 15.022 -42.082 -22.684 -24.810 43.289 0.525 -59.075 8.607 -21.365
INT010 -20.805 -0.799 17.965 -21.503 17.293 9.866 -32.159 7.217 -28.994 28.858 -8.256 8.431 1.139 -19.653 -36.452 15.339 -19.263 -40.287 -24.052 -10.605 -18.022 -55.157 13.682 -29.424 -11.276 -32.457 43.988 -6.358 -72.524 2.084 -23.206
INT011 -13.079 1.748 18.906 -18.680 35.194 17.155 -20.645 26.409 -3.760 30.182 -21.877 -6.682 8.903 -33.279 -23.533 8.444 -32.347 -38.244 -13.834 -19.733 -14.947 -27.651 35.711 -38.279 -21.990 -30.659 48.077 -3.467 -91.697 -5.995 -30.895
INT012 -4.750 -4.652 -4.461 -15.699 37.630 18.384 -4.564 35.251 -0.121 42.666 -21.548 -2.682 17.761 -36.822 -17.830 -6.159 -52.648 -21.022 -6.973 -21.419 -0.190 -24.436 43.394 -29.712 -17.946 -49.401 39.114 -2.260 -81.199 -12.428 -25.078
INT013 -12.083 -16.062 -6.814 -25.034 33.163 12.531 11.350 43.578 7.898 29.805 -27.328 3.350 9.996 -36.719 -19.437 -2.106 -54.248 -6.353 -10.112 -18.301 -26.130 -10.991 40.142 -34.175 -25.947 -33.047 52.191 -3.408 -72.794 -9.547 -41.707
INT014 -17.403 -16.117 10.430 -28.360 17.777 14.317 16.233 27.044 24.644 39.430 -29.544 19.176 19.302 -11.886 3.043 -26.672 -32.757 -16.648 -17.487 -21.516 -14.646 11.429 36.519 -28.690 -16.353 -31.896 45.070 0.610 -47.174 -12.093 -41.829
INT015 -15.786 -29.708 21.165 -32.819 22.072 14.763 24.566 17.351 9.177 8.136 -17.589 7.182 20.743 -21.681 -4.256 -21.330 -36.250 -20.151 -15.864 -27.706 -13.784 25.586 9.766 -22.918 -4.378 -33.934 41.079 -1.102 -59.063 1.865 -40.269
INT016 -19.729 -49.181 20.656 -41.643 20.550 12.948 25.714 46.997 9.958 -5.468 -27.394 23.847 11.682 2.567 -18.712 -21.612 -23.573 -18.612 -11.781 -56.939 -2.969 17.201 1.098 -24.048 -11.143 -23.329 41.500 0.504 -76.201 9.865 -46.378
INT017 -25.786 -54.444 14.041 -46.492 4.190 -4.260 45.488 47.910 -6.039 -4.211 22.343 47.787 -6.783 -1.196 -10.850 -14.403 -10.134 43.839 8.371 -25.813 -11.384 26.671 33.234 -35.771 -28.142 -12.324 45.027 7.399 -67.785 2.607 -51.392
INT018 -44.642 -61.198 16.726 -34.784 1.351 2.686 49.497 39.457 -11.758 12.073 7.602 42.351 4.598 3.026 7.995 -29.020 -21.626 7.242 8.611 -24.462 -22.977 38.468 35.131 -33.852 5.253 1.851 49.214 -4.592 -72.452 10.726 -42.297
INT019 -49.162 -62.490 21.325 -26.641 -15.637 11.273 39.513 32.135 1.605 23.552 6.187 31.242 -22.946 3.598 -6.819 -20.126 -10.726 -21.006 3.650 -36.666 -26.569 34.516 38.137 -24.646 -11.112 3.139 22.763 4.396 -67.439 3.918 -56.301
INT020 -57.958 -46.777 21.787 -11.264 0.811 5.767 36.385 25.032 -16.863 35.970 21.558 26.185 -5.004 -7.536 -3.176 -25.259 -24.676 -31.197 3.565 -32.570 -14.949 35.954 29.673 -27.756 -13.932 -6.406 40.175 -2.601 -67.384 11.766 -48.552
INT021 -58.123 -44.053 10.292 5.709 -6.792 18.505 20.201 14.411 -7.064 20.859 30.877 31.980 -0.580 -2.470 13.031 -14.991 -28.041 -28.576 12.340 -27.465 10.541 50.410 27.695 -29.387 -27.183 -21.943 44.448 5.407 -34.441 10.378 -41.289
INT022 -51.446 -54.483 10.544 19.945 -7.428 11.310 20.246 -2.752 -12.616 30.668 45.573 43.719 3.595 -15.167 10.114 -14.551 -28.215 -23.389 11.706 -34.228 9.125 57.222 28.575 -20.550 -23.815 -3.139 47.633 -5.587 -29.887 25.185 -20.368
INT023 -57.782 -25.597 9.733 36.792 -4.611 14.976 20.077 -19.662 -1.071 12.491 8.844 20.531 -24.706 -6.331 15.472 -10.573 -44.313 -25.311 -14.525 -39.752 27.622 66.472 14.744 -20.438 -45.659 -19.033 42.044 9.717 -33.516 11.710 -25.370
INT024 -62.859 -4.975 8.296 45.235 9.349 18.140 24.320 -39.836 7.309 -2.939 7.924 27.701 -14.535 -5.102 14.114 -6.008 -29.604 -21.670 -22.327 -31.983 35.348 49.521 33.730 -24.314 -44.195 -24.323 33.852 13.111 -42.586 11.668 -11.489
INT025 -58.455 -5.363 -4.390 9.545 13.476 24.809 32.692 -29.227 39.627 -0.158 21.003 29.596 0.622 6.393 2.006 -4.731 -32.467 -19.526 0.422 -43.358 35.785 28.299 17.671 -28.159 -37.713 -31.437 67.630 23.388 -20.910 22.834 -24.592
INT026 -58.900 7.379 -15.576 19.215 12.870 30.270 46.625 -24.505 36.858 -8.864 5.564 51.598 -13.792 -8.877 3.988 -19.955 -36.368 -19.272 -5.596 -44.448 8.164 3.699 14.993 -28.662 -40.778 -34.371 45.469 8.943 -19.063 35.876 -8.261
INT027 -39.133 11.358 -25.663 23.963 8.690 43.300 47.658 -26.966 35.350 13.066 12.696 12.165 -24.327 -0.602 4.618 -16.684 -19.722 -18.539 -16.905 -56.885 -11.085 6.549 -9.738 -17.144 -20.902 -12.552 41.298 11.678 -28.454 25.200 -7.804
INT028 -35.395 -15.332 -51.949 3.361 9.899 51.481 39.097 -29.663 30.965 8.383 -11.235 2.619 -36.082 -19.466 -1.083 -27.677 -9.321 -11.183 -27.028 -79.589 -48.119 -4.513 -18.252 -23.926 -38.939 -23.490 38.871 10.297 -58.663 17.330 -31.876
INT029 -36.022 -24.341 -62.653 -22.657 34.273 80.018 68.685 37.703 56.155 16.734 -10.073 50.599 -18.643 -2.122 17.133 -12.622 8.300 -9.185 24.077 -27.089 -30.271 56.408 1.764 -3.342 -27.879 13.486 66.933 3.774 -29.173 15.931 -40.076
INT030 -29.017 -61.256 -68.668 -22.560 30.162 59.951 77.111 37.165 48.469 15.774 -31.917 42.590 -34.578 -30.167 21.831 -41.772 -21.268 -17.849 5.114 -56.303 -31.949 26.760 -3.341 -4.310 -55.745 -1.644 39.670 -8.243 -42.258 6.351 -49.035
INT031 -15.133 -78.421 -72.815 -17.265 35.450 55.730 60.076 -20.724 44.647 10.470 -25.691 38.156 -65.226 -7.444 10.848 -56.360 -22.406 -16.616 -1.667 -64.441 -39.222 25.711 2.124 -10.794 -45.066 3.365 18.779 -12.489 -27.976 3.850 -59.072
INT032 3.484 -60.036 -57.913 -4.868 30.735 48.094 45.987 -92.319 46.255 16.818 -34.644 23.473 -75.802 -53.400 -4.005 -67.216 -31.341 -22.990 -41.494 -78.641 -32.091 20.554 3.939 -12.922 -35.519 -5.622 13.654 -7.643 -35.281 -11.335 -80.122
INT033 -4.703 -67.578 -7.414 8.581 32.251 50.494 56.683 -116.941 36.475 23.215 -2.871 41.024 -29.333 -17.973 9.875 -47.629 -32.345 -8.559 -15.952 -50.730 -52.088 38.903 26.640 -13.696 -30.067 7.778 41.271 10.269 7.717 51.934 -63.645
INT034 12.427 -68.628 1.080 21.921 24.216 42.416 65.854 -148.124 34.394 10.927 -32.464 36.672 -47.792 -18.776 -5.551 -47.570 -73.848 -28.418 -22.456 -60.620 -74.701 22.164 34.527 -18.995 -41.161 26.702 19.782 16.893 15.464 41.421 -91.363
INT035 48.253 -58.109 8.380 29.012 17.873 24.867 57.098 -186.098 28.962 9.304 -20.634 6.707 -59.268 -16.528 -16.851 -40.412 -72.807 -48.946 -51.093 -74.923 -71.113 -16.403 3.308 -14.389 -39.995 -1.100 15.137 16.109 25.905 65.465 -89.835
INT036 44.688 -37.925 14.092 24.148 -1.693 26.030 58.068 -212.967 -0.973 13.105 -40.024 -3.301 -48.712 -19.488 -23.644 -32.689 -78.385 -56.147 -46.288 -54.541 -73.698 -21.052 -13.820 -23.410 -48.279 -13.709 -3.046 44.594 26.466 48.929 -102.559
INT037 4.437 -45.569 7.914 3.780 -10.605 17.832 60.118 -254.083 -18.390 40.132 -30.888 -20.578 -5.019 -82.202 -23.184 -6.162 -87.600 -52.694 2.338 -43.947 -105.486 -12.055 -8.544 -24.430 -35.370 -4.297 5.653 30.471 14.684 31.636 -76.056
INT038 1.510 -31.967 -11.436 -22.081 -23.936 16.834 42.459 -251.685 -9.011 15.577 -76.891 -29.603 11.474 -91.319 -17.915 -7.294 -91.708 -52.808 -19.980 -39.230 -123.817 -3.465 5.567 -20.153 -31.726 -21.637 3.859 19.589 12.866 15.403 -90.748
INT039 -10.188 -31.121 -54.589 -41.447 -34.095 7.525 40.180 -210.812 -26.544 -20.990 -91.358 -45.480 21.753 -72.685 -17.270 2.763 -74.183 -52.917 -44.595 -20.761 -137.023 -7.346 10.805 -20.680 -24.992 -37.688 6.115 20.311 2.972 30.643 -98.894
INT040 -26.952 -8.278 -76.928 -47.406 -43.572 7.859 18.636 -188.262 -25.190 -12.613 -107.010 -38.753 27.105 -73.002 -13.850 -0.849 -48.306 -21.637 -40.648 8.666 -133.643 -17.707 14.994 -13.878 -21.641 -49.815 0.595 36.457 -17.483 41.723 -98.583
INT041 -66.214 9.962 -86.067 -25.764 -67.705 11.039 2.080 -164.149 -89.072 -13.493 -54.953 -33.897 9.635 -79.402 -34.912 -12.267 -76.680 -28.674 -122.068 17.106 -210.089 -54.259 11.912 -15.420 -40.237 -73.272 -21.544 15.253 -70.613 60.245 -121.505
INT042 -51.862 -4.638 -89.012 -26.593 -58.080 -3.751 -7.369 -179.502 -92.078 -38.340 -61.928 -37.631 17.473 -79.783 -26.874 -13.109 -52.244 -10.926 -100.694 60.633 -242.415 -76.671 4.959 -14.446 -18.654 -88.833 -26.248 18.205 -60.890 47.433 -138.500
INT043 -70.454 -8.326 -73.875 -33.832 -62.111 -11.748 -16.513 -118.802 -98.228 -43.097 -50.106 -31.747 -3.223 -45.843 0.470 -2.520 -54.636 -13.388 -83.525 64.417 -246.971 -85.173 4.172 -20.942 -13.340 -95.599 -29.697 12.635 -66.343 40.688 -157.155
INT044 -58.470 -0.091 -57.299 -3.357 -72.312 -17.130 -12.825 -169.166 -87.272 -48.533 -63.538 -24.054 29.865 -40.221 13.124 -24.963 -56.088 -6.732 -76.535 68.729 -188.193 -42.639 14.618 -14.457 -23.599 -78.900 -27.044 23.922 -39.206 57.432 -150.463
INT045 -59.602 -1.806 -26.797 6.434 -72.238 -10.907 -27.211 -190.746 -69.968 -36.265 -88.090 -4.529 -15.128 -40.166 -19.234 -25.495 -47.900 28.315 -134.032 52.418 -132.715 -40.302 -4.420 -26.156 -44.826 -46.873 -28.194 3.453 -3.095 33.194 -145.509
INT046 -40.035 -21.887 -1.623 -20.303 -79.755 -22.995 -40.143 -208.649 -58.649 -22.055 -108.839 -6.228 -4.601 -41.818 -7.061 -29.848 -45.445 15.456 -121.067 61.264 -178.697 -27.045 -25.170 -24.879 -50.613 -26.991 -20.890 18.276 7.738 11.976 -130.478
INT047 -20.732 -27.063 7.472 -27.920 -86.715 -34.562 -42.461 -210.560 -27.105 -25.696 -123.566 -20.049 1.579 -30.268 22.106 -18.450 -40.787 -14.474 -91.066 38.796 -159.317 15.060 -31.605 -18.565 -34.610 -57.778 -36.765 22.466 41.985 -4.274 -136.199
INT048 -2.507 -51.202 -3.082 -47.004 -88.122 -52.098 -32.629 -197.718 10.335 6.381 -109.522 -37.105 2.494 -0.467 13.195 -7.703 -31.944 -10.600 -91.068 46.610 -129.421 16.238 -25.047 -19.495 -51.958 -44.817 -30.414 37.478 63.937 16.478 -120.253
INT049 13.152 -54.574 9.886 -65.417 -75.484 -65.330 -22.135 -201.930 29.609 14.852 -83.421 -24.281 -16.899 -1.797 17.138 15.171 -44.866 -13.099 -58.853 18.392 -130.210 13.275 -32.635 -13.666 -58.785 -58.885 -21.102 32.266 53.928 -8.046 -94.057
INT050 26.561 -80.887 7.010 -91.273 -76.543 -73.945 -18.235 -213.972 -2.299 31.895 -74.988 -14.112 -11.138 -3.614 4.436 -4.432 -50.801 -31.189 -59.355 18.917 -67.754 27.549 -44.057 -19.255 -65.750 -42.855 -22.096 40.796 44.784 -11.773 -85.337
INT051 27.846 -82.767 -41.968 -117.255 -71.257 -81.691 -21.668 -215.644 -12.306 25.410 -81.559 -12.626 -5.071 20.751 30.650 6.359 -49.839 -62.648 -55.736 46.086 -98.664 0.994 -14.127 -12.795 -60.517 -24.310 -14.405 38.394 21.609 -20.051 -75.906
INT052 23.999 -54.364 -101.648 -134.558 -64.564 -78.089 -18.279 -213.952 13.285 26.585 -83.795 -25.507 -8.881 18.356 32.672 15.226 -51.306 -65.153 -27.428 23.233 -84.919 -10.202 -13.596 7.246 -46.257 -12.364 -28.543 14.815 28.529 -3.566 -61.263
INT053 39.794 -44.601 -118.492 -99.581 -51.639 -77.743 -24.974 -203.593 16.558 30.443 -64.657 -27.565 -19.337 22.659 28.781 15.872 -53.697 -45.831 -7.567 46.341 -91.283 -13.580 -20.101 2.512 -53.796 -67.523 -12.364 18.272 12.575 1.123 -65.758
INT054 60.709 -47.104 -141.701 -107.305 -66.473 -71.677 -16.204 -188.405 32.745 37.593 -65.538 0.839 -7.788 6.017 16.108 10.649 -62.926 -49.879 18.972 24.433 -164.942 -27.961 -6.178 2.379 -34.889 -46.086 -33.230 13.072 4.136 -24.824 -57.376
INT055 44.582 -51.883 -131.199 -107.848 -90.459 -61.543 -17.813 -189.218 27.535 36.819 -43.220 22.469 -6.299 25.688 18.357 5.860 -41.405 -57.005 20.170 44.948 -164.604 -31.298 7.536 3.633 -34.888 -36.358 -12.627 9.874 -10.860 -21.857 -43.392
INT056 34.065 -59.202 -131.540 -107.225 -93.255 -64.088 -12.571 -189.905 26.288 29.849 -42.909 15.211 -18.931 33.694 -8.912 -5.708 -34.886 -39.119 13.160 49.007 -173.977 -45.617 -7.942 10.102 -34.490 -53.825 5.789 49.207 8.815 -8.956 -45.272
INT057 30.025 -88.277 -109.735 -71.160 -103.132 -44.923 -24.202 -174.909 33.561 7.937 -32.978 52.312 -17.423 29.758 -12.818 -5.087 -23.979 -6.021 17.222 87.989 -203.275 -55.072 26.286 6.880 -31.074 -40.366 -1.192 47.614 2.609 -11.250 -56.754
INT058 11.481 -104.474 -71.801 -62.794 -84.440 -44.424 -17.402 -172.193 38.210 -12.097 -38.538 48.659 -21.238 27.829 -21.567 -24.636 -22.910 -18.328 17.043 123.574 -201.353 -59.137 38.668 -0.756 -43.166 -29.809 -11.388 53.432 6.378 1.966 -52.280
INT059 4.132 -103.442 -38.823 -40.029 -61.043 -44.218 -16.491 -166.942 20.675 -14.130 -34.329 66.957 -26.115 29.580 -3.735 -21.598 -41.500 1.545 25.943 91.802 -196.900 -63.533 49.015 -6.674 -27.876 -33.464 5.568 54.324 1.899 4.757 -58.288
INT060 10.352 -105.562 -60.892 -34.897 -51.321 -49.359 -15.674 -167.586 24.705 -17.169 -44.877 54.561 -23.876 35.226 -2.953 -6.653 -47.336 4.276 4.227 91.230 -189.177 -55.411 40.736 -17.043 -30.383 -18.059 26.371 73.189 18.775 18.122 -64.545
INT061 18.299 -87.232 -33.888 -28.156 -21.381 -44.257 -13.402 -150.494 39.990 -27.017 -34.497 73.108 -39.265 32.096 -12.910 19.896 -5.112 8.477 14.839 100.219 -146.983 -73.836 70.875 17.952 -38.494 -34.576 9.560 90.579 46.069 15.540 -75.489
INT062 10.987 -97.526 -58.750 -15.579 20.346 -49.049 -12.032 -157.216 12.815 -27.029 -44.593 35.538 -44.237 17.363 -7.487 -3.524 -21.065 -10.907 26.304 59.456 -186.643 -57.748 45.575 0.383 -46.017 -3.018 22.070 51.109 25.653 0.199 -83.801
INT063 -3.533 -99.907 -76.750 -0.564 -26.556 -57.109 -17.193 -150.240 6.777 -17.071 -50.356 32.690 -72.163 13.539 -14.822 -12.304 -24.945 -16.995 31.569 19.895 -160.620 -54.546 43.485 -1.557 -35.290 4.931 16.251 21.237 24.802 -6.228 -100.803
INT064 -28.494 -90.057 -75.596 7.783 -24.448 -60.757 -13.357 -153.541 21.352 -10.768 -41.534 43.114 -46.671 16.639 -9.683 1.895 -44.257 -31.600 -2.332 -4.973 -165.891 -44.579 34.312 -16.152 -16.978 14.513 17.953 9.144 22.124 -8.526 -97.013
INT065 6.927 -40.416 -36.729 -1.398 -26.681 -49.315 -0.208 -143.667 1.573 -0.440 -67.731 59.395 -34.337 -3.694 9.196 58.374 -5.886 -30.066 10.887 -4.459 -149.247 -64.987 17.840 -17.226 4.326 0.067 14.159 -3.449 24.886 -5.298 -84.843
INT066 -18.182 -32.513 -44.705 -4.367 -20.772 -53.554 -2.510 -161.166 -22.974 -16.483 -89.666 22.989 -4.828 -15.009 -14.096 46.187 -21.600 -63.293 -0.329 -11.894 -162.230 -81.870 20.526 -25.597 4.539 10.167 10.435 -5.420 6.450 -4.484 -84.534
INT067 -24.129 -21.019 -51.037 5.189 -26.797 -50.676 7.491 -150.404 -6.836 -12.889 -66.767 19.608 4.498 -46.543 -22.922 40.706 -20.624 -70.552 -13.471 -27.136 -129.306 -86.795 23.746 -28.084 -5.023 2.817 -2.397 -3.959 11.025 -10.446 -75.716
INT068 -35.568 -18.901 -54.062 2.504 -39.461 -53.881 -14.600 -173.244 -1.773 -19.007 -64.305 9.000 -7.158 -20.453 -36.501 29.804 -39.131 -89.594 -22.141 -47.589 -125.021 -66.854 20.138 -28.213 -8.337 -25.784 1.533 -3.346 1.858 3.422 -46.180
INT069 -9.106 9.540 -40.700 11.960 -15.348 -17.769 10.926 -177.242 1.749 -12.661 -5.297 3.413 -18.629 -15.046 -17.936 -1.061 -12.424 -55.055 6.263 5.657 -105.093 27.406 75.188 -30.535 30.557 -69.127 -8.764 37.065 16.271 17.769 -26.080
INT070 -15.692 -0.037 -26.235 -10.506 -35.208 -9.802 5.259 -197.142 9.628 -31.229 -7.491 -15.404 -23.248 -24.874 -38.250 -18.220 -47.668 -46.589 10.442 -20.624 -110.681 42.194 77.110 -43.615 14.407 -68.848 -7.687 38.619 -1.082 2.495 -32.348
INT071 -3.858 -14.830 -10.073 -12.349 -39.329 -7.531 2.615 -202.399 17.902 6.053 7.740 -11.196 -14.206 -28.663 -33.259 -17.425 -43.656 -61.358 -25.134 -30.392 -93.760 16.845 65.612 -49.604 7.147 -59.552 -9.443 38.603 -23.164 -4.858 -70.613
INT072 1.660 -9.346 13.088 -13.883 -39.218 -12.815 0.550 -212.810 29.671 8.407 31.317 -19.390 -23.100 -14.911 -34.513 -7.624 -25.346 -64.198 -1.793 -38.082 -90.422 -8.589 69.479 -47.867 -1.007 -63.947 -12.982 34.405 -30.895 9.584 -67.169
INT073 12.637 -11.248 40.881 -20.136 -55.024 -25.554 -16.629 -287.675 19.388 22.186 35.200 3.478 3.764 -3.468 -25.691 2.001 -36.507 -70.230 -9.349 -35.142 -97.439 7.951 1.823 -40.905 -7.791 -63.350 6.135 41.411 -59.657 33.210 -80.863
INT074 5.759 -8.489 21.831 -25.604 -60.443 -27.495 -14.838 -299.976 13.360 42.249 19.917 10.192 10.071 -13.793 -25.846 12.971 -53.501 -74.875 -7.266 -35.649 -111.490 23.488 3.723 -42.247 -9.390 -42.572 -0.608 34.637 -45.919 38.803 -94.047
INT075 1.011 -2.377 23.638 -25.848 -73.089 -33.512 -13.226 -265.952 37.036 50.391 36.017 -1.836 26.845 -7.984 -8.746 9.948 -87.858 -71.811 -0.144 -42.069 -109.281 22.228 -19.888 -17.783 -18.318 -17.384 -11.233 13.371 -30.191 29.304 -83.365
INT076 4.406 7.708 6.694 -14.783 -83.842 -24.118 -1.926 -252.744 44.209 15.018 14.099 3.330 24.280 13.451 -11.054 7.718 -67.831 -73.998 -29.048 -51.697 -128.692 17.041 -1.000 -4.844 -16.205 28.270 1.450 -12.349 -7.640 35.256 -74.295
INT077 5.286 8.025 20.171 2.027 -79.084 -50.676 1.310 -179.310 13.046 -18.369 27.410 19.261 16.189 -7.870 -7.068 12.892 -57.849 -66.622 -11.992 -53.941 -135.432 16.697 -4.340 -7.937 -46.317 56.986 5.308 -15.190 5.096 31.822 -45.555
INT078 -0.398 24.800 25.210 -3.490 -77.162 -43.593 -6.247 -174.945 10.337 -34.302 32.695 10.163 16.156 -13.915 -5.008 29.956 -59.244 -64.738 -20.908 -55.226 -138.621 19.087 -12.216 -12.795 -37.292 50.585 -1.248 -30.396 11.966 17.392 -40.872
INT079 4.762 23.702 -10.871 -0.900 -116.877 -33.337 -6.066 -161.375 -5.660 -56.696 21.558 -7.678 1.982 6.998 10.100 12.918 -39.318 -71.160 -8.208 -53.630 -114.405 10.608 -17.953 -22.679 -38.018 69.235 -18.303 -41.570 18.964 13.632 -35.913
INT080 1.902 5.844 -23.334 30.881 -124.293 -11.725 -0.914 -130.259 2.753 -48.872 17.579 -19.681 15.080 23.344 12.878 15.832 -2.533 -71.065 -8.567 -46.459 -87.932 -0.980 -15.433 -23.342 -38.073 58.884 -10.546 -30.867 47.221 -5.694 -29.518
INT081 10.148 -4.144 25.827 39.882 -70.221 4.493 -8.357 -93.020 -13.563 -49.265 32.723 -38.549 -1.694 22.747 17.777 0.992 -4.538 -40.670 -8.479 -56.796 -82.662 -1.063 8.205 -26.961 -25.499 19.611 -14.946 -31.852 27.825 44.226 -25.761
INT082 5.851 -16.242 34.059 26.832 -49.116 12.495 -15.098 -97.600 -19.656 -31.983 30.744 -35.122 -12.053 12.516 5.821 -19.864 -6.055 -22.028 1.324 -55.950 -69.752 0.126 -6.711 -22.082 -19.424 24.323 -9.866 -20.647 25.525 25.300 -20.612
INT083 -2.328 -20.828 29.383 22.046 -46.925 25.271 -22.884 -91.844 -18.353 -21.134 20.415 -65.818 -15.710 27.033 15.757 -22.370 -23.844 3.167 0.649 -49.930 -58.056 -4.471 -4.038 -35.157 -11.260 4.292 -20.404 -11.787 19.196 28.983 -12.598
INT084 0.847 -30.720 54.697 33.913 -42.031 28.731 -23.368 -80.175 -0.168 -20.531 54.385 -58.217 -10.484 25.486 19.643 -34.526 8.635 -4.868 24.961 -39.616 -28.024 5.372 -1.212 -29.823 10.816 8.674 -3.983 22.812 34.083 19.989 -3.364
INT085 -9.832 -34.960 41.541 31.815 -39.810 23.432 -28.127 -95.076 20.470 -13.165 35.217 -31.269 -32.599 7.702 -4.596 -3.142 -12.894 -28.709 10.176 -31.525 -37.454 0.255 8.028 -14.455 -2.872 -9.119 -25.117 22.535 14.843 5.091 -7.641
INT086 -10.164 -22.608 41.040 20.444 -45.470 28.764 -27.968 -85.555 15.670 -0.831 50.174 -37.585 -26.739 -4.091 -20.985 8.504 -8.783 -22.124 11.382 -25.533 -15.998 2.548 -11.417 -25.184 18.326 -0.242 -12.070 18.649 14.972 -2.203 -13.424
INT087 -9.930 -20.479 55.097 11.408 -47.396 42.520 -24.098 -88.026 11.012 -3.412 36.834 -24.157 -16.319 -6.794 8.956 5.531 -7.711 -18.223 18.538 -28.421 9.172 -10.628 -8.484 -9.104 20.426 25.346 7.869 24.165 29.518 -9.247 1.719
INT088 3.745 -30.324 69.813 6.351 -44.461 57.234 -30.982 -64.035 32.892 23.448 47.888 -27.017 -13.456 3.011 1.914 -0.696 8.545 -8.791 3.583 -0.644 13.179 12.577 -6.383 4.189 41.077 5.330 8.377 42.148 55.161 -2.092 -2.712
INT089 -8.956 -63.613 34.781 -15.924 -46.745 49.276 -33.992 -52.732 41.623 25.185 56.571 -34.654 -18.129 -16.878 -16.757 11.001 -0.034 -29.886 -2.945 -38.950 7.406 -2.218 -2.881 -34.131 11.128 -25.691 6.951 22.534 32.702 -10.853 -9.892
INT090 -2.897 -50.502 16.744 -22.301 -37.951 65.424 -27.659 -50.629 54.343 24.230 54.729 -22.500 12.326 -27.399 -18.636 -0.145 12.274 -23.900 -10.340 -29.903 19.552 -0.729 -3.971 -35.148 11.494 -20.961 1.666 28.503 22.470 -6.725 -15.002
INT091 -3.538 -40.706 10.511 -28.118 -30.483 59.251 -29.078 -19.608 50.048 0.070 75.993 -7.715 -2.506 -12.150 14.839 -4.182 9.842 -18.438 -23.731 -20.133 29.435 1.245 3.082 -26.692 6.193 -0.008 4.929 21.641 4.005 -3.162 -7.693
INT092 5.696 -33.675 24.303 -16.500 -10.558 40.969 -21.196 -7.973 36.145 -2.624 79.059 -17.359 -13.044 -14.287 13.590 0.392 -7.525 -1.146 -9.846 -12.403 32.417 11.651 -2.434 -9.735 -6.532 25.797 11.568 45.587 -4.419 12.708 -12.598
INT093 -2.203 -58.665 24.332 18.448 -37.976 59.247 -25.250 -9.171 33.146 -48.568 82.012 -31.582 -30.448 0.989 3.144 -0.296 -26.567 -32.631 -13.101 -15.940 17.273 -0.598 -2.257 -30.058 -29.611 -5.179 -0.652 22.428 -23.451 12.065 -26.297
INT094 -0.468 -53.054 14.902 4.119 -41.118 53.775 -26.447 -10.484 17.354 -64.662 71.775 -35.014 -13.698 4.471 12.889 -0.657 -33.470 -27.059 -25.272 -6.682 5.141 -15.263 -6.728 -23.223 -58.026 10.437 8.924 26.081 -35.944 -4.430 -35.769
INT095 -2.497 -48.038 -0.336 0.747 -28.366 39.463 -33.783 -0.009 9.148 -40.649 76.420 -7.486 -21.998 9.742 2.645 -14.007 -37.649 -10.282 -13.207 11.298 15.052 5.404 8.676 -15.842 -56.514 13.011 10.799 30.016 -46.988 -3.114 -37.316
INT096 15.793 -44.171 8.919 -6.941 -22.399 27.455 -25.942 6.225 9.464 -20.511 67.738 -33.093 -15.488 13.498 6.486 -2.199 -35.548 -5.664 -2.708 42.918 32.552 29.323 -4.105 -7.510 -54.350 33.027 18.262 48.768 -49.683 -4.121 -46.886
Situatie privind dezechilibrul SEN pentru fiecare interval de decontare din luna Octombrie 2024
1/1