PDF PAGE 1
Data: 15.05.2025
lei/MWh
Interval/Data 01.03.2025 02.03.2025 03.03.2025 04.03.2025 05.03.2025 06.03.2025 07.03.2025 08.03.2025 09.03.2025 10.03.2025 11.03.2025 12.03.2025 13.03.2025 14.03.2025 15.03.2025 16.03.2025 17.03.2025 18.03.2025 19.03.2025 20.03.2025 21.03.2025 22.03.2025 23.03.2025 24.03.2025 25.03.2025 26.03.2025 27.03.2025 28.03.2025 29.03.2025 30.03.2025 31.03.2025
INT001 204.10 276.80 127.07 40.55 930.46 317.92
INT002 470.92 167.79 214.82 846.77 248.41 175.78
INT003 113.19 187.23 805.97 549.00 295.38
INT004 114.94 98.93 40.76 186.45 -2,322.13
INT005 939.56 260.97 94.83 270.66 51.94 550.00 -1,423.22
INT006 744.00 932.39 323.57
INT007 744.00 365.76 881.84 119.74 213.99
INT008 184.43 840.00 744.00 437.93 69.53
INT009 777.45
INT010 932.73 845.11 253.78 924.86 83.45 777.45
INT011 154.34 846.51 887.76 124.84 134.39 4.80 876.03
INT012 840.00 879.54 840.00 135.75 406.14 172.92 440.02 98.35
INT013 884.94 1,011.76 778.63
INT014 164.36 549.00 244.02
INT015 395.94 140.02 355.70 549.00 218.06 313.29
INT016 996.12 191.42 100.77 391.10 549.00 750.00
INT017 482.11 744.00 930.48 549.00
INT018 998.94 987.55 972.30 935.59 90.17 149.61 20.62 36.54 129.92
INT019 953.70 1,265.92 980.21 102.58 263.95 921.10 872.51
INT020 994.39 593.67 147.85 407.43 253.71 133.84 944.56 919.44 798.13
INT021 428.64 868.02 842.25 199.49 450.45
INT022 974.91 530.75 993.16 111.06 396.70 305.50 86.28
INT023 995.96 448.18 905.29 744.00 2.07 549.94 549.66 133.26
INT024 997.28 252.50 550.00 430.06 146.71
INT025 955.55 992.32
INT026 988.09 848.59 340.24 291.49 216.52 102.02
INT027 367.83 840.00 1,004.10 379.17 273.55 88.95 244.49
INT028
INT029 471.48 921.13 1,018.62 1,088.26 2,425.82 136.36
INT030 161.55 323.50 5,999.00 263.60 396.95 91.95 459.68 809.25 984.08
INT031 2,086.68 395.64 471.19 301.46 375.67 405.09
INT032 1,554.26
INT033 1,257.12 998.91 363.21 997.01
INT034 173.44 378.73 374.21
INT035 840.00 265.30 -1,191.43 -654.62 475.45 928.68 1,130.44 628.42 -424.10 35.84
INT036 -2,418.01 1,083.75 608.32 301.15
INT037 439.59 396.73
INT038 680.83 401.40 550.00 188.14 345.14 30.80
INT039 -26.26 625.89 383.44
INT040 754.24 1,167.46 248.08 558.41 3,287.01 359.84 841.46
INT041 -62.76
INT042 368.65 932.92 976.55 491.97 292.09
INT043 399.00 -153.67 -786.97
INT044 260.61 555.70 898.11 309.36 -686.91
INT045 1,079.42 189.31 1,724.81 351.43 506.95 535.45 200.41
INT046 1,372.95 306.71 1,391.44 512.62 332.30 667.22 280.13
INT047 168.11 706.27 776.89 87.21 165.31 298.52 138.52 -1,985.69
INT048 920.72 8.18 404.54 31.24 69.11 71.00 628.51
INT049 258.62 135.16
INT050 353.72 32.44 505.39 -318.52 519.37 605.00
INT051 114.84 115.26 262.47 94.25 605.00 89.09
INT052 138.86 -28.40 333.23 39.16 533.51 204.45 167.81
INT053 -357.11 484.77 -433.26 47.15
INT054 2,342.51 152.65 547.26
INT055 161.73 16.15 400.71 71.12 308.21
INT056 129.42 0.41 20.98
INT057 104.71 472.28 150.85
INT058 277.28
INT059 380.91 22.98 550.00 662.67
INT060 584.04 133.66 14.56 446.59 98.17
INT061 128.64 125.84 83.91 1,504.63 -29.84 220.89
INT062 956.25 202.37 917.77 60.49 176.60
INT063 457.27 46.91 236.19 550.00 988.29
INT064 940.41
INT065 339.56 473.11 484.75 948.96
INT066 401.97 448.32 946.58 465.22 1,055.10 93.61 276.13 285.35 969.37 156.48
INT067 388.63 217.12 385.17 550.00
INT068 986.09 4,087.39 356.51 4,634.11 263.41
INT069 1,817.76
INT070 368.95 530.39 407.89 360.29 351.05 381.17
INT071 395.25 303.88
INT072 1,052.46 345.15 448.10 343.06
INT073 823.37 -2,573.18 1,288.15
INT074 408.56 316.24 1,895.50 1,110.31
INT075 1,552.42 755.21 997.90 992.32 818.79 680.17 1,080.45 704.31
INT076 998.83 1,022.90 1,585.36 684.40
INT077 442.14 1,015.31 650.48 1,048.39 982.50 847.72 -119.96
INT078 1,160.86 390.05 1,415.65 1,340.18 1,135.77 1,251.82 1,503.91
INT079 997.62 1,134.96 1,212.31 557.66
INT080 981.70 995.49 401.31 398.11 1,088.29 1,019.15 298.64
INT081 450.09 1,085.08 353.20
INT082 388.38 1,126.24 137.39 985.27
INT083 520.12 161.18 169.61 429.08
INT084 993.44 997.61 336.50 3,030.94 997.43 2,061.43 550.00 388.62
INT085 271.92 1,349.91 4,955.50
INT086 876.49 497.37 1,044.61 1,081.28
INT087 434.10 840.00 311.16 274.93 164.38 290.63 997.82 351.12
INT088 1,244.10 345.51 848.60 168.89 210.54 852.23
INT089 869.00 297.65 667.51 1,037.59
INT090 1,178.92 756.69 979.59 317.05 337.24
INT091 0.00 339.31 1,141.50 320.14 777.14
INT092 1,517.43 84.27 1,102.86 2,420.93 744.00
INT093 1,267.93 846.67 1,051.78 846.33 666.80 922.54 979.17
INT094 820.91 612.92 840.00 2,281.87 355.14 1,131.76 367.17 840.65 148.74 841.68 875.27
INT095 1,065.24 840.00 155.44 331.16 118.69
INT096 1,028.71 992.80 147.82 376.20 916.18 847.46 1,023.45
Pret final de deficit din luna Martie 2025
1/1