PDF PAGE 1
Data: 14.09.2026
MWh MWh MWh
Interval/Data 01.07.2026 02.07.2026 03.07.2026 04.07.2026 05.07.2026 06.07.2026 07.07.2026 08.07.2026 09.07.2026 10.07.2026 11.07.2026 12.07.2026 13.07.2026 14.07.2026 15.07.2026 16.07.2026 17.07.2026 18.07.2026 19.07.2026 20.07.2026 21.07.2026 22.07.2026 23.07.2026 24.07.2026 25.07.2026 26.07.2026 27.07.2026 28.07.2026 29.07.2026 30.07.2026 31.07.2026
INT001 78.565 -28.975 32.535 5.619 4.027 -27.677 -56.547 -39.598 -14.097 23.694 -24.042 32.115 -7.987 37.640 38.681 13.309 -18.274 -10.499 -17.352 -2.286 11.910 14.800 55.753 -4.251 32.402 7.793 -6.483 -1.060 -12.054 14.782 -27.619
INT002 72.561 -21.334 30.622 -0.230 22.236 -18.258 -48.893 -34.785 -6.646 15.773 -16.967 25.877 -5.486 25.900 37.667 20.196 -19.997 -13.830 -10.312 8.539 15.461 17.152 33.586 -1.766 21.589 12.077 -9.444 0.109 -17.803 0.111 -16.832
INT003 87.092 -39.152 10.066 13.765 33.562 -1.210 -40.982 -18.308 -8.208 -6.018 -30.617 18.812 -15.332 40.642 18.978 26.319 -12.014 -4.088 -4.460 -5.199 27.700 24.117 27.817 2.118 31.726 8.599 -3.356 6.992 -8.311 8.676 -15.731
INT004 48.809 -19.917 3.624 8.779 30.103 3.617 -29.094 -9.788 -13.113 -19.945 -20.644 17.232 -7.205 4.003 30.747 23.238 -2.741 -12.467 10.200 -3.443 30.093 35.698 27.037 2.889 25.120 20.739 -2.326 17.339 -2.260 9.598 -18.574
INT005 55.747 -52.948 7.036 -31.761 37.571 -17.058 -16.955 0.224 1.982 0.516 -24.120 7.705 1.977 19.025 40.030 -0.394 -4.157 -12.284 9.975 -26.121 2.116 -9.177 46.565 -6.797 31.895 16.812 2.467 1.834 -0.699 1.634 -30.454
INT006 37.786 -40.894 -5.586 -45.536 23.007 -12.396 -32.138 11.489 -2.626 21.027 -40.210 3.943 15.339 29.871 34.513 4.102 3.499 -16.383 4.617 -3.805 -7.647 -6.042 34.624 -13.297 30.555 17.787 14.736 14.559 -6.449 5.280 -29.524
INT007 32.973 -40.709 -4.196 -32.805 27.043 -14.827 -23.033 29.407 9.000 16.582 -19.020 -11.939 1.567 28.747 20.970 8.225 -7.828 6.205 -2.384 7.592 -21.197 -20.499 45.367 -11.553 21.510 18.704 17.886 32.661 -11.343 9.610 -19.988
INT008 33.353 -23.562 3.853 -34.397 19.623 -8.009 -10.999 48.784 6.376 31.582 -14.604 -15.115 18.030 31.263 26.192 -7.669 -2.547 6.027 7.054 -8.837 -26.871 -19.410 47.072 -1.751 31.173 40.519 30.726 24.799 5.300 11.597 -12.143
INT009 9.431 -16.506 11.463 -44.416 23.986 -17.446 -10.466 12.653 17.420 36.288 -26.067 -21.130 30.566 20.917 -4.050 -0.525 -21.421 -13.697 15.173 -12.066 -47.416 -26.089 28.365 2.138 49.591 33.746 26.476 12.897 8.353 14.074 -19.224
INT010 -6.452 -29.143 11.300 -33.280 40.679 -12.885 -34.467 33.230 42.909 52.647 -35.331 -26.236 43.947 27.949 6.455 -4.686 -27.026 -19.295 -2.325 -24.745 -52.366 -31.156 26.531 11.075 37.703 35.178 31.522 19.854 -7.256 15.188 -22.313
INT011 6.668 -23.339 14.641 -33.963 48.450 -12.992 -33.769 26.355 47.775 77.524 -37.503 -21.951 49.688 26.055 5.687 -11.047 -12.781 0.342 17.974 -13.292 -46.219 -12.832 3.008 14.654 37.724 28.329 23.301 12.865 -1.982 24.583 -8.134
INT012 9.349 -23.148 35.710 -1.242 57.380 -12.734 -31.116 14.575 58.972 61.812 -31.460 -16.482 40.586 13.258 14.903 -13.472 -18.600 2.356 22.737 -9.521 -29.719 -22.618 -14.530 6.573 42.034 20.658 37.226 7.319 -3.735 15.794 -7.071
INT013 6.710 -36.336 56.858 -14.777 55.479 -15.220 -25.343 8.948 43.112 79.680 -29.662 2.049 21.460 -4.413 9.215 -21.926 -14.051 -19.935 19.899 -12.651 -37.308 -36.121 -8.704 18.203 38.280 31.028 36.253 4.754 3.202 9.164 -15.181
INT014 11.015 -29.720 34.400 11.389 58.829 -10.693 -26.922 6.958 42.845 69.600 -38.087 5.411 23.498 8.964 -1.330 -10.955 -14.143 -25.068 12.919 -15.973 -19.961 -39.055 -21.446 16.721 39.658 35.969 31.701 13.056 -1.780 12.761 -11.248
INT015 16.931 -27.892 8.237 11.518 37.126 -8.670 -28.882 -9.351 59.112 94.248 -45.008 5.281 -8.002 -3.041 0.611 -4.839 -6.315 -30.308 15.045 -9.728 -14.942 -40.066 -32.795 6.851 56.444 35.638 18.278 15.474 -1.376 -3.761 -22.347
INT016 10.407 -13.784 8.005 7.070 35.134 -12.255 -31.534 -6.391 69.573 96.223 -34.725 16.950 -17.240 -7.111 -1.961 7.356 6.738 -18.303 2.691 2.302 -20.844 -29.313 -38.502 -1.790 32.825 31.107 -2.517 23.897 -3.941 -2.526 -1.662
INT017 -8.838 -14.867 -12.215 12.516 32.945 -20.265 -21.127 -13.838 61.467 81.287 -26.812 27.204 -13.915 -8.703 -15.014 4.503 7.059 -18.256 15.971 -0.318 -22.068 -14.671 -53.225 9.205 50.126 37.136 -12.184 52.975 -16.779 1.392 -5.791
INT018 -40.993 -3.215 -17.531 16.664 20.877 -22.254 -28.696 6.718 61.008 81.899 -15.616 36.858 -41.093 5.889 -19.430 -0.558 -3.592 -40.132 4.155 10.053 -7.071 -15.170 -36.142 26.149 37.083 31.853 -27.878 57.114 -21.054 -9.424 -19.727
INT019 -18.603 -3.504 -21.204 22.929 18.640 -34.547 -19.617 -5.292 50.311 77.786 -21.484 20.051 -27.053 12.862 -11.157 0.244 10.073 -27.204 -3.942 5.241 -2.469 -20.736 -17.967 16.734 26.097 26.769 -35.959 42.579 -19.771 -1.127 -13.021
INT020 11.787 16.986 -5.156 18.641 1.049 -46.810 -8.936 -10.882 51.203 71.391 -18.600 34.914 -21.221 2.208 -4.361 1.272 -1.029 -37.071 -11.397 16.791 -10.062 -19.177 -24.483 9.028 19.280 24.017 -32.905 33.576 -10.584 -11.842 -19.678
INT021 4.214 16.534 -30.289 8.877 6.001 -28.015 -25.814 -9.271 58.673 51.969 -26.389 20.925 -7.010 7.566 4.362 -8.762 12.855 -14.288 7.341 20.936 23.072 -3.157 -32.300 -9.288 16.808 1.932 -32.290 14.252 -4.946 -10.186 -6.158
INT022 3.800 11.873 -20.889 6.738 3.186 -24.873 -5.986 -9.982 65.161 33.890 -2.930 15.063 -17.188 12.088 4.617 -20.487 0.684 -9.804 7.612 20.861 25.644 -2.420 -20.091 -15.492 4.351 -13.822 -40.793 -19.311 -8.833 1.203 -16.977
INT023 9.833 13.393 0.113 42.012 0.835 -20.161 -9.269 -12.239 56.865 30.325 6.493 39.440 -29.204 12.722 -7.720 -6.458 -8.085 -8.036 9.653 14.329 52.988 -7.192 -23.182 -17.494 8.671 -11.378 -35.163 -34.706 -8.997 -5.799 -12.322
INT024 17.628 -0.792 2.799 22.982 0.143 -17.023 -6.815 -18.948 24.349 20.623 -1.120 36.067 -10.830 9.195 -6.407 -16.725 -3.154 -1.107 24.761 5.415 64.099 -2.072 -22.569 -11.570 4.892 -8.623 -23.003 -3.585 4.251 -0.523 -1.685
INT025 5.404 -11.017 4.657 27.174 -17.137 -2.192 6.678 -21.407 26.331 19.837 -19.938 26.532 -9.676 -0.606 -5.927 -23.889 -15.699 -16.831 23.165 21.920 21.104 -5.578 -10.668 8.445 5.146 -6.987 -11.102 12.932 0.384 5.973 -15.992
INT026 -18.896 -0.583 13.116 36.556 0.451 1.438 -0.398 -27.397 4.229 4.643 -12.061 19.605 -6.536 -2.280 -11.981 -20.044 -15.571 -4.289 31.396 10.193 27.310 -10.337 -3.955 12.847 1.244 -7.998 -4.851 12.170 -1.708 -1.422 -11.991
INT027 -54.146 -17.322 0.040 42.800 -8.981 4.945 19.393 -24.941 22.327 18.089 -15.090 43.802 3.706 -7.217 -14.472 -35.966 -0.452 -10.749 18.367 26.313 27.079 -16.648 -10.475 13.735 3.503 -5.134 -6.763 13.980 -0.389 4.548 -4.453
INT028 -57.668 -12.212 -10.320 29.419 1.475 32.209 21.415 -11.616 30.007 9.834 0.866 41.363 13.646 -22.321 -28.361 -36.089 5.138 -14.449 12.560 28.789 19.708 -27.803 -13.846 18.398 -3.262 2.931 -9.989 17.333 7.462 -1.052 3.088
INT029 -38.306 9.903 -15.009 14.336 -19.024 27.722 23.521 -12.466 5.601 3.365 -7.711 20.108 13.420 -24.084 -26.260 -32.311 13.235 -19.046 11.642 50.693 30.916 -16.652 2.855 35.444 5.325 -11.391 -2.716 21.582 9.076 -3.023 -22.891
INT030 -45.465 4.209 -15.936 -15.197 -23.209 36.369 34.933 4.493 24.371 27.716 -22.491 8.822 16.127 -34.469 -46.934 -41.007 16.210 -18.115 14.542 24.552 12.462 -17.726 -11.355 43.412 12.227 -6.828 -13.302 -0.680 11.102 -9.246 -7.119
INT031 -44.112 10.181 -30.217 -30.686 -29.650 49.463 32.823 -8.468 13.246 33.389 -17.528 10.558 3.104 -37.634 -35.945 -46.053 15.681 -2.620 28.678 10.192 0.773 -23.559 -22.729 40.987 18.515 -0.451 -27.599 5.819 4.343 -5.233 0.467
INT032 -22.827 14.435 -58.253 -4.512 -23.357 24.597 20.322 10.542 34.783 19.152 -18.681 9.352 -0.186 -24.926 -29.094 -61.465 55.956 -1.843 23.328 -21.216 34.733 -27.881 -1.356 56.980 25.343 15.497 -63.861 19.147 7.851 15.290 -4.066
INT033 8.853 16.546 -47.678 -62.417 -62.783 -5.198 7.766 8.499 6.551 2.952 -53.533 9.910 5.957 -45.887 -47.049 -62.560 19.014 -8.841 -18.850 -15.086 14.998 -51.830 7.595 20.370 16.854 8.819 -71.329 20.560 11.527 2.546 -17.009
INT034 17.996 6.612 -30.191 -58.811 -48.297 3.630 20.170 2.504 31.977 8.323 -57.227 -11.165 -7.175 -10.466 -31.635 -20.291 22.255 -14.553 -14.493 3.650 18.746 -99.624 16.430 68.419 27.359 -6.266 -68.872 41.550 22.673 17.248 -1.674
INT035 30.087 7.028 -43.526 -38.921 -29.140 -3.130 21.783 -15.107 26.498 34.685 -52.552 -14.402 -12.793 25.702 -27.763 -22.419 30.093 -12.905 -3.014 -4.287 27.019 -138.545 4.017 70.107 17.585 1.190 -107.302 32.627 32.872 31.755 3.013
INT036 32.179 -30.409 -26.905 -42.155 -13.504 -3.151 9.601 -1.055 17.467 38.712 -77.909 -6.899 10.044 48.813 -7.650 -19.950 39.827 -8.467 -36.401 9.441 28.841 -175.879 22.298 70.159 41.145 8.597 -107.470 53.986 52.418 36.443 17.647
INT037 20.116 -5.948 -36.662 -49.333 -39.169 -26.555 -13.078 -6.531 34.238 10.724 -68.432 13.178 5.191 45.476 -33.124 -35.265 24.806 -20.264 -79.740 -2.259 33.164 -156.416 3.743 54.501 26.870 -15.855 -66.367 5.437 33.217 29.849 10.369
INT038 4.817 -4.912 -35.073 -54.147 -19.326 -4.751 -7.167 -14.670 62.062 10.415 -41.418 13.813 -25.728 78.138 -18.172 -40.588 36.451 -21.222 -67.898 5.065 33.306 -136.105 34.008 77.486 24.743 -6.204 -65.911 8.175 56.691 30.837 21.558
INT039 6.533 9.608 -84.301 -45.779 -6.240 15.967 -10.097 4.551 70.565 -19.995 -27.459 5.497 -6.549 76.705 -11.762 -44.695 24.760 -11.566 -37.830 10.515 25.331 -133.032 39.153 73.966 55.817 -4.860 -50.808 19.044 60.098 34.788 25.091
INT040 36.121 -0.852 -79.883 -11.498 0.481 25.551 -16.331 -2.711 82.838 3.925 -27.707 -9.225 3.889 103.888 -1.058 -27.740 23.509 5.639 -18.028 27.255 49.748 -115.202 29.380 79.242 47.902 -3.338 -4.461 32.098 70.395 24.675 16.239
INT041 17.985 32.046 -82.508 -20.649 -22.368 -9.185 -38.799 -9.455 57.401 -12.293 -36.711 -15.242 -21.135 73.666 -13.630 -109.201 18.972 -25.730 -6.981 -12.300 41.061 -101.036 23.044 60.480 48.715 -22.828 -67.275 4.387 31.990 71.668 14.309
INT042 11.509 73.037 -66.144 12.665 -3.769 13.862 -26.146 -1.986 75.746 35.116 -17.298 15.048 -14.681 70.302 3.930 -73.613 14.604 -1.372 -13.920 -10.734 49.764 -111.644 28.256 64.355 53.097 -1.508 -61.482 -4.970 42.714 83.824 6.577
INT043 33.963 91.014 -62.885 11.338 -5.857 24.888 -41.440 9.089 98.830 20.701 7.371 -1.691 -34.877 83.935 15.901 -76.844 37.357 -5.870 10.477 -10.307 43.164 -124.721 33.693 68.275 63.251 12.589 -28.201 1.273 41.590 84.595 11.529
INT044 25.217 117.871 -25.419 9.097 21.589 31.728 -29.082 28.075 99.090 41.978 -30.703 15.293 9.772 100.048 8.033 -31.491 56.105 34.319 15.044 -23.878 39.426 -104.594 42.379 90.137 63.701 20.879 28.564 28.531 68.973 93.104 6.029
INT045 28.178 100.348 -40.627 -12.434 26.597 -0.973 -46.610 50.833 26.477 44.434 0.376 18.387 10.520 10.982 -7.141 -45.496 34.252 15.224 14.958 -10.331 23.580 -97.092 41.255 67.768 67.321 35.620 18.016 51.321 21.775 99.058 -8.708
INT046 35.778 108.485 -0.780 13.858 16.989 5.092 -38.192 22.460 15.844 46.644 0.620 27.558 -2.506 42.384 2.617 -25.020 35.914 2.526 11.050 -14.531 27.354 -58.712 34.780 70.527 55.218 43.093 32.754 35.549 46.218 88.812 -4.517
INT047 10.960 67.209 43.417 4.305 9.446 5.928 -33.075 20.377 13.101 46.578 -0.416 25.241 9.897 49.783 9.750 -0.596 48.445 9.931 15.345 -20.834 41.424 -29.828 33.997 77.171 47.886 36.536 39.077 49.295 43.713 67.719 -0.069
INT048 1.913 83.560 69.259 -28.589 -1.125 -20.034 -31.658 27.548 16.693 45.383 21.762 28.633 1.241 51.056 6.792 -4.421 59.880 10.122 8.641 -31.613 55.741 -8.196 61.253 73.086 43.095 19.553 53.367 52.599 37.224 82.809 3.930
INT049 19.851 52.450 88.276 -8.735 -13.721 20.247 -3.870 5.239 34.469 18.463 3.861 22.346 17.607 48.183 14.911 17.192 27.262 6.402 14.786 -21.155 43.471 19.084 63.715 74.056 8.234 20.642 65.233 85.850 65.472 67.344 3.700
INT050 -0.266 70.612 115.589 2.455 -10.587 15.967 -9.385 -27.280 6.025 -9.451 12.879 -0.406 -35.614 66.041 13.077 -6.471 7.917 5.678 20.019 -14.998 42.289 38.465 27.185 51.750 -19.873 18.546 58.584 66.382 70.717 66.001 14.226
INT051 -14.052 73.257 69.818 12.868 -19.766 17.171 -13.816 -11.028 -10.339 -25.433 -11.314 -4.154 -50.012 65.577 28.128 -8.287 18.379 -16.759 -8.549 -17.535 21.699 18.664 -1.686 40.196 -22.006 21.558 21.653 35.727 61.556 45.284 13.961
INT052 -3.332 -3.454 54.870 -5.043 -27.290 12.532 25.034 -8.770 -30.339 -54.818 -1.911 -1.547 -73.131 53.744 24.315 -12.245 -11.779 15.026 -18.726 -1.294 20.421 3.690 41.871 17.705 17.133 25.946 31.868 25.150 42.787 31.167 14.361
INT053 -25.496 -25.058 83.174 10.454 -42.604 1.549 8.020 9.413 -23.218 -13.300 25.447 -5.414 -38.383 15.535 1.903 14.476 -14.412 -3.185 -21.037 7.653 64.397 -18.316 41.867 -14.889 -41.065 33.136 48.394 40.900 36.787 26.894 38.036
INT054 -25.352 1.929 87.722 -10.388 -28.181 25.385 11.589 -6.152 -38.785 -49.100 10.735 -18.936 -5.268 36.667 -3.800 13.024 -9.298 -12.044 -29.007 19.801 68.935 -55.306 -15.467 10.338 -39.601 42.617 55.577 41.386 27.273 29.569 38.220
INT055 16.067 24.939 55.459 0.383 -16.688 25.064 22.777 -1.785 -82.546 -63.767 -2.212 -21.088 4.567 11.462 -30.328 5.331 -7.497 -7.512 -31.439 51.240 54.574 -78.021 -18.994 -17.939 -19.338 41.424 37.860 27.119 17.335 33.264 11.991
INT056 24.171 -3.056 17.428 7.873 -19.163 26.937 -5.257 -0.460 -28.901 -57.115 -16.604 13.275 -7.420 -1.410 -26.711 14.344 -7.278 16.909 -16.062 45.078 54.970 -101.142 -16.126 -60.565 -3.117 27.926 -8.511 37.912 17.683 16.606 29.261
INT057 28.357 40.967 -9.530 -12.523 -24.844 -21.267 -5.398 15.129 19.577 -72.886 -19.509 -1.018 -18.627 3.702 -14.021 5.795 45.823 -5.391 6.106 67.835 53.633 -161.269 -0.727 -7.565 10.078 23.172 1.323 15.215 49.030 -15.863 37.580
INT058 39.150 70.509 -11.881 -24.504 -24.005 -2.464 -14.303 32.497 19.561 -82.158 4.293 0.809 -3.643 22.879 -44.856 -36.032 55.869 -37.323 -3.995 79.683 58.480 -184.386 0.099 9.264 7.827 15.614 21.336 23.512 46.192 -19.296 16.433
INT059 19.493 46.772 -3.276 -22.306 -24.253 21.118 -20.592 3.516 -6.964 -83.061 2.877 0.574 33.195 12.458 -53.936 -37.745 15.712 -44.639 -11.993 107.624 30.652 -178.624 -7.903 14.639 5.234 22.694 6.840 -18.667 39.154 12.507 15.264
INT060 41.243 52.027 -41.764 3.629 -31.431 -4.492 -30.641 2.679 -31.140 -84.935 11.423 8.592 -4.359 0.450 -70.400 -25.349 6.129 -48.523 -24.305 77.700 -11.867 -149.891 29.477 8.469 1.785 22.809 -29.626 -19.567 54.764 20.885 17.860
INT061 51.351 36.776 -75.246 -24.527 -25.466 13.807 -19.245 -35.186 -5.527 -129.599 13.810 3.490 2.114 -3.049 -38.089 -51.258 34.743 -43.503 -40.734 66.456 -6.452 -109.939 35.233 27.038 15.365 25.787 -27.592 7.242 79.508 30.197 3.270
INT062 84.058 18.839 -128.004 -26.589 -56.603 2.700 -27.749 -46.802 -30.247 -80.146 4.579 -12.804 28.584 4.499 -11.823 -58.764 60.207 -66.586 -79.671 55.799 -3.621 -38.027 54.859 39.499 13.430 22.232 -28.633 -10.958 61.780 36.404 5.492
INT063 32.684 12.340 -111.882 6.622 -93.631 2.455 -93.539 -29.100 -7.353 -49.092 13.850 4.018 18.083 -20.508 -54.017 -85.712 43.683 -89.055 -47.799 65.174 6.969 36.899 47.960 16.874 19.993 13.981 -38.627 -25.241 66.715 42.745 3.433
INT064 24.098 18.829 -129.310 21.672 -88.041 -32.926 -80.833 -23.864 18.944 -64.686 -9.270 -17.720 2.237 -47.548 -98.780 -108.394 20.731 -51.327 -41.147 53.125 -72.928 44.767 58.649 -2.609 34.695 24.204 -70.028 -32.362 65.723 29.506 -28.645
INT065 -60.808 31.296 -143.064 26.007 -46.138 7.581 -76.317 0.660 -1.067 -33.464 -19.693 -29.022 31.975 -10.745 -106.146 -62.084 51.919 -38.558 0.091 45.480 -4.208 5.636 44.719 -24.072 24.865 22.862 -85.176 -2.738 63.779 34.044 7.513
INT066 3.817 14.847 -146.905 17.121 -64.211 -40.091 -81.850 6.193 6.631 -1.114 -26.740 -79.501 67.076 -3.530 -121.937 9.889 37.543 -5.762 11.080 53.393 17.646 12.934 33.876 -17.648 32.567 6.439 -97.888 5.937 59.336 31.874 21.138
INT067 -3.894 4.036 -89.794 13.302 -99.456 -32.393 -45.809 42.775 8.998 10.863 -10.842 -93.669 54.552 -32.313 -117.427 44.687 28.988 6.281 -2.023 34.979 1.992 8.938 38.634 -26.607 25.125 -2.472 -78.456 8.870 57.330 35.057 31.923
INT068 -0.198 -23.529 -87.706 -14.491 -58.143 -24.452 -57.691 12.126 -17.900 6.359 -12.768 -97.478 76.702 -0.171 -118.560 20.137 13.475 -0.755 7.922 46.120 -18.430 8.018 0.557 -31.660 8.638 6.926 -51.455 6.808 58.026 4.446 29.846
INT069 22.188 -29.890 -59.081 -8.092 -31.378 32.621 39.947 -12.268 -2.802 -1.495 -21.948 -121.340 35.394 -7.814 -78.827 -29.912 21.383 -15.823 27.842 52.462 0.891 0.920 21.929 -9.555 27.123 23.781 -33.029 17.413 24.544 3.532 48.639
INT070 -11.139 -27.163 -40.379 -0.817 -16.552 6.302 62.612 -14.542 9.470 35.841 -13.424 -119.540 42.405 -5.445 -55.562 -56.060 18.093 -1.433 83.303 58.796 33.070 18.655 16.483 0.023 15.666 26.545 -11.841 26.715 31.627 10.527 62.095
INT071 -41.697 -22.719 -62.763 -8.680 35.272 65.326 78.271 36.090 -1.180 41.158 -4.063 -143.045 30.646 -15.435 -72.230 -51.564 -7.216 -23.954 35.974 75.996 12.297 11.134 18.949 0.512 8.141 29.437 14.273 -1.742 17.140 -0.265 44.904
INT072 -33.385 -21.508 -50.095 -8.136 62.066 -11.136 70.381 -3.066 19.632 66.045 -17.709 -130.432 25.597 -25.014 -89.185 -62.671 -27.163 -10.966 30.549 71.083 -6.801 5.613 14.300 -12.463 -22.241 9.729 11.535 -42.883 19.488 -10.762 20.475
INT073 -31.958 7.266 -4.900 26.134 70.350 54.277 63.401 45.052 32.770 63.168 -2.521 -102.556 36.651 -26.944 -19.379 -49.393 -4.150 11.857 44.006 87.145 0.614 23.695 31.243 -4.108 16.354 20.738 25.662 20.232 -2.136 11.070 54.417
INT074 -40.719 -9.956 -18.539 22.527 72.422 19.449 46.903 96.544 34.698 39.636 -34.643 -82.964 20.867 -28.856 -24.751 -40.863 -32.021 -3.226 59.639 104.785 -37.860 15.091 12.653 28.810 25.646 14.503 30.627 -14.783 7.097 -4.914 53.293
INT075 -43.914 -19.575 -26.737 22.399 66.123 -9.174 29.399 141.979 45.169 38.880 -36.386 -49.451 50.565 -17.608 -17.421 -30.400 -38.206 -18.958 60.445 129.940 -39.273 2.945 -0.261 41.430 14.615 16.663 13.539 -27.910 -4.021 -39.699 38.283
INT076 -25.832 -31.204 -4.359 15.285 65.168 -0.939 4.632 130.365 21.580 2.445 -26.250 -30.095 52.570 -25.977 -28.880 -13.464 -42.079 -42.919 45.505 89.993 -56.848 20.445 -11.349 11.830 6.756 -0.715 -1.194 -19.444 -20.481 -40.282 3.761
INT077 -12.007 -7.717 44.657 20.180 72.030 2.792 26.952 63.227 76.317 14.043 -17.268 9.223 20.603 15.883 -40.809 26.161 -14.368 -25.264 37.618 71.043 -22.292 36.593 38.499 6.478 4.456 -5.205 -8.441 -15.475 -7.071 -11.809 18.888
INT078 -18.725 -19.955 34.884 47.455 62.383 4.197 6.524 66.561 61.234 16.214 -7.418 21.205 41.523 1.918 -39.116 14.774 -19.397 -25.143 33.674 51.418 -1.320 55.606 44.736 35.185 40.168 -10.514 -39.506 -10.978 -19.500 -24.272 7.638
INT079 -11.936 -39.497 11.274 11.537 56.747 -13.550 11.181 18.233 55.695 -9.457 -27.440 23.713 45.176 20.031 -46.144 16.440 -26.411 -19.946 23.273 17.496 -6.195 94.938 36.866 45.050 35.583 -13.722 -39.054 -18.001 -27.859 -41.777 -9.732
INT080 -1.536 -26.605 43.179 6.679 41.295 -28.107 -4.958 2.527 48.924 -12.717 -5.341 45.832 9.773 8.110 -45.180 -6.687 -32.465 -16.029 -1.132 12.812 21.102 92.125 26.127 30.530 29.580 -17.871 -28.172 -20.853 -41.412 -53.680 -20.362
INT081 19.950 -36.888 41.616 24.533 54.109 -6.009 7.670 48.132 36.613 -5.345 19.496 59.891 3.217 62.778 -35.801 24.716 19.150 2.599 -6.304 17.776 6.184 82.695 49.851 47.767 34.544 -17.373 -7.239 -7.951 -8.931 -25.729 -4.414
INT082 36.180 -30.984 43.542 11.917 29.238 -4.754 27.904 51.258 28.303 -23.680 2.044 30.050 -26.583 68.832 -49.182 13.389 56.045 1.265 7.564 19.608 14.100 67.276 34.073 47.878 46.301 -31.376 -12.038 -19.385 -25.578 -20.408 -10.329
INT083 60.163 -12.616 37.716 13.408 37.542 -17.333 -0.991 10.367 12.423 -21.610 13.563 20.568 -15.583 60.207 -28.566 -4.763 15.789 3.812 -0.759 7.433 15.039 62.358 27.507 51.675 39.439 -18.059 -1.809 -19.818 -20.589 -13.349 -18.255
INT084 53.247 3.463 58.166 21.616 53.128 -24.651 -13.382 12.961 -2.151 -27.353 13.427 -0.221 -29.069 75.724 -34.762 19.893 -0.849 -3.833 -15.729 3.178 2.816 38.176 8.654 33.027 38.249 -9.598 -2.598 -29.619 -21.007 -18.928 -25.024
INT085 63.953 -1.928 48.186 42.120 46.409 -14.973 -4.317 7.363 0.798 -21.187 22.849 16.249 -39.298 51.194 -26.537 -22.293 -7.761 10.536 -11.014 1.974 -3.228 36.558 9.010 51.828 40.712 17.159 15.075 -7.159 -18.076 -24.462 -14.183
INT086 54.174 10.195 21.070 49.961 35.260 -11.172 -19.574 10.819 1.864 -25.275 17.573 -9.982 -44.492 67.124 -16.065 -0.122 -12.554 25.308 -9.363 1.658 -18.778 49.402 2.734 55.138 45.252 18.499 10.876 -28.073 -11.932 -33.238 -5.319
INT087 38.116 27.649 34.751 42.852 15.579 -20.189 -15.753 -7.581 11.411 -25.909 16.147 -2.334 -24.811 21.183 -16.112 0.990 -28.265 31.141 -8.949 8.619 -14.801 53.376 3.766 35.349 66.094 19.858 14.143 -28.862 -22.851 -28.204 -0.334
INT088 12.687 45.932 -8.907 40.677 8.498 -23.944 -21.007 2.065 51.495 -15.310 6.300 14.298 -14.385 10.276 -9.525 8.366 -32.970 42.653 -21.370 20.015 -9.722 49.037 -19.366 36.037 43.990 12.083 15.110 -1.304 -25.975 -21.133 5.135
INT089 -21.445 37.532 -79.855 17.764 -14.706 -47.210 -27.618 8.458 80.323 -24.342 12.680 9.952 6.342 -19.662 -6.951 -12.071 -39.772 -5.028 -34.137 18.889 -29.263 32.315 -4.518 30.288 49.043 5.140 -15.485 -22.140 -37.099 -33.491 8.659
INT090 -25.389 63.928 -91.582 35.507 -10.694 -34.979 -23.054 27.627 114.184 -12.248 10.662 -5.858 40.057 8.983 -12.682 -29.943 -39.854 -0.877 -16.845 11.444 -15.537 42.757 4.648 26.366 41.646 10.820 -19.697 -16.055 -11.093 -23.924 15.566
INT091 -53.395 59.108 -78.898 23.226 -11.597 -33.762 -31.167 53.465 79.302 -23.203 22.553 -4.484 21.447 13.239 3.670 -24.068 11.313 8.031 -12.106 16.172 -16.294 67.663 1.699 2.906 42.434 6.382 -7.584 -12.996 -6.279 -21.637 24.649
INT092 -39.968 84.553 -60.051 17.990 0.745 -44.765 -43.580 60.618 111.356 -19.527 30.397 -27.168 55.474 8.274 31.195 -9.041 6.767 8.005 -19.052 13.008 0.894 65.515 3.327 8.993 25.931 -9.497 0.571 -19.707 9.864 -9.016 5.008
INT093 -61.391 76.973 -61.794 -8.133 -19.713 -60.663 -52.003 39.337 57.384 -34.697 21.866 -26.373 18.566 -4.540 3.119 -37.795 2.465 -20.959 -27.176 -7.260 -32.804 74.464 -5.676 -6.695 -4.467 -19.220 -26.956 -14.589 2.272 -11.596 -44.140
INT094 -37.718 76.597 6.721 -5.174 -16.540 -48.275 -46.660 19.096 29.896 -33.371 9.637 -16.736 27.089 6.226 0.306 -31.552 -2.114 -21.340 -14.467 -2.189 -14.059 49.118 4.140 1.426 -4.886 -19.927 -13.880 -9.945 8.177 -8.897 -26.946
INT095 -41.556 82.324 42.267 4.225 -11.525 -33.096 -50.191 28.615 28.490 -40.604 15.478 -17.353 25.903 0.912 3.345 -32.242 -3.108 -25.796 -6.597 1.318 17.608 60.338 3.650 16.267 -3.350 -20.044 -0.960 -14.154 23.165 -20.538 -18.627
INT096 -36.294 65.746 30.989 5.225 -14.047 -39.577 -31.723 27.290 31.370 -30.555 30.609 -10.305 33.366 16.948 23.366 -23.245 14.196 -36.391 -1.636 6.948 18.099 43.183 4.887 30.699 -0.358 -21.317 8.347 -10.971 35.622 -14.845 -23.804
Situatie privind dezechilibrul SEN pentru fiecare interval de decontare din luna Octombrie 2024
1/1