PDF PAGE 1
Data: 21.01.2026
lei/MWh
Interval/Data 01.11.2025 02.11.2025 03.11.2025 04.11.2025 05.11.2025 06.11.2025 07.11.2025 08.11.2025 09.11.2025 10.11.2025 11.11.2025 12.11.2025 13.11.2025 14.11.2025 15.11.2025 16.11.2025 17.11.2025 18.11.2025 19.11.2025 20.11.2025 21.11.2025 22.11.2025 23.11.2025 24.11.2025 25.11.2025 26.11.2025 27.11.2025 28.11.2025 29.11.2025 30.11.2025
INT001 178.40 49.81 -27.29 817.36 -93.63 251.78 -181.54 700.00 781.00 17.25 145.19 48.04 4,263.60 788.57 -7.86 -11.68 241.51 2,030.56 814.98 -703.00 52.08 -595.85 891.11 197.32 1,193.42
INT002 165.82 330.84 -68.94 798.34 97.91 234.32 -440.20 700.00 778.76 796.49 69.31 310.87 268.57 1,317.36 820.33 -94.41 281.11 207.60 1,035.70 802.34 -206.74 77.03 268.01 206.25 3,707.57
INT003 201.83 722.00 1.48 769.14 -25.64 -81.22 -504.86 700.00 2,852.34 924.10 22.72 199.89 182.60 796.24 -14.82 228.17 -159.11 1,526.32 -314.74 68.13 -292.37 8,700.03 245.19 5,974.72
INT004 -233.27 760.50 20.42 789.00 -157.80 227.06 124.53 700.00 3,983.25 796.56 24.59 295.68 404.09 270.15 322.49 799.37 -270.21 -139.99 -2,455.38 788.67 43.07 35.94 722.00 102.85 1,067.02 -37.04 798.31
INT005 -105.57 -108.88 -84.94 104.09 -31.14 108.64 700.00 933.35 108.46 179.15 1,306.66 234.22 50.96 798.84 -1.09 775.79 4,557.94 224.50 -130.17 3,825.46
INT006 335.47 -341.55 142.01 -180.83 156.92 812.09 170.22 700.00 906.46 286.69 314.55 1,032.05 405.00 299.75 799.29 -2.10 1,052.02 722.00 315.47 3,514.48 325.71 214.58 783.24 -203.18 3,378.29
INT007 -8.99 -46.03 103.10 845.12 -30.70 700.00 914.83 182.62 375.65 351.61 328.82 263.48 831.89 27.55 1,026.83 722.00 315.20 6,673.40 150.72 -165.32 692.77 149.11 941.11
INT008 851.99 -265.82 -60.65 676.00 750.00 39.18 810.59 895.74 2.35 333.62 17.17 712.00 769.29 259.03 5,022.38 -185.42 -19.19 220.35 2,348.02 364.59 -106.33 941.15
INT009 1,636.54 37.60 766.00 121.99 750.00 100.48 261.93 799.64 2.69 233.79 345.85 -161.95 712.00 1,143.09 799.82 -117.72 822.27 323.26 -346.56 924.52
INT010 819.60 -373.59 766.00 -86.26 789.56 642.00 836.48 721.85 700.00 225.52 799.97 -58.88 -99.73 332.37 722.00 885.19 799.74 -137.87 650.00 871.97 320.02 17.48 922.97
INT011 799.33 11.24 181.87 82.63 642.00 829.21 799.88 367.24 798.40 -298.25 -179.07 321.78 -1,648.65 685.00 896.06 914.88 -72.24 779.37 873.19 335.97 -4.87 924.54
INT012 786.74 25.09 185.41 112.93 142.41 760.78 203.57 247.98 258.05 1,272.13 -536.35 -439.18 -430.19 676.00 888.92 799.68 -74.38 4,739.70 867.46 45.44 -41.17 966.22
INT013 797.77 193.08 22.55 171.34 20.64 200.78 6,734.53 257.02 189.70 261.22 185.20 -601.57 796.67 194.44 983.80 174.86 -127.37 192.42 2,994.51 854.56 287.13 -98.77 1,028.68
INT014 797.48 171.29 -82.47 -341.17 141.17 4,272.74 261.49 167.73 248.53 223.64 0.79 190.01 767.58 879.57 315.03 -143.41 237.00 2,318.73 1,032.51 35.69 -601.13 1,081.13
INT015 797.00 -193.44 -9.99 -1,071.54 197.07 1,293.66 200.43 186.66 296.10 247.00 1.26 790.00 140.92 650.00 862.97 315.02 -152.93 241.15 2,655.80 2,317.31 39.57 -532.29 1,173.45
INT016 798.61 99.21 16.93 -1,393.90 186.46 4,055.85 197.59 129.87 80.86 354.47 798.21 367.83 -278.15 790.00 308.10 676.00 642.00 920.63 199.39 -224.96 839.95 1,154.45 18.55 137.14 1,016.15
INT017 783.62 151.23 158.49 -3,603.15 145.55 4,638.24 218.68 176.90 118.81 863.99 277.42 3.07 263.31 701.48 642.00 879.30 -1,715.96 965.03 -164.59 205.16 834.67 -377.32 144.51 1,103.89
INT018 177.66 674.00 47.03 3,964.31 183.06 202.76 163.80 157.79 799.43 270.31 126.39 792.31 174.34 2,918.64 711.74 906.01 -3,697.43 1,288.25 -348.79 1,191.56 840.16 -12.46 133.40 1,050.19
INT019 -375.90 33.53 790.17 5,270.45 85.60 272.21 150.32 256.16 799.88 326.77 197.46 2,235.19 705.43 891.69 -1,195.10 4,831.36 -378.69 277.62 901.32 836.18 161.95 -58.97 1,239.71
INT020 201.73 -974.68 -652.90 800.00 22.14 3,516.78 209.92 258.33 81.42 790.00 -216.17 4,808.02 609.00 904.50 -494.92 6,162.22 -660.39 214.21 907.61 842.98 260.13 -151.49 1,350.71
INT021 320.04 -13.84 -91.43 799.63 -47.31 920.63 265.10 298.68 113.18 106.87 228.22 792.88 323.88 247.48 173.03 2,971.67 150.21 924.29 -216.35 4,246.61 -164.89 220.18 904.67 861.55 -542.64 2,664.18
INT022 379.55 733.75 17.39 -51.31 1,301.76 927.17 264.12 323.57 797.88 799.44 792.84 337.63 159.13 315.62 -1.11 1,759.47 925.88 44.62 1,489.08 -147.79 167.25 886.43 861.68 -82.80 1,364.24
INT023 253.72 747.32 33.49 -184.30 1,723.90 203.15 925.65 125.17 231.92 810.00 1,146.04 -337.68 -2,471.07 961.17 1,034.56 17.14 2,589.27 -122.28 895.93 859.64 -103.98
INT024 131.65 647.10 -127.66 -26.19 822.52 93.63 988.75 175.87 -37.63 288.58 798.72 948.40 1,576.91 313.06 2.40 1,738.76 578.00 783.41 7.84 1,331.54 -111.64 898.85 848.68 78.84 -338.70
INT025 -199.12 -952.90 4.70 -916.46 2,070.37 255.00 230.10 -186.01 834.68 799.86 212.06 799.48 -261.76 1,401.90 881.62 180.67 3,965.79 -128.25 942.71 870.88 -1,520.75
INT026 -4,554.36 221.66 2.76 207.27 46.72 1,448.04 297.16 288.33 265.06 332.05 799.95 797.45 216.06 292.69 797.10 -17.66 2,385.36 181.84 210.31 -3,704.37 5,206.60 -161.01 516.93 944.85 940.03 249.52 -1,550.42 -15.32
INT027 -1,264.86 271.82 -69.34 -318.06 1,148.12 37.39 180.87 262.64 799.89 890.39 266.85 231.80 790.51 158.06 1,294.94 223.42 -232.92 4,429.72 -163.36 269.08 1,046.74 1,177.21 -2,905.84 2.49
INT028 -559.79 191.93 29.14 -8.39 1,643.46 -3,986.12 269.54 14.74 1,145.56 2,804.36 -86.78 222.39 3,378.40 -232.91 799.78 108.15 1,419.23 -189.75 1,189.99 894.11 1,416.90 -121.61 0.33
INT029 21.92 236.57 -180.62 245.98 335.59 -3,445.82 335.14 -1,627.17 -1,231.80 1,422.50 66.84 -3,886.49 6,274.01 226.98 -2,381.50 1,055.60 -80.31 308.32 2,186.40 -689.04 -14.03
INT030 6.26 344.68 256.48 2,404.30 -154.94 205.47 -5,044.39 275.09 307.13 245.40 984.76 1,455.61 246.09 1,073.40 -180.45 7,000.76 186.78 277.10 210.11 800.00 -82.46 313.33 840.26 1,030.38 842.49 -284.17 32.67
INT031 -111.62 256.25 799.48 1,354.10 -152.40 -28.36 -1,992.30 1,032.05 4,105.66 168.75 2,223.69 1,510.99 234.81 -1.14 248.76 959.32 -362.56 9.04
INT032 -1,616.57 239.99 167.76 261.47 2,267.58 788.21 928.03 47.73 133.04 242.93 241.17 1,390.86 196.73 117.32 1,159.72 1,084.86 245.26 184.69 832.37 -666.45 201.75 996.92 791.87 -632.61 -14.14
INT033 -1,293.28 797.30 246.86 2,293.56 985.61 -1,212.55 146.43 264.69 337.65 304.30 1,434.70 782.21 156.53 1,523.09 1,994.91 282.62 173.54 800.00 -851.68 199.81 326.54 1,113.23 229.41 -18.92
INT034 -1,236.72 229.13 213.53 6,432.73 1,413.23 18.61 143.64 169.73 1,592.93 239.08 1,068.62 799.71 1,399.56 219.69 107.21 889.59 33.91 361.08 1,140.52 1,053.75 36.92
INT035 -407.06 153.27 92.45 793.40 1,170.27 799.79 -5.95 819.35 140.11 799.90 1,128.14 779.44 207.29 1,054.38 870.16 1,336.79 357.71 886.40 392.00 223.47 1,101.78 863.64 25.15
INT036 -1,178.17 179.69 -263.58 1,190.95 799.41 1.00 798.62 797.56 -551.54 796.15 5.44 1,136.05 908.75 790.00 1,057.71 1,074.58 1,209.51 266.20 217.75 -336.30 1,846.99 309.14 158.58 -29.47 1,098.31 796.62 49.57
INT037 -769.46 19.04 793.89 1,019.43 4,874.42 140.54 -2,876.39 795.18 789.67 162.25 1,164.53 1,127.80 3,427.90 1,038.02 800.00 1,420.34 799.88 220.25 5,921.61 2,493.99 799.98 250.61 2,096.56 231.76 30.99
INT038 -88.41 663.00 1.72 790.79 1,033.28 944.98 1,515.66 1,024.67 312.30 1,730.13 367.35 1,160.91 974.79 1,456.31 886.50 1,178.36 798.99 4,893.48 2,240.50 3,170.05 819.18 4.85 870.78 1,167.56 184.09 33.58
INT039 -10.87 663.00 11.35 795.53 958.60 955.08 796.62 5,109.72 302.24 1,131.03 2,005.48 3,755.90 3,648.80 1,170.35 798.96 880.44 3,438.87 1,086.88 209.53 3,738.20 799.26 1,221.69 168.56 41.87
INT040 25.41 663.00 238.85 799.31 905.94 205.70 257.58 788.59 932.00 4,117.03 247.18 2,411.96 310.23 1,149.35 1,051.95 799.76 2,702.67 4,534.06 1,166.98 777.56 873.77 2,102.82 309.51 1,703.49 996.37 -39.63 24.77
INT041 -150.70 589.81 209.07 839.27 1,520.98 2.36 823.56 952.28 4,843.30 96.45 894.97 5,919.52 1,056.59 966.55 787.90 1,299.61 5,017.36 1,147.78 1,230.10 1,708.51 5,032.29 6,690.68 856.63 802.52 6,350.93 4,912.61 2,247.61
INT042 -807.41 550.00 213.93 903.19 1,356.74 0.10 792.06 4,012.96 957.35 1,513.64 976.35 3,644.94 1,549.55 950.85 1,035.70 1,113.72 1,125.57 1,203.00 1,210.06 5,887.44 7,000.78 6,403.78 718.68 1,499.93 799.20 5,903.10 1,293.28 0.00
INT043 -159.80 196.49 780.99 798.48 334.62 361.65 1,150.40 957.43 1,112.63 888.86 3,977.55 1,069.17 1,235.74 1,040.80 1,030.28 997.96 271.72 1,149.78 1,069.13 7,000.82 8,026.84 728.84 2,702.02 323.17 1,887.61 1,249.65 778.91
INT044 39.21 -853.09 792.29 799.96 330.41 769.97 799.87 957.52 1,768.90 209.26 963.48 1,086.62 1,266.91 949.94 1,070.18 1,086.37 1,204.61 1,090.13 7,000.87 5,329.22 728.84 251.86 988.04 796.16 1,151.77 731.84 754.69
INT045 -233.84 614.36 -1,178.15 646.00 -288.64 802.22 0.00 214.49 1,254.71 1,057.87 262.40 401.00 958.31 1,027.44 1,390.73 1,068.68 1,089.40 1,405.06 1,193.65 945.57 3,141.36 4,112.57 532.33 793.15 794.92 1,213.69 1,808.75 1,729.52
INT046 -175.79 524.00 196.01 696.92 128.30 229.75 401.00 260.96 958.42 2,534.79 -240.12 799.51 2,024.40 1,036.50 1,161.28 1,189.87 967.55 799.13 1,193.65 945.90 2,104.83 1,046.21 -1,944.66 -99.92 298.93 793.86 1,217.79 952.71 799.85
INT047 -127.21 581.47 234.08 799.40 -220.32 318.04 0.00 270.42 950.31 1,701.39 -98.95 970.06 1,139.47 1,031.04 972.26 960.18 908.03 1,300.08 140.87 747.24 1,245.78 1,040.30 1,083.23 -1,644.25 -296.51 889.53 2,888.21 1,219.73 1,015.33 823.28
INT048 -136.85 585.79 603.51 798.80 220.30 788.71 400.72 796.88 952.27 1,085.86 906.37 1,016.76 982.48 968.06 971.28 1,761.72 2,387.39 250.53 735.32 112.51 2,420.05 1,322.60 -1,353.97 271.23 3,324.84 1,218.97 1,045.37 877.95
INT049 -621.48 624.36 218.44 823.25 -18.98 785.24 0.00 315.79 1,392.45 1,378.95 -14.82 6,096.01 916.69 993.92 961.24 977.33 799.52 958.60 2,010.47 1,148.71 3,338.38 1,661.63 -270.32 16.29 798.78 1,003.98 1,178.00 1,077.32 2,247.80
INT050 213.80 638.93 630.39 827.55 109.63 726.42 1,383.73 348.01 1,600.93 1,033.42 -199.87 6,999.43 910.26 799.83 961.76 968.07 798.48 1,930.02 1,539.77 95.08 1,433.68 -388.24 1,011.44 1,003.03 791.72 1,083.78 877.22
INT051 -58.07 579.49 640.77 825.51 137.66 361.47 2,185.57 950.15 1,042.56 788.49 6,999.75 943.16 812.10 961.76 982.33 791.11 3,075.56 1,015.81 -586.81 232.29 1,184.77 2,984.54 5,909.95 1,002.72 1,260.62
INT052 -249.99 801.64 827.91 827.75 -29.28 756.95 1,954.13 1,017.07 1,254.07 0.00 7,001.00 321.58 799.08 961.69 989.66 796.09 1,454.20 1,047.76 -155.89 -94.52 977.08 -2,416.45 12.75 6,836.33 1,135.64 785.85 799.24 2,252.20
INT053 -2,733.74 608.01 2,870.64 742.73 246.50 2,835.53 181.92 1,170.96 1,118.41 0.00 2,726.08 317.31 797.21 944.53 1,097.28 6,708.67 2,494.73 1,123.71 799.78 4.55 797.90 1,642.31 -32.93 3,604.02 1,011.68 799.51 1,466.62 1,472.21
INT054 -3,680.24 549.52 246.16 336.90 733.31 254.85 1,310.77 219.31 1,559.95 1,392.80 909.63 887.49 330.47 798.22 972.10 1,013.60 6,240.61 929.57 1,349.71 784.56 799.13 939.04 23.89 0.50 3,733.78 1,002.76 2,097.15 799.98 1,000.31
INT055 489.88 28.63 613.00 215.68 198.25 2,295.13 1,456.83 3,323.79 860.27 214.21 793.91 1,033.71 1,030.55 1,923.35 920.78 1,109.46 969.02 799.83 956.83 0.10 4,133.10 3,182.16 1,004.42 1,897.70
INT056 253.12 805.91 193.25 675.00 931.23 2,664.49 794.97 98.83 5,815.69 401.00 392.55 799.51 1,030.52 1,025.33 1,386.98 921.34 1,101.79 1,129.68 1,371.93 1,424.55 263.95 1,002.06 1,117.50 799.00 325.98
INT057 -972.36 199.73 215.64 628.31 675.00 -3,643.58 1,380.66 1,908.08 797.12 919.34 1,811.82 846.27 1,527.98 1,921.61 1,216.48 1,188.29 4,078.32 882.33 721.00 965.00 182.43 -1,494.77 1,301.30 1,094.83 840.86 273.55
INT058 -2,784.61 -206.42 263.23 762.08 400.00 940.18 1,339.04 208.48 923.18 373.25 0.60 787.70 1,464.92 1,966.91 1,089.92 2,222.61 1,224.17 1,128.77 763.34 957.22 733.22 274.74 1,518.48 1,092.58 292.50
INT059 184.24 22.09 386.15 190.00 345.94 302.65 1,274.07 2,546.11 279.36 129.54 901.86 0.60 795.02 1,439.28 1,099.72 1,137.21 98.69 1,115.52 4,906.84 779.48 787.50 996.74 -46.40 729.76 1,356.85 1,085.31 1,917.18 290.89 383.59
INT060 1.39 244.15 582.00 707.05 207.67 1,443.46 3,162.79 220.47 963.42 3,625.25 782.23 1,149.35 1,140.43 -4,442.17 1,099.39 2,382.74 721.00 792.94 968.33 2.46 1,413.59 4,217.53 1,068.29 1,663.91 315.04 291.37
INT061 -4,222.32 -468.59 581.44 765.56 664.36 -2,636.58 1,253.35 368.10 -48.27 326.63 0.00 784.07 849.22 -3,243.47 1,256.91 1,471.54 -181.49 790.58 308.86 4,330.11 1,758.12 307.42 317.74
INT062 -4,200.01 586.68 692.63 815.83 218.52 260.11 229.27 265.92 1,213.40 741.13 783.63 244.83 2,800.02 1,461.42 798.64 -1,065.15 358.43 6,219.92 279.84
INT063 -129.84 1,166.34 1,843.31 1,272.69 1,780.05 310.55 320.69 401.00 1,831.74 1,503.32 1,025.85 326.98 -51.76 1,166.24 1,595.36 800.00 2,363.15 -699.12 2,252.22 7,000.63 315.38 1,727.74
INT064 614.85 9,819.02 807.78 1,882.34 2,259.99 732.85 1,171.57 300.34 866.21 327.80 975.09 2,385.01 953.93 176.32 1,091.62 1,513.71 3,068.25 5,666.08 209.22 1,102.59 4,064.60 359.59 254.21
INT065 -790.38 1,005.84 690.72 1,589.36 400.00 400.00 2,751.42 1,250.15 118.09 778.50 1,006.43 1,325.58 4,612.85 1,342.96 2,623.16 316.50 202.58 1,781.98 792.60 316.52
INT066 1,405.42 326.93 1,066.59 580.39 939.33 387.90 344.59 5,700.94 1,103.24 375.03 1,793.20 149.46 6,999.68 1,313.84 896.03 400.00 2,585.01 318.67 280.33 868.68 1,521.60 788.42 317.35
INT067 1,650.26 231.25 320.83 1,007.71 5,387.75 1,580.79 289.34 241.99 2,863.68 1,122.28 1,418.80 389.64 320.77 3,242.33 1,396.91 400.00 318.89 1,572.98 928.48 1,169.01 298.63 1,012.81
INT068 2,448.40 188.61 800.00 6,999.66 1,519.71 0.78 313.82 2,777.05 5,598.21 920.52 2,613.56 6,215.10 62.14 3,762.71 283.27 1,854.64 1,400.74 2,641.85 318.75 -95.86 333.85 2,240.87 1,234.73 1,636.32 233.30
INT069 347.64 269.75 220.99 203.13 796.03 1,407.04 1,788.99 0.93 279.06 1,466.98 3,220.05 1,870.49 6,000.84 6,456.45 1,316.28 3,484.34 1,593.93 -19.81 261.67 273.70 901.07 5,155.71 268.04 281.88
INT070 326.14 293.13 339.14 799.41 2,668.00 379.56 2,122.96 5,659.77 1,628.19 7,001.00 799.62 236.11 1,231.06 2,532.08 1,272.52 400.00 -3,989.25 329.22 330.43 6,460.71 276.70 287.68
INT071 -942.38 254.19 3,645.02 285.36 3,980.53 319.62 245.89 2,473.60 7,001.00 264.30 7,001.00 827.11 230.02 1,541.92 2,947.84 1,026.82 378.99 1,394.51 -3,232.83 291.60 203.53 181.02 1,364.98 -222.11 312.33
INT072 183.31 254.53 218.43 47.34 1,389.85 272.75 2,708.44 0.40 274.78 1,963.86 7,309.08 178.83 5,481.77 205.02 188.35 1,964.03 3,140.96 319.26 -852.52 2.23 181.27 58.02 172.88 187.31 280.53
INT073 207.51 340.33 204.77 1,412.67 2,094.24 1.82 400.00 1,261.56 1,751.92 360.26 1,772.03 3,570.50 986.49 126.92 2,068.40 1,101.91 1,665.01 89.96 3,681.34 0.82 23.15 223.52 316.18 17.90 293.90
INT074 292.87 321.37 15.99 249.66 1,484.24 2,563.47 2.44 335.88 2,118.93 1,231.92 274.40 1,966.15 1,501.27 244.37 285.34 787.21 1,161.62 1,327.23 3,920.34 -309.44 225.98 121.83 102.03 -1,745.23
INT075 190.88 -18.87 206.90 202.87 1,411.69 2,524.91 1.38 203.68 1,249.50 1,257.62 275.87 1,821.80 1,688.60 858.92 350.70 1,206.91 1,272.30 -2,667.99 4,646.61 -190.07 3.85 -594.89
INT076 -237.16 45.45 203.17 107.41 5.56 201.32 1,553.05 1,261.86 261.59 1,560.01 5,045.46 293.64 5,810.17 326.99 722.00 -521.47 5,970.89 187.06 -63.43 92.38 226.80 -28.84 -1,555.34
INT077 214.50 -125.63 251.31 1,271.77 1,077.92 351.86 -1,184.81 1.05 256.81 1,224.68 1,296.18 259.29 1,294.14 285.58 5,999.33 258.28 1,473.74 1,260.00 -651.38 1,122.78 792.73 242.27 49.83 37.55
INT078 180.32 -183.26 218.78 204.16 -147.62 6.67 39.22 2,513.28 1,477.43 247.28 1,875.35 288.55 1,702.57 965.56 1,255.73 -381.12 1,844.28 -1,382.09 167.14 799.94 794.08 -296.04 26.88 1.77
INT079 96.22 201.79 162.40 -366.75 182.51 43.35 -28.99 1,344.87 1,685.42 224.17 1,319.21 307.67 1,534.26 962.98 310.39 4,669.99 -231.67 4,736.76 -343.81 184.17 795.06 283.93 -460.60 52.99 1.17
INT080 1,596.04 226.54 -56.12 -321.95 251.09 6.69 -70.24 1,441.54 1,992.61 1,216.35 275.72 4,388.89 364.44 4,667.76 -27.03 4,994.79 48.50 298.25 778.21 -326.43 29.60 4.12
INT081 798.91 258.93 8.55 -112.75 799.90 -3,613.50 -471.99 158.61 1,176.94 2,229.43 188.21 400.00 1,211.57 166.74 1,805.82 960.53 6,381.65 1,721.18 15.16 799.84 36.40 721.13 174.15 6.74 1.06
INT082 791.69 17.13 0.16 -592.04 317.55 251.71 50.54 -444.86 201.44 4,294.82 175.18 363.98 1,194.01 799.77 2,661.95 315.82 867.89 7,000.91 1,126.31 2.42 4,154.27 141.57 6,345.33 -58.43 1.08
INT083 794.63 -107.89 -31.75 75.29 1,303.12 252.04 15.58 50.86 210.68 5,075.01 273.56 391.49 2,261.18 1,777.41 1,060.84 348.86 289.57 4,140.92 -897.21 1,143.53 3.93 1,060.95 61.48 6,350.34 -118.98 -273.39
INT084 778.93 19.13 -153.01 181.29 -1,333.53 19.42 43.90 5,016.23 297.11 338.19 1,218.88 1,446.82 1,313.38 -100.86 -45.73 1,399.97 1,271.18 -113.48 1,233.37 21.67 1,029.41 148.99 1,418.69 -115.05 -388.03
INT085 141.87 41.53 94.06 195.36 -1,400.45 16.85 1,457.15 6,646.22 276.39 2,149.54 2,756.19 -4.20 16.12 799.29 2,191.57 -59.32 1,098.96 5.35 793.61 119.10 1,775.58 1,073.93 92.20 3.84
INT086 -100.62 32.92 182.22 4.27 191.67 2,076.93 136.06 1,223.78 924.08 1,033.51 98.13 70.88 793.41 2,039.08 -199.00 1,339.00 -2,302.90 319.19 792.36 220.21 2,472.37 1,048.42 86.44 -70.52
INT087 -38.59 45.09 214.18 15.51 108.23 2,665.32 237.69 1,144.09 307.98 1,034.36 -79.19 42.44 799.45 -118.53 1,218.85 -4,298.30 309.48 168.60 161.80 1,197.00 74.81
INT088 -9.55 54.68 10.10 239.43 240.19 172.30 1,119.29 -90.27 263.08 208.75 906.96 97.24 -209.71 85.73 799.20 -1,729.21 -95.46 1,845.92 -124.96 249.29 101.80 101.83 -192.07
INT089 203.28 214.45 247.00 341.65 -351.96 314.51 331.98 5,527.38 5,312.70 4,859.77 196.44 23.50 826.81 -819.75 -489.50 1,609.33 251.12 -158.12 906.38 790.49 -1,223.91
INT090 211.44 253.44 -76.76 178.82 252.56 131.74 252.67 269.71 5,789.32 1,643.05 212.65 243.96 295.97 13.70 849.55 -373.21 -365.79 -252.36 214.08 -63.16 2,781.92 799.05 -860.33
INT091 207.86 254.16 56.29 226.79 304.53 195.64 311.28 169.87 254.04 285.45 1,956.82 3,175.52 234.40 237.65 286.91 11.09 -141.59 -372.02 320.00 -117.27 231.40 -106.17 357.43 795.83 828.02 5.04
INT092 202.99 2.42 207.90 -295.97 -83.61 -282.54 -221.09 -1,671.34 297.85 114.36 1,749.14 71.20 140.29 284.60 -597.61 300.99 -1,271.63 -2,533.81 -3,671.26 -4,539.97 -125.66 -21.31 -228.73 791.54 1,013.65 -140.37
INT093 9.88 168.27 -124.54 -65.63 77.49 1,698.00 798.81 -132.56 796.83 947.43 -509.73 201.63 -1,465.47 -1,934.90 188.08 123.16 980.90 4,918.55 -140.30
INT094 5.47 248.22 276.52 244.48 246.09 794.60 234.78 939.01 1,643.14 -102.98 797.48 750.00 -168.50 285.59 -137.16 -3,572.98 261.73 -3,581.07 -96.40 799.49 2,159.48 5,833.53 0.76
INT095 1.99 -92.93 102.63 -105.97 247.50 -1,462.03 125.25 115.62 1,173.71 2,285.57 959.85 750.00 48.03 -169.94 222.01 314.82 239.84 -1,190.35 76.44 -319.93 1,154.40 798.83 2,117.02 6.65
INT096 41.53 189.60 784.02 153.69 -801.18 228.97 161.36 248.49 799.83 4,773.99 799.87 17.09 -329.78 212.66 831.21 -3,405.02 87.44 -370.78 1,295.85 76.84
Pret Final Unic din luna Noiembrie 2025
1/1