PDF PAGE 1
Data: 12.09.2025
lei/MWh
Interval/Data 01.07.2025 02.07.2025 03.07.2025 04.07.2025 05.07.2025 06.07.2025 07.07.2025 08.07.2025 09.07.2025 10.07.2025 11.07.2025 12.07.2025 13.07.2025 14.07.2025 15.07.2025 16.07.2025 17.07.2025 18.07.2025 19.07.2025 20.07.2025 21.07.2025 22.07.2025 23.07.2025 24.07.2025 25.07.2025 26.07.2025 27.07.2025 28.07.2025 29.07.2025 30.07.2025 31.07.2025
INT001 308.24 699.23 252.16 0.00 -68.35 227.55 358.38
INT002 348.83 105.95 102.03 768.64 486.24
INT003 699.00 699.71 699.00
INT004 220.57 133.54 -1,788.72 87.29 699.00 699.00
INT005 991.35 699.33 57.35 4,606.56 699.91 184.07
INT006 314.47 125.77 699.00 691.22 211.55 699.82 699.85
INT007 287.00 699.00 743.11 699.82 224.57
INT008 110.18 546.00 125.24 699.00 698.36 699.88 699.00 96.43
INT009 363.26 3,538.66 322.43 699.71
INT010 568.72 107.56 42.74 699.00 1,338.50 348.88 686.75
INT011 286.51 136.41 131.54
INT012 246.71 115.70 689.81
INT013 96.51 743.25 1,131.56 799.95
INT014 113.06 546.00 224.49 263.55 402.37 699.76 442.67 697.82 692.86 82.69
INT015 122.39 626.66 96.44 274.21 699.78 598.00 48.49 698.41 688.14
INT016 231.80 226.04 699.00 698.58 699.15 698.97 799.91 46.94 234.25 85.13
INT017 414.99 699.00 55.14 568.00 143.12 698.85 668.32
INT018 395.60 -1,756.72 277.54 699.58 698.82 379.09
INT019 112.34 366.06 200.32 600.44 699.00 431.83 698.84 568.00 394.67 699.03 699.17 133.59
INT020 151.26 608.74 103.02 121.28 699.27 391.91 317.17 698.00
INT021 377.08 510.20 698.90 96.05 696.30 652.84 797.05 181.37 691.85
INT022 413.69 241.28 699.00 693.52 627.06 699.99 699.73
INT023 255.22 698.61 590.73 699.62
INT024 455.29 699.00 203.40 888.76 201.67 511.33 699.00 688.25
INT025 108.08 292.95 499.10 799.19
INT026 385.41 699.00 699.00 697.20 266.45 699.46 698.88 341.23
INT027 364.15 134.87 105.62 122.51 538.24 699.39
INT028 132.96 244.43 703.19 699.00 2,622.43 712.10
INT029 512.57 198.44 190.97 132.75 770.44 225.55
INT030 166.82 351.37 425.30 406.79 166.59
INT031 164.23 235.10 698.96 399.69 699.37 664.70
INT032 399.35 157.94 311.89 382.77 186.09 699.00
INT033 167.73 368.97 698.99 699.55
INT034 3,726.30 143.65 699.35 437.93
INT035 64.13 -681.36 213.36 408.89 228.19 571.24 198.70 413.78
INT036 452.67 108.35 357.78 341.46 157.29
INT037 656.39 466.19
INT038 -592.58 546.00 -337.13 854.72 607.73
INT039 232.58 -809.33
INT040 -1,059.76 546.00 362.92 213.03
INT041 213.02 4,314.04 399.37
INT042
INT043 546.00 464.58 596.04
INT044 -629.32 102.35 -503.82 415.50 322.41 485.79
INT045 184.06 599.93 87.83 223.23 -549.80 310.41
INT046 -53.16 89.19 189.71 529.78 -667.96 843.94
INT047 199.36 89.00 250.68 699.00
INT048 208.49 436.45 343.10 -523.51
INT049 290.81 289.18 -1,156.51 166.68 -4,291.43
INT050 409.53 931.81 85.87
INT051 219.93
INT052 74.38 566.00
INT053 125.55 170.26 31.94 353.82
INT054 253.77
INT055 97.02 600.00 591.54
INT056 464.61 227.61
INT057 444.96
INT058 546.00 446.96
INT059 546.00 195.05 -2,995.26
INT060
INT061 582.78 501.39
INT062 187.23 -223.29
INT063 986.36 86.58 -349.52
INT064 192.14 600.00 467.34 601.02
INT065 48.05 -195.40 202.60 463.85 4.42 2,005.61 565.48 920.41
INT066 370.96 625.23
INT067 225.30 698.98 -726.33 515.44
INT068 218.56 495.44 331.22 429.04 452.26 301.57
INT069 848.61 630.00 196.29 226.89 699.00 -522.96 -1,582.56
INT070 90.47 361.22 381.30 433.27 188.40 204.52 230.95 998.04
INT071 546.00 268.66 153.74 446.75 289.41 405.92 407.26
INT072 4,168.11 371.62 600.26 394.12 1,362.47 140.08 597.41
INT073 -4.70 -112.73 -21.45 182.12 36.29 -440.50 353.04 404.85
INT074 376.83 400.66 320.67 -877.19
INT075 176.19 337.71 494.64
INT076 371.35 361.60 299.60 474.29
INT077 416.70 -67.18 897.30 1,276.88 445.31 153.69
INT078 249.69 995.49 183.28 277.89
INT079 460.18
INT080 699.89 2,649.68 345.45
INT081 273.20 1,300.03 1,566.70
INT082 133.30 2,817.14 346.75 1,199.64 637.89
INT083 188.60 662.19 350.00
INT084 699.97 2,354.75 1,486.99 691.99
INT085 191.47 277.29 205.80 1,457.87
INT086 224.45 1,400.80 313.24 542.75 430.11
INT087 5.06 700.00 567.90 699.64
INT088 354.89 418.28
INT089 174.32 751.02 320.32 26.04
INT090 180.79 870.91 700.00 699.97 274.28 -769.28 700.00 1,092.14
INT091 122.57 700.00 203.47 689.20 349.26 414.64
INT092 203.42 2,487.36 215.87
INT093 298.13 403.23 246.23 1,603.64 699.96 75.83 424.57 699.95
INT094 316.33 700.00 699.97 699.64 699.89 753.21 148.04
INT095 333.73 305.92 306.16 229.04 253.65 236.44 525.12 1,757.90
INT096 169.59 105.12 -525.59 234.29 113.44 161.21 219.71
Pret final de deficit din luna Iulie 2025
1/1