PDF PAGE 1
Data: 11.06.2026
lei/MWh
Interval/Data 01.06.2025 02.06.2025 03.06.2025 04.06.2025 05.06.2025 06.06.2025 07.06.2025 08.06.2025 09.06.2025 10.06.2025 11.06.2025 12.06.2025 13.06.2025 14.06.2025 15.06.2025 16.06.2025 17.06.2025 18.06.2025 19.06.2025 20.06.2025 21.06.2025 22.06.2025 23.06.2025 24.06.2025 25.06.2025 26.06.2025 27.06.2025 28.06.2025 29.06.2025 30.06.2025
INT001 693.90
INT002 404.52 869.08 355.55 279.78 811.60 699.09
INT003 206.45 650.00 650.00 1,180.48 1,270.39
INT004 153.83 168.12 56.66 334.62 699.00 663.61 -76.74 1,388.60 970.15
INT005 243.46 937.31 140.58 109.46 699.63 699.00
INT006 924.26 849.26 694.78 650.00 202.31 698.95 310.69
INT007 74.97 318.17 105.40 152.79 650.00 699.00 202.17 395.48 1,336.42
INT008 84.84 650.00 179.10 360.12 14.27 0.00
INT009 402.69 687.09 579.91 698.97
INT010 76.11 764.56 691.08 -85.96 395.55 699.00 150.44 169.43
INT011 650.00 650.00 914.74 995.95
INT012 901.29 51.80 698.89 253.10 699.00
INT013 466.39 650.00 263.70 102.20 271.06
INT014 650.00 866.89 192.48 396.91
INT015 412.04 676.36 433.73
INT016 851.03 239.72 163.53 645.87 699.49
INT017 679.76 868.60 698.56 698.85
INT018 169.16 698.99 289.04 340.57
INT019 664.02 297.84 78.14
INT020 318.23 231.12 699.00 698.96 686.30
INT021 436.37 319.09 283.67 692.99
INT022 839.95 326.64
INT023 114.18 835.62 430.21 127.48 115.79 699.00
INT024 161.54 37.61 105.94 303.20
INT025 816.47 1,128.49 268.89 143.41 699.77
INT026 108.47 131.33 251.24 767.97 314.88 354.07 707.36
INT027 42.52 248.91 312.27
INT028 336.68 465.36 428.34 232.43
INT029 92.70 158.81 238.90 325.34 222.09 650.00 302.96 269.50 1,641.31
INT030 165.50 344.27 699.09
INT031 426.30 376.10 284.77 378.50
INT032 456.24 169.07 290.12 694.88 104.61
INT033 270.04
INT034 135.42 230.65 729.16 799.27
INT035 696.98 608.56
INT036 -4,273.31 106.21 1,164.27
INT037 101.60 453.36 -530.02 -412.25 -79.85
INT038 582.84 211.46 -1,159.38 -1,329.54
INT039 -1,818.48 -285.27
INT040 0.00 -1,584.49
INT041 524.00
INT042 194.93
INT043 47.56
INT044 446.10 120.71
INT045
INT046
INT047 -271.36 522.83
INT048 12.14 98.54 639.05
INT049 794.83
INT050
INT051
INT052 30.90
INT053
INT054 1,056.36 448.60
INT055 188.05
INT056 696.75 99.96
INT057
INT058 -269.08 153.97
INT059 93.52 137.39
INT060 146.32 154.44
INT061 61.57 1,557.76
INT062 484.86
INT063 222.18
INT064 326.24
INT065 -421.40
INT066 450.00 -168.96 1,100.70 3,835.64 748.31
INT067 184.71 67.73 562.58
INT068 3,120.64 101.11 204.27
INT069 -709.12 -272.15
INT070 546.00 204.09
INT071 629.71 462.39 546.00
INT072 617.71
INT073 496.34 261.23 123.64 -407.77 27.69
INT074 376.28
INT075 359.40 636.04 798.40 442.16 405.04
INT076 23.41 320.91 911.72 619.60
INT077 203.04 164.75 364.88 400.70 -415.80 311.40
INT078 378.51 573.79 650.00 395.12 578.11 390.84 445.64 405.59
INT079 437.67 416.30 2,888.99 441.27
INT080 292.68 374.40 386.02 791.22
INT081 367.90 537.12 870.73 566.01
INT082 767.49 700.71 862.66 334.27 301.16
INT083 383.64 700.00 5,757.90 440.66 345.97 411.63
INT084 6.94 700.00 1,815.15 841.99 941.08
INT085 300.22 779.07 1,775.04 211.49 495.15 395.76 1,087.43
INT086 400.44 198.49 388.59 700.00 700.00 1,154.59
INT087 401.82 734.04 426.11 1,217.90 497.83
INT088 82.83 706.36 699.06
INT089 700.00 160.85
INT090 897.43 -1,102.40 1,367.89 1,111.11 373.02 444.08
INT091 -153.65 106.52 698.67 870.67 294.03
INT092 350.46 1,854.65
INT093 -373.57 660.84
INT094 1,100.43 345.11 795.90
INT095 650.00 1,628.88 680.30 596.47
INT096 14.57 674.78 699.00 699.00 1,416.28 157.31 700.00
Pret final de deficit din luna Iunie 2025
1/1