PDF PAGE 1
Data: 14.03.2025
lei/MWh
Interval/Data 01.01.2025 02.01.2025 03.01.2025 04.01.2025 05.01.2025 06.01.2025 07.01.2025 08.01.2025 09.01.2025 10.01.2025 11.01.2025 12.01.2025 13.01.2025 14.01.2025 15.01.2025 16.01.2025 17.01.2025 18.01.2025 19.01.2025 20.01.2025 21.01.2025 22.01.2025 23.01.2025 24.01.2025 25.01.2025 26.01.2025 27.01.2025 28.01.2025 29.01.2025 30.01.2025 31.01.2025
INT001 1,023.55 2,581.86 923.32 1,419.83 1,048.09 923.13 -24.28 -2.83 -92.24 -65.79 770.15 768.93 742.60 833.81 680.00 1,435.19 144.50 703.92 4,668.44 797.07 6,637.25 557.64 1,039.52 881.06 821.00 177.07
INT002 1,005.03 912.63 891.40 1,697.99 1,056.75 806.38 18.95 -1,014.59 -85.04 -69.36 -23.12 764.97 612.75 739.55 680.00 843.37 131.25 680.00 2,931.87 5,156.62 1,033.43 1,062.35 757.29 708.30 26.08 31.29 -2,516.81
INT003 1,088.15 773.98 1,631.08 1,023.00 1,035.01 -2.48 -4,844.56 -53.27 -43.99 778.74 1,039.57 767.79 677.91 -6.22 643.03 -1,783.65 680.00 1,135.31 990.91 991.84 1,254.96 782.13 71.94 31.89 -4,332.52
INT004 299.00 -67.97 1,060.66 680.00 -24.38 -5,001.00 -4.61 454.77 -66.95 680.00 1,112.52 680.00 701.09 -245.65 678.16 -1,981.97 680.00 1,145.47 80.40 931.20 53.79 700.00 -1,555.92 -17.65 -4,499.00
INT005 731.96 639.00 977.64 1,257.28 974.35 -127.65 -760.85 102.17 -50.37 764.02 680.00 943.92 764.77 3,672.30 218.45 -675.69 1,121.93 710.74 52.11 747.94 714.80 959.46 903.67 -1,032.45
INT006 299.00 722.01 640.22 996.11 963.46 -46.20 -43.14 -103.88 771.23 -7.22 842.51 788.88 685.02 2.02 -1,498.66 98.69 1,366.58 858.48 -3,214.52 892.73 853.41 696.53 -66.10 113.20
INT007 297.98 94.02 63.00 969.45 -100.00 6,223.70 -98.68 679.13 848.42 786.68 680.00 -209.02 163.84 71.91 1,148.19 116.58 996.50 930.83 -2,434.04 711.94 748.62 1.99 774.20 -3,434.59 218.26
INT008 298.76 -31.90 742.47 -4,045.47 378.56 671.13 17.89 849.22 66.87 73.99 129.48 73.39 1,344.27 29.04 700.00 -2,541.78 700.00 749.83 -267.14 683.70 -491.39 71.30
INT009 826.08 680.00 0.19 912.86 -1,399.77 880.75 906.63 692.98 834.29 1,098.95 910.21 -340.27 131.87 120.68 1,088.24 126.14 1,164.24 964.17 -375.18 730.85 -232.23 4,063.93 17.52 698.30
INT010 683.02 -3,099.89 107.82 58.99 921.30 -102.47 -4,000.56 736.35 695.64 762.53 680.00 834.24 879.65 -95.78 -204.06 281.62 20.43 680.00 1,530.89 967.33 891.41 -118.51 932.39 840.75 -311.14 3,327.10 -1,848.56 572.16
INT011 777.39 -5,156.38 231.08 4.58 775.24 4.64 -5,001.00 138.85 680.00 761.44 837.97 842.90 183.63 4.66 167.67 -272.24 637.39 1,586.49 135.12 3,968.10 700.00 -2.09 -1,319.00 4,183.56 -269.12
INT012 290.00 671.39 -6,015.11 112.71 -3,558.29 680.00 -34.36 -5,001.00 142.71 666.78 777.99 76.68 846.31 -58.72 -1.45 54.93 676.23 1,682.59 182.22 912.89 821.06 -75.39 157.91 32.72 -3,019.97 943.62 -398.22
INT013 750.07 -248.60 290.00 4.88 680.44 -29.39 -242.14 184.87 680.00 778.72 92.22 838.04 798.99 94.64 26.01 171.30 -103.14 608.85 1,023.79 994.71 820.27 -33.01 -360.86 1,097.52 -1,147.56 99.67
INT014 801.49 -39.16 25.48 41.21 700.65 -6.99 -15.42 169.99 774.91 176.39 937.10 707.05 115.86 -2,304.29 31.27 -513.24 718.38 984.88 705.73 10.95 925.30 -505.07 190.01 2,570.30 -357.23
INT015 299.00 720.93 -112.59 107.61 17.96 803.58 -118.64 -15.00 678.28 793.19 277.71 939.22 731.25 -2,343.51 -147.66 715.72 995.65 840.00 842.85 57.90 700.00 -328.42 198.53 4,099.92 -846.32 250.05
INT016 280.26 680.00 -182.18 29.99 -934.91 724.93 -15.05 673.67 799.09 30.26 961.63 -111.81 269.76 645.46 849.71 881.44 694.94 840.00 790.74 -1,502.76 700.00 728.27 -46.00 117.03
INT017 298.41 76.17 -105.96 -2,292.35 738.78 51.46 -21.74 680.00 30.17 -28.83 1,877.55 792.51 -137.12 -83.68 301.00 103.25 680.00 1,013.13 700.00 -2,895.75 860.73 789.03 50.23 120.60
INT018 227.93 66.75 675.20 -16.71 774.15 59.18 -5.65 707.70 661.81 -72.60 -7.63 925.11 783.59 -83.77 183.26 93.45 680.00 980.90 646.96 711.88 -70.83 999.78 179.97 698.04 58.28 0.00
INT019 680.00 669.36 -8.21 673.29 12.82 -19.40 743.55 331.98 70.64 1,336.48 69.49 93.07 986.40 927.07 778.68 914.32 22.76 933.98 164.56 786.03 -27.42 -2,231.47
INT020 676.89 804.50 -2,032.63 -26.94 -7.85 679.70 300.00 732.81 30.72 3,091.75 680.00 101.99 888.82 -691.85 905.92 921.15 300.00 904.72 20.09 899.71 -30.63 811.75 140.69 158.62 330.72
INT021 756.37 674.28 -61.51 686.05 67.11 -1.76 -51.81 1.92 80.17 0.96 3.16 2,499.06 680.00 115.74 87.02 919.72 -702.75 727.69 680.00 229.44 -48.89 767.91 -58.66 983.95 -1,142.81 685.61 -29.14 185.38 324.10
INT022 703.23 669.45 -30.99 622.83 145.00 -22.72 -112.26 -18.18 33.58 675.87 114.03 1,038.07 736.60 365.76 62.49 941.72 -599.27 700.63 702.59 -18.89 788.54 -110.47 -18.18 688.46 203.10 206.38 -99.03
INT023 680.00 680.00 -58.64 680.00 145.19 -17.78 -136.65 -8.70 33.01 778.98 111.29 2,476.40 780.56 991.88 99.38 62.32 961.09 1,120.02 201.23 952.40 49.97 -168.74 698.21 201.00 40.45 -1,322.89
INT024 701.84 659.91 -3,777.32 680.00 91.18 -28.00 679.23 -35.52 789.68 86.63 768.06 2,845.62 965.09 874.07 76.11 728.10 -77.61 938.23 960.29 783.44 786.75 -213.73 -2,132.65 -44.54
INT025 707.28 -30.07 -5,001.00 11.01 -25.87 0.89 -3,746.02 94.36 -6.78 -54.56 26.90 1,544.53 203.82 90.44 -3.75 135.83 766.39 -1,830.89 -227.02 104.15 -3,260.44 -3,257.60 64.68 700.00 -262.12 42.37 -1,190.03 -4,254.47 -2,981.13
INT026 680.00 -20.54 -2,883.68 -249.36 -16.07 0.82 -3,493.55 136.50 13.75 1,165.26 680.00 85.65 142.79 609.51 832.20 282.23 -268.04 -13.21 -219.04 700.00 -12.65 1,051.73 -499.97 -1,337.27 -2,253.27
INT027 764.49 146.15 -1,548.50 680.00 -62.50 9.87 -98.77 -125.06 692.00 -4.93 851.03 961.19 1,434.99 -235.88 12.91 614.78 986.87 1,595.23 -3,054.45 -264.72 238.76 700.00 2,004.98 185.01 220.89
INT028 781.93 692.24 -240.31 680.00 8.49 -159.66 805.70 66.32 856.85 785.06 -314.20 592.37 2,336.06 2,347.36 3,770.87 4,265.52 44.04 634.40 5,418.30 4,107.10 1,692.93 1,026.64 -588.72 700.00 1,123.72 5,704.73 917.12 -53.87 450.88
INT029 760.62 97.75 -1,733.70 807.37 -74.09 3.76 16.11 -2,603.86 7.95 -43.23 -14.33 -106.55 126.93 -2,872.54 -1,303.45 89.80 960.18 71.00 -2,792.43 -3,002.95 -4,313.93 87.89 700.00 -1,512.43 1,736.61 -1,201.79 -1,609.40 -3,616.92
INT030 760.62 112.98 -560.36 960.54 -162.01 61.27 692.58 -166.51 311.81 4,725.23 1,071.69 680.00 74.07 785.74 4,275.37 1,221.41 228.81 27.14 149.97 600.00 700.00 207.13 1,324.34 257.85 -101.53
INT031 754.82 108.24 -197.39 1,186.40 -906.13 762.26 108.40 1,174.84 4,293.40 1,050.41 1,338.17 1,306.68 163.55 78.57 680.00 5,557.26 5,667.22 272.15 322.03 905.83 4,158.79 1,260.23 252.03 181.87
INT032 63.92 -478.88 1,350.16 260.43 702.25 2,192.19 2,681.78 463.72 5,999.00 1,075.27 3,381.70 5,023.23 165.35 680.00 4,513.99 4,579.83 1,213.55 318.95 991.21 115.53 5,999.00 5,493.33 282.08 340.00 1,138.92
INT033 719.84 -70.73 -310.33 -33.20 135.25 67.28 -19.60 41.85 -106.79 2,084.41 2,465.24 2,072.45 975.48 -1,878.46 680.00 1,910.42 4,167.14 29.58 -1,509.01 -897.09 1,696.82 1,057.67 230.12 -21.95 143.13
INT034 680.00 7.33 -101.17 12.12 129.48 207.63 216.14 -205.76 689.08 4,991.44 1,487.83 1,419.81 1,274.38 -678.37 707.39 1,842.90 2,026.00 93.35 -1,389.24 108.19 5,463.58 889.47 278.17 -70.72 1,116.28
INT035 108.67 -339.96 680.00 -34.88 4.30 153.67 975.53 272.43 737.23 4,257.73 1,294.36 1,244.77 895.36 922.61 51.71 862.33 1,855.31 1,638.26 1,952.07 114.65 62.68 4,745.27 700.00 369.24 334.31 1,042.56
INT036 54.83 187.91 677.85 -3,897.94 -85.96 153.82 1,000.39 754.67 710.69 1,292.90 1,199.36 1,231.62 934.23 275.89 801.39 2,485.19 1,735.16 2,402.38 318.84 -1,050.13 42.86 3,097.52 -1,094.90 328.67 1,077.59
INT037 86.30 604.77 -187.53 680.00 -139.35 149.24 -96.82 695.22 1,465.61 1,690.11 1,658.21 680.00 1,169.52 229.31 3,186.65 918.92 1,728.30 -188.63 1,529.79 -152.19 -2,533.90 3.23 1,264.53
INT038 34.15 421.60 943.41 346.43 16.55 -223.33 135.47 1,045.61 112.11 301.00 44.51 713.32 1,467.36 2,170.82 2,074.73 1,495.34 227.76 132.46 4,745.55 2,168.55 1,682.06 -386.69 5,716.63 -211.91 140.67 223.74 -29.81 4.73 1,247.50
INT039 -2,286.04 -100.83 1,130.53 1,076.87 -307.28 -617.31 81.42 1,166.50 15.55 301.00 738.40 1,471.35 1,229.19 2,638.92 1,274.08 301.00 3,002.54 1,512.47 -4,048.85 1,270.65 -230.14 188.49 165.85 -2.01 -32.19 1,209.30
INT040 -5,001.00 -309.40 1,240.10 2,900.71 -3,188.86 83.10 -3,407.33 59.02 800.00 2,119.29 1,312.86 1,850.58 -821.33 1,316.20 0.00 1,665.26 -5,001.00 1,279.87 -282.46 325.99 -1,253.97 -16.21 -1.88 -32.58 1,222.32
INT041 -589.01 431.82 5,999.00 1,082.84 -541.43 65.71 -726.50 680.00 785.49 770.39 1,313.51 1,236.46 1,844.82 1,306.33 3,378.17 1,077.70 964.03 1,483.65 1,974.11 3,427.66 990.12 300.00 979.56 -584.97 -385.33 36.56 3,750.34
INT042 -415.39 1,725.02 1,667.55 10.36 18.76 15.58 -0.13 749.56 680.00 1,351.38 1,150.16 2,027.60 268.86 2,339.17 1,113.06 680.00 1,427.63 -706.45 998.65 -2,395.63 -44.47 -1,775.09 1,192.96
INT043 -212.23 103.26 1,105.76 0.26 1,010.14 18.19 -205.56 7.22 -18.62 1,160.34 -227.26 1,266.12 1,433.30 -2,466.56 999.62 114.96 -5,001.00 -63.77 -388.02 -728.16 1,214.40
INT044 -172.00 97.58 1,327.99 -60.36 -1,653.82 1,000.62 -1,736.42 -596.08 -18.29 -74.46 -2,888.28 74.68 -151.77 1,318.30 233.73 889.27 35.51 -443.70 1,848.75 -3,114.24 998.86 176.85 -3,264.81 -30.22 -518.67 -32.95 1,926.55
INT045 -134.85 -228.30 837.75 1,091.21 -2,292.54 920.32 -592.54 -133.53 -253.68 -712.49 94.99 680.00 78.38 800.90 1,247.89 1,735.64 2,327.85 35.00 2,937.33 -2,055.80 2,080.06 727.56 891.88 -1,009.84 -1,716.60 103.10 1,096.32
INT046 -129.11 131.68 726.89 1,015.92 -1,122.59 680.00 -147.38 -204.16 -182.46 -15.19 -20.58 800.00 1,193.87 1,130.98 1,072.58 1,265.98 -2,611.97 990.55 877.21 950.23 -414.81 -1,083.45 -701.92 1,293.28
INT047 -124.74 106.84 725.44 17.29 -169.92 -186.05 -224.84 -584.48 -87.63 -2,696.23 -13,246.25 511.84 98.37 1,211.45 940.31 1,020.97 1,283.39 700.00 870.43 700.00 -649.86 -1,140.70 -556.84 -320.14
INT048 -100.92 36.06 684.55 -1,627.16 -1,957.10 144.37 678.56 -177.21 -146.84 -4,733.46 -3,024.26 -2,846.20 -730.53 -876.03 1,224.71 1,052.01 -1,510.66 1,420.28 -1,565.37 700.00 600.00 20.34 -610.17 -443.85 -2,841.92 -10,600.62
INT049 -29.44 -91.55 -1,493.39 157.35 -245.40 -234.59 -696.43 -3,066.02 -433.05 15.49 670.45 680.00 1,039.60 1,361.00 1,362.06 145.55 1,200.51 -1,777.22 700.00 897.54 104.63 -707.13 -764.34 507.37
INT050 -91.54 -8.34 33.63 -45.12 -2.82 169.58 -321.82 -347.51 -49.00 -127.64 34.18 -272.79 800.00 114.47 680.00 1,039.36 1,036.31 1,495.76 -122.16 1,201.46 -442.45 700.00 600.00 -4,240.98 -384.97 -1,264.75 -6,841.05 702.58
INT051 -593.27 -133.37 680.00 -1,851.85 10.13 0.16 395.04 -319.25 -251.02 -914.21 -366.87 -62.87 -1,039.11 549.77 181.23 1,010.27 978.45 1,065.78 -1,099.98 1,244.05 -644.81 600.00 -4,995.42 -263.84 -927.25 -1,242.98 -4,704.84 665.73
INT052 -647.27 680.00 10.71 -125.83 -5.40 -279.50 -320.06 -167.69 -76.29 -81.28 0.02 -93.80 12.04 156.48 69.52 994.39 2,795.97 1,129.24 -526.60 1,303.41 -358.81 700.00 812.05 -3,257.79 -199.91 -1,649.54 -534.81 -734.35
INT053 2.56 680.00 16.68 -0.38 8.49 192.35 -168.71 -280.17 -279.66 -126.86 -69.26 -1,928.14 171.73 -30.23 894.57 980.81 -193.72 1,242.72 -1,773.07 1,047.05 4,004.78 127.66 -385.94 -620.44 -211.91 -2,324.34 700.00
INT054 14.58 579.35 15.06 -6.55 3.95 -270.29 -336.74 -1,279.71 -304.01 -120.88 678.54 800.00 165.77 -969.59 689.98 1,930.25 720.59 1,241.92 845.98 131.06 -109.65 -158.88 -280.45 -1,087.15 700.00
INT055 13.10 659.32 976.26 13.65 -479.35 -16.62 -360.49 -535.89 -551.34 -181.74 -84.04 115.34 232.39 -1,108.58 2,406.18 0.00 3,794.71 700.00 600.00 65.40 -24.76 158.03 -183.56 -447.90 700.00
INT056 12.25 680.00 946.93 -136.11 -1,326.66 -200.94 666.38 -559.30 -733.53 -872.80 5.75 -124.74 -9.83 105.47 177.19 -915.21 301.00 997.56 305.00 680.00 700.00 600.00 44.52 -119.34 -315.55 -412.36 700.00
INT057 5.53 814.49 18.48 -138.98 5.05 56.85 -354.62 -77.27 8.79 -4.20 -652.03 -678.96 -267.07 36.60 301.00 1,478.44 305.00 680.00 34.09 712.05 -3,064.37 68.81 -2,895.16 -1,175.72 -363.10 -582.00 1,047.68
INT058 -72.94 680.00 985.18 -691.35 -52.99 -11.92 -992.41 -661.38 4.41 -36.79 680.00 -972.21 -1,384.58 -107.80 981.29 -311.59 326.67 888.25 916.00 4,034.49 -891.98 226.00 -1,509.41 -176.68 -472.17 -422.79 1,031.00
INT059 -76.42 997.18 676.93 975.56 -89.37 -559.15 -888.65 74.42 -136.45 -144.59 784.13 -1,101.33 -172.16 301.00 977.23 912.58 998.12 925.54 953.53 -433.43 229.22 -209.16 -136.67 -1,627.44 -531.22 1,022.80
INT060 -123.82 3,616.99 680.00 726.76 -39.48 680.00 -209.54 -454.27 679.66 -461.13 -50.00 1,098.37 -1,220.44 -175.21 1.86 301.00 972.59 889.46 752.34 606.75 978.36 -105.13 204.80 -283.01 -3,818.49 -982.04
INT061 -80.43 10.19 -51.78 -30.10 -2,268.65 -328.46 5.30 -3.69 769.18 -279.41 63.78 -347.54 2.55 214.60 1,925.06 -247.90 169.29 -4,648.85 1,032.56 -1,934.84 3.59 -65.85 -1,037.55 -733.03 -2,186.18 -210.64
INT062 -126.43 941.33 -76.88 -738.66 1,284.62 -100.57 -398.04 -36.22 679.90 696.13 -461.81 2.43 -40.78 301.00 1,316.91 73.85 -5,681.55 3,375.40 -415.72 0.90 -139.79 9.51 -120.08
INT063 -615.24 1,087.83 680.00 939.85 1,020.71 -13.27 687.96 -359.42 -156.66 785.69 723.85 -153.84 -236.37 301.00 1,026.37 101.91 1,725.74 -261.32 6.14 -511.53 -1,113.85 938.23 -174.43
INT064 4,932.79 856.24 1,101.34 996.88 -333.99 680.00 -39.39 -64.88 738.68 680.00 684.17 1,036.00 -72.09 984.27 -579.17 769.80 3,167.89 1,402.18 101.86 100.28 1,155.77 -606.79 -52.46 -1,253.19 3,582.48 -129.04
INT065 -27.10 1,111.21 8.98 35.60 86.75 29.90 7.97 -6.14 56.16 17.87 -235.63 1,694.47 -273.36 -1,880.74 276.09 44.51 146.36 2,362.95 153.25 -609.57 305.09 -4,971.03 2,770.04 -834.76 6.08 -72.64 -144.91 -857.65 -689.62 20.73
INT066 57.30 1,091.61 995.89 1,026.86 16.78 8.41 14.91 153.19 9.71 1,271.60 786.37 -292.74 0.74 233.95 1,051.01 1,535.62 6.32 348.10 -3,729.93 1,190.55 -186.01 94.96 -52.64 -126.03 16.53 315.32
INT067 267.51 1,087.40 1,051.96 1,118.91 1,147.07 23.02 -7.16 9.27 300.75 680.00 40.07 1,096.64 786.60 178.06 889.72 0.94 -141.90 3,956.16 1,766.17 -115.59 333.37 -2,188.11 2,051.60 25.68 31.53 -1,165.58 2.82 210.53 7.45 -83.52
INT068 1,139.03 1,107.56 1,165.91 3,211.38 -0.63 706.56 -125.42 17.73 217.58 882.39 2,528.91 2,245.36 233.99 976.88 -571.11 -1,821.98 5,999.00 1,758.07 -182.81 311.05 -545.62 2,287.42 600.00 -158.32 3,037.78 4.27 315.30 2.88 -134.92
INT069 1.90 1,216.79 1,072.32 903.06 1,740.99 -266.52 -261.88 -35.65 51.74 -15.32 22.52 -4,380.58 -8.73 6.90 -553.81 -691.93 7.62 -2,638.16 -374.97 -2,986.98 -2,891.13 151.61 -3,649.67 -3,146.87 -1,505.98 13.16
INT070 -259.70 1,236.09 989.25 1,197.43 1,402.68 787.11 61.94 -33.30 679.79 187.91 3,582.56 846.57 -367.76 22.21 -686.69 -159.96 1,149.47 -780.43 -1,356.65 37.39 1,093.54 11.88 156.79 -3,067.34 349.76 37.06 1.76
INT071 35.00 1,242.04 1,343.20 3,770.11 1,520.86 901.83 93.62 -253.40 838.72 1,699.75 3,368.59 -1,226.98 2,608.46 2,363.68 256.94 35.90 1,174.66 1,093.23 -122.45 -25.62 333.85 37.57 -171.09
INT072 21.24 1,245.49 2,916.86 5,284.07 1,524.11 186.31 176.97 286.32 945.76 1,141.12 1,758.31 987.43 -1,455.10 3,745.32 2,988.25 -890.74 319.30 205.32 1,456.87 943.33 -272.18 115.31 37.68 -865.03
INT073 27.29 1,391.34 1,187.97 1,276.43 679.55 109.68 25.35 680.00 1,060.42 24.84 2,281.09 277.32 146.20 1,379.33 -12.87 34.83 268.48 160.17 2.52 -60.99
INT074 -191.54 2,201.25 183.29 1,192.15 1,033.70 143.46 20.02 45.46 284.70 1,035.96 248.46 -169.78 318.85 139.63 1,573.60 1,071.68 -167.37 106.31 334.06 209.70 3.49 39.52
INT075 3,552.17 280.69 865.32 85.33 52.61 -21.32 28.11 299.00 289.05 1,170.29 302.00 -77.41 206.02 177.69 1,405.95 798.94 0.43 188.88 302.45 303.49 1.73 35.66
INT076 -207.88 -486.30 272.94 760.53 263.20 123.23 -118.96 49.61 -30.27 66.34 298.61 265.16 277.58 1,221.81 302.00 35.71 271.59 -2,392.17 243.62 1,705.54 -349.53 -52.89 273.92 350.00 2.27 37.51
INT077 23.69 -2,384.88 282.62 851.86 29.03 93.82 162.68 208.39 101.64 680.00 110.96 0.38 269.44 -288.76 198.05 1,601.73 134.98 199.00 -474.15 270.10 152.80 1.42 249.35
INT078 -188.72 -808.73 178.56 1,348.98 -22.35 30.78 10.59 62.25 250.39 147.46 729.47 922.60 151.57 301.00 270.55 92.82 139.52 291.02 214.20 350.00 -99.41 97.20
INT079 -151.18 12.79 118.66 1,292.68 17.41 106.76 5.64 -34.32 125.11 680.00 785.70 292.25 726.57 302.00 177.96 275.74 898.96 164.39 -3,570.38 138.03 310.68 330.89 286.40 262.65 58.96
INT080 -45.29 1,193.39 -84.00 110.80 3.99 70.23 88.26 680.00 862.01 151.99 680.00 138.14 301.00 297.78 184.46 326.55 -4,169.23 65.92 116.82 283.58 298.84 -119.15
INT081 -968.14 680.00 1,392.69 1,268.33 119.66 1,051.28 5.45 787.41 680.00 1,588.86 3,006.53 765.70 770.80 262.45 301.00 299.00 1,873.17 -559.37 949.16 940.06 -278.50
INT082 -342.88 911.26 1,384.58 1,032.31 -3,116.19 1,073.84 7.84 1,163.91 5,209.65 950.77 101.21 48.15 299.00 1,814.87 282.93 140.64 -4,704.13 196.49 256.24 -193.65
INT083 -411.80 1,050.38 1,406.67 -319.66 10.11 96.72 94.96 1,179.95 887.43 -156.45 869.50 104.41 -88.36 -40.16 301.00 127.40 -612.76 -290.95 128.42 245.11 223.30 -32.30
INT084 75.45 -705.55 668.09 2,154.42 -100.52 -2,173.47 -35.71 39.56 38.09 31.74 1,186.01 680.00 31.10 102.25 37.65 141.06 -428.24 -55.18 -28.51 -3,127.74 80.46 92.46 136.84 26.00 116.94 4.20
INT085 1,125.61 1,296.61 1,126.98 -550.55 4.47 5,727.94 801.22 1,109.50 5,805.86 996.81 -51.33 40.39 36.93 3,594.54 66.46 79.28 -253.70 155.56 184.54 229.33 -148.90
INT086 53.31 10.96 1,111.14 1,318.95 37.32 -1,264.32 33.29 4,573.33 775.29 49.18 1,084.76 2,731.68 70.58 71.45 41.88 2,118.63 135.25 -1,326.34 -57.88 -1,837.54 72.82 52.47 155.33 90.81 -469.15
INT087 680.00 -502.30 1,128.04 1,240.06 -2,073.34 -0.96 -3,272.21 -24.63 3,878.39 677.02 78.52 1,538.05 1,056.80 63.91 184.21 101.49 -22.04 -437.16 54.71 -2,936.15 -63.88 -167.72 -37.10 14.87 348.85 151.82 700.00 234.60 -81.17
INT088 -1,112.80 1,118.40 1,118.09 -75.14 -4,921.91 -241.66 -206.12 -220.39 -30.76 -273.95 -3,813.33 17.34 -41.42 -8.93 80.93 -453.60 -5,001.00 -23.01 -60.11 -26.95 -0.89 313.84 43.86 91.32 292.58 -4,117.40
INT089 1,046.03 -538.77 1,083.17 2,825.84 1,164.49 -573.15 -137.19 -144.53 674.49 992.34 966.52 1,054.40 969.68 658.77 680.00 790.79 1,127.88 -1,379.35 2,387.47 848.19 258.99 948.94 1,051.04
INT090 946.61 62.06 1,054.88 1,083.13 168.38 14.45 17.18 -0.53 670.64 -2,763.30 1,139.85 1,247.74 94.99 66.67 -72.87 -498.96 97.47 100.34 558.71 808.01 84.59 196.62 873.34 132.11
INT091 680.00 41.57 1,048.44 1,064.43 -32.55 -1,633.81 -3,806.36 658.89 -3,289.81 3,183.81 729.22 -29.40 -257.37 83.15 84.87 50.55 -4,544.05 -2,159.58 386.42 860.71 -109.23 26.07 -323.04 636.51 178.51
INT092 74.89 1.77 1,023.90 -11.47 -2,378.64 -2,746.73 581.61 -3,236.84 -25.36 -41.02 -2,492.10 -254.56 -4,671.72 -2,881.48 131.52 -1,459.14 77.89 -3,350.93 -4,499.00 -6.11 -3,229.27 -4,057.34 94.59 -307.78 -372.05
INT093 982.96 -53.52 1,093.20 3,698.91 5,029.78 755.96 -293.96 764.57 704.86 1,164.08 665.39 317.11 194.87 1,339.69 3,426.55 -725.14 805.67 1,079.69 902.27 -601.06 -1,212.07 1,051.16 1,014.81 711.82
INT094 984.14 115.93 1,084.62 1,232.48 1,399.71 -324.00 744.71 4.56 685.93 680.00 2,991.13 636.49 174.15 196.24 207.97 660.00 132.55 8.48 -65.87 4,060.34 656.75 54.69 165.31 346.25
INT095 795.27 1,179.66 893.22 987.19 39.82 14.66 -90.02 680.00 787.84 106.55 -266.04 258.81 680.00 210.13 18.79 -613.30 1,118.02 913.64 -168.05 239.56 345.52
INT096 10.56 1,176.91 949.45 695.92 13.58 -29.47 -42.61 24.21 -70.18 385.17 37.96 -201.62 -207.56 -56.31 218.17 680.00 165.59 102.37 7.73 -1,305.57 750.70 916.95 111.17 95.28 -2,603.35 134.60 197.69 291.11
Pret Final Unic din luna Ianuarie 2025
1/1