PDF PAGE 1
Data: 16.03.2026
lei/MWh
Interval/Data 01.01.2026 02.01.2026 03.01.2026 04.01.2026 05.01.2026 06.01.2026 07.01.2026 08.01.2026 09.01.2026 10.01.2026 11.01.2026 12.01.2026 13.01.2026 14.01.2026 15.01.2026 16.01.2026 17.01.2026 18.01.2026 19.01.2026 20.01.2026 21.01.2026 22.01.2026 23.01.2026 24.01.2026 25.01.2026 26.01.2026 27.01.2026 28.01.2026 29.01.2026 30.01.2026 31.01.2026
INT001 883.82 135.66 1,202.15 -537.16 1,225.78 7,469.39 4,455.73 2,453.28 784.61 832.89 -30.61 902.59 -1,469.25 218.84 703.06 1,142.11 966.05 3,765.85 18.96 -537.28 980.32 -1,977.89 62.71 1,518.37 -53.96
INT002 883.29 51.33 3,482.83 7,456.61 789.20 886.98 2,323.17 810.34 -19.92 1,019.78 924.22 981.50 777.01 1,461.42 887.07 55.87 944.91 979.96 -77.80 974.41
INT003 900.70 146.71 255.07 5,897.05 882.84 784.35 1,247.64 1,092.54 192.04 2.03 1,019.05 792.62 248.15 6,327.31 981.39 800.76 0.00 366.26 112.22 987.21 -226.18 974.65
INT004 900.00 593.33 254.44 4,298.18 912.66 921.45 1,012.11 -14.26 -88.87 771.48 194.49 -2,471.06 6,044.49 980.13 974.35 960.04 -916.73 1,279.87 -3,610.52 168.29 974.54 987.49
INT005 858.73 805.23 273.05 945.41 943.61 1,219.36 213.16 -125.21 786.96 8,251.48 1,387.94 967.79 170.53 997.47 -157.01 1,682.47 2,248.10 978.16 -1,631.94 2,049.23 2,771.38 942.45
INT006 902.58 4,519.91 205.08 667.00 137.05 925.85 918.31 1,023.22 364.94 -269.13 918.46 873.09 724.54 9,165.56 1,615.04 953.34 853.60 899.29 307.67 1,111.07 3,488.89 972.88 1,278.35 894.08
INT007 883.46 957.72 236.43 669.52 147.08 925.75 876.46 1,025.47 370.24 -360.44 912.35 1,006.68 745.36 1,725.86 1,085.13 725.00 884.82 810.54 3.38 1,118.36 1,051.12 974.65 987.06 952.75 378.20 879.63
INT008 889.19 550.00 6.22 667.00 30.71 925.18 1,021.22 350.32 -507.17 882.62 1,036.89 706.10 1,115.78 700.00 700.00 901.90 866.03 7.20 1,119.49 968.74 974.97 293.99 1,133.93 874.97 735.75
INT009 877.40 830.69 18.51 633.14 -73.33 368.38 865.87 784.80 -1,324.89 -66.58 895.51 1,030.23 850.67 145.99 1,451.90 967.58 940.17 900.45 1,029.17 5,543.68 2.14 2,173.27 3,093.69 962.92 96.04 5,104.52 248.61 949.36
INT010 953.90 -374.04 633.00 1.10 373.81 877.25 371.85 876.61 272.52 771.06 -735.97 1,199.13 700.00 65.15 1,422.20 2,435.72 951.02 881.87 890.48 1,435.67 -39.41 2,052.92 999.00 963.03 121.72 993.07 1,099.07 994.25
INT011 1,332.00 -724.86 633.00 4.25 336.03 1,062.97 388.24 289.56 791.65 320.51 1,033.88 766.54 -15.45 959.83 1,040.60 954.07 1,580.77 1,609.24 960.22 83.19 1,095.81 1,259.70 962.56 245.29 977.81 2,471.16
INT012 784.65 105.07 633.00 32.91 329.93 226.00 311.18 764.44 314.57 1,053.57 798.46 968.16 947.83 3,279.51 766.04 -51.55 1,168.64 1,120.61 962.10 171.64 980.19 974.92 1,368.05
INT013 1,107.90 743.51 709.36 45.29 398.98 287.75 343.98 782.65 318.26 1,011.01 906.89 1,136.93 1,000.13 1,056.42 869.00 -104.09 1,091.06 3,144.20 991.75 -3,438.80 967.40 709.34 1,055.48
INT014 911.20 634.34 -201.27 636.87 -409.86 394.57 281.73 -105.92 -744.67 364.90 789.58 238.62 355.68 1,738.59 710.80 3,471.96 947.40 956.12 1,334.72 1,671.57 314.58 -64.12 998.93 3,776.24 1,107.39 -6,621.90 1,098.26 700.00 980.41
INT015 914.08 602.27 5.47 614.34 -591.66 381.84 228.90 -109.55 144.12 767.57 354.71 1,261.76 840.37 4,598.39 990.21 700.00 932.39 1,614.52 -82.54 -195.50 1,213.51 950.18 -191.66 974.00 3,625.95
INT016 893.62 550.00 34.99 645.78 -35.32 284.72 164.55 -87.49 221.82 768.13 264.17 247.03 821.13 598.01 1,205.83 1,530.48 700.00 752.97 -572.77 1,416.11 988.53 1,325.45 -106.11 963.10 226.26 977.67
INT017 4,281.21 1,015.84 -224.31 872.76 773.81 113.26 62.36 712.23 177.09 278.67 890.68 735.22 1,606.31 276.91 334.41 1,681.48 2,477.08 -449.25 73.67 1,242.13 906.90 -141.55 245.93 1,959.76 948.44
INT018 899.79 2,254.53 -478.64 872.77 -32.39 1.56 666.21 347.35 207.20 277.72 309.56 780.68 994.74 338.63 2,481.66 1,076.69 -463.17 16.95 1,342.56 198.35 -44.42 1,661.52 160.72 950.80
INT019 838.47 4,042.33 -583.82 872.68 670.00 380.53 -684.10 4.19 355.62 260.90 878.16 874.78 1,804.18 960.30 3,942.09 1,001.90 -403.65 46.91 1,021.90 700.00 253.71 57.74 959.16 945.36
INT020 844.90 6,960.94 -495.18 1,118.59 -359.50 11.79 665.00 348.65 255.58 247.68 797.81 792.57 940.55 977.26 3,619.43 1,442.19 -212.34 15.43 1,006.00 994.30 -36.98 959.13 154.84 947.49
INT021 814.11 196.80 -130.25 221.24 636.00 370.69 19.54 -114.13 320.93 251.00 197.81 312.97 703.25 914.99 1,703.87 340.47 1,054.44 -1,287.12 -3,179.77 30.73 1,026.44 1,683.44 803.17 9.94 1,370.61 221.75 962.92
INT022 815.14 198.20 70.05 195.09 636.00 386.36 216.60 715.25 344.01 225.19 -217.90 797.87 189.90 779.56 942.93 1,011.34 351.24 1,232.75 -310.12 2.33 1,017.96 998.25 -364.36 1,849.24 30.05 1,624.93
INT023 814.25 618.20 254.40 -136.53 399.39 230.66 826.42 287.03 27.85 194.67 876.40 -54.80 795.60 900.32 958.30 969.96 1,488.28 312.77 -319.74 -866.21 997.48 2,190.14 754.77 -471.25 328.85 273.11 135.43 1,324.20
INT024 814.02 194.68 -1,843.70 159.50 371.20 37.32 1,364.79 267.32 284.69 261.03 1,551.37 127.53 970.74 945.20 1,056.14 1,075.40 354.56 19.13 1.29 998.84 1,393.77 708.68 157.84 331.91 704.30 -164.57 1,481.19
INT025 1,084.90 135.11 346.99 -60.66 2,251.04 307.15 189.63 231.35 943.46 926.28 2,352.08 6.66 -1,256.65 -243.22 1,094.52 4,512.62 828.73 -2,585.60 324.07 1,150.90 20.01 700.00
INT026 806.97 741.94 4.84 204.07 393.43 265.41 899.15 313.43 754.58 -49.17 288.44 830.97 779.55 969.51 931.66 903.29 2,056.90 -262.74 997.04 2,624.43 1,009.90 -3,675.90 283.73 983.88 35.89
INT027 980.57 -2,265.28 1,672.48 2.40 135.83 342.74 15.72 3,860.27 358.15 306.26 101.06 262.38 988.13 838.96 1,074.01 927.16 945.81 1,080.05 1,240.72 997.12 1,540.84 1,846.43 89.51 311.33 911.84 -4.30
INT028 1,122.05 853.58 989.55 249.27 371.52 36.34 3,764.20 349.81 106.61 641.96 3,140.75 1,691.34 917.40 1,164.92 1,550.99 2,189.10 7,155.43 3,281.89 1,084.64 988.77 1,933.18 8.84 166.84 1,693.16 -91.89 975.16
INT029 863.00 2,969.00 1,638.02 785.83 -2,337.87 127.02 -40.06 -73.42 329.93 752.10 289.31 3,716.71 2,621.14 -3,457.21 1,295.01 31.11 2,240.77 4,776.32 -1,096.45 994.50 973.10 -323.87 2,879.43 1,001.80
INT030 1,113.63 1,582.57 844.72 784.92 304.11 2.11 26.12 360.20 370.95 166.55 862.67 5.21 2,054.36 3,159.40 316.17 3,222.36 1,016.68 923.80 2,106.48 2,317.24 380.79 978.69 2.78 4,496.30 1,001.29
INT031 1,830.28 980.23 848.56 783.72 303.41 -140.20 28.54 4,311.36 367.22 296.56 827.64 201.34 3,657.10 325.20 3,814.16 985.98 932.34 1,818.54 1,238.14 407.00 707.25 974.18 -248.99 1,157.16 1,367.96 1,001.58
INT032 844.20 849.16 272.46 -501.98 -66.01 6,723.13 333.26 174.52 774.15 200.00 2,406.41 879.89 6,705.31 1,284.69 918.25 4,613.89 1,615.41 1,520.64 407.00 1,314.80 -297.50 1,124.98 984.76 1,003.54
INT033 782.69 959.09 154.76 77.81 -315.97 30.74 7,000.88 377.05 227.17 253.79 5,097.57 750.14 3,699.79 1,138.33 834.78 1,939.92 2,102.95 1,594.10 409.13 473.10 719.12 995.57 200.79 312.42 1,052.02
INT034 149.04 958.46 95.57 301.74 -31.47 3.25 4,493.78 336.80 266.03 749.23 252.78 2,261.17 9,615.96 1,458.06 5,136.08 783.57 1,271.85 1,863.79 4,089.34 407.00 500.00 1,010.87 994.63 297.67 -160.65 360.81 363.26 1,049.57
INT035 -221.99 959.25 235.37 -282.53 377.96 -389.15 0.70 3,485.10 -1,303.32 199.85 700.00 2,077.68 745.81 1,456.18 2,288.80 952.56 3,478.70 1,582.82 3,949.93 2,314.44 1,025.43 995.57 -182.08 317.97 468.45 1,051.29
INT036 -468.95 1,068.86 -415.63 89.70 222.48 1.31 3,062.00 838.23 341.16 700.00 2,090.47 2,458.95 733.70 1,515.46 2,711.64 3,047.36 3,322.46 1,827.57 3,047.71 2,630.75 1,630.58 1,259.93 994.44 815.45 1,023.21 354.09 370.49 1,052.32
INT037 942.42 -282.82 783.98 173.66 1.77 2,912.07 714.58 305.68 700.00 1,250.00 7,558.34 2,449.38 789.23 1,819.01 1,011.69 1,665.55 5,535.47 4,770.34 2,748.04 1,531.57 1,052.86 353.65 127.61 1,089.84
INT038 1,245.71 701.25 701.21 785.00 132.72 -71.17 2,288.21 829.67 249.25 797.25 2,716.44 3,098.78 781.09 2,648.35 2,145.05 1,011.23 4,026.83 1,698.16 6,928.86 6,104.41 1,179.90 1,460.03 1,367.85 32.75 1,088.23
INT039 903.45 1,168.88 724.56 862.09 1,042.33 5.56 1,637.13 1,251.12 883.31 899.97 5,528.41 2,182.27 719.77 1,463.49 1,000.77 4,549.98 1,711.86 5,309.93 1,255.82 1,114.22 1,589.74 3,454.83 301.17 102.81 1,085.12
INT040 599.92 4,388.23 4,308.19 3,413.61 52.23 1,709.53 1,116.53 816.30 907.48 3,934.60 2,043.67 700.00 783.87 1,329.71 1,021.73 1,335.98 -506.95 5,612.32 1,761.87 1,152.20 1,042.41 5,680.56 998.59 204.67 1,085.58
INT041 3,311.82 171.60 5,777.46 786.78 6,176.86 399.69 1,718.92 7,086.83 801.38 3,949.10 1,052.80 337.10 1,699.05 775.00 1,291.07 1,477.12 1,436.47 2,301.28 138.57 5,344.10 7,292.11 157.02 2,146.07 999.09 5,757.00 1,498.20 226.33 9,218.36 220.83 1,144.79
INT042 1,316.68 1,158.64 783.15 7,000.74 747.12 1,738.26 7,499.00 1,532.69 1,341.19 735.36 294.15 1,541.22 700.00 1,388.25 1,176.53 2,773.13 1,685.84 4,275.58 6,277.23 280.02 1,042.37 1,044.90 1,665.63 1,485.57 263.88 1,637.48 22.45 1,893.12
INT043 653.51 832.26 934.16 898.52 1,591.00 784.98 775.30 6,955.30 7,499.00 2,171.21 961.03 2,783.79 886.42 1,497.25 379.04 1,386.90 1,048.24 1,854.97 97.51 4,292.77 3,318.72 337.91 1,158.05 950.11 2,590.70 1,479.02 300.12 1,356.67 -86.21 1,612.30
INT044 623.13 1,122.51 2,583.47 860.34 758.10 2,167.88 2,043.77 4,954.18 961.88 1,460.90 1,523.67 276.27 742.78 1,057.47 1,760.91 5,081.04 2,400.96 256.69 3,201.73 1,352.61 1,407.33 1,140.55 -150.98 1,367.19 -776.34 1,252.71
INT045 595.67 101.24 1,180.08 1,392.09 822.80 2,148.27 1,104.31 1,703.93 2,978.12 1,422.89 1,526.58 1,872.73 400.76 2,916.78 1,030.79 -5,014.68 1,461.00 0.67 3,622.54 2,229.65 1,953.19 1,654.00 4,650.89 1,490.80 1,177.74 291.90 1,362.57 1,167.78
INT046 605.14 875.73 765.06 1,139.26 2,603.55 780.43 2,933.93 1,109.86 1,163.02 1,244.60 737.44 1,059.52 1,449.32 475.00 1,139.45 1,046.12 -3,830.83 1,536.38 -109.79 1,439.56 2,239.96 1,932.21 3,000.34 5,206.32 1,659.89 1,035.28 -250.91 -40.73 1,120.90
INT047 1,074.13 1,457.72 89.09 919.10 1,134.44 1,996.28 899.64 2,172.80 1,108.91 1,156.07 1,081.58 1,618.95 405.67 1,467.55 231.18 1,256.36 1,021.52 665.00 3,492.90 25.15 1,206.13 1,993.33 1,253.62 3,661.66 1,400.88 1,202.20 176.59 1,109.17
INT048 4,750.77 773.56 1,188.52 2,000.52 918.64 1,543.86 355.82 1,336.58 5,394.73 405.05 1,685.22 236.15 1,340.72 1,017.28 631.00 2,010.17 -539.82 1,206.69 1,634.66 1,229.00 6,239.60 1,400.94 1,147.80 -643.68 1,085.24
INT049 -74.04 3,299.43 234.11 6,028.20 1,120.14 4,195.09 1,637.46 1,478.02 373.06 314.94 1,486.17 5,775.95 1,776.80 797.28 227.47 37.89 928.75 1,031.02 1.98 1,141.81 1,004.84 1,188.75 1,155.77 1,375.91 3,738.89 -20.39 958.59 1,050.58
INT050 -140.76 885.07 134.99 1,504.52 1,129.48 2,478.66 1,328.65 1,506.77 777.98 312.70 1,572.79 1,693.44 1,046.97 797.62 268.63 415.40 929.76 631.00 1,031.00 0.60 1,140.92 1,993.33 1,181.79 1,020.93 1,612.35 1,050.85 924.78 1,051.86
INT051 -260.86 1,798.50 667.11 900.96 1,135.16 3,381.69 1,216.77 1,532.87 771.15 345.87 1,408.12 1,453.95 756.77 388.27 -367.45 330.24 894.44 631.00 1,031.02 17.73 2,145.30 399.84 700.00 1,242.57 1,016.24 2,052.68 859.09 65.00 0.10 741.41 1,083.01
INT052 -60.20 866.06 3,976.67 899.30 1,136.66 2,765.10 1,216.54 1,852.49 290.82 350.21 1,213.60 1,292.59 1,001.36 16.17 -1,571.77 153.77 896.83 599.00 1,372.78 15.71 1,444.52 1,533.44 1,097.54 1,016.10 1,556.27 958.40 2.13 0.10 700.00 1,051.77
INT053 20.04 4,540.65 5,868.58 901.33 1,184.07 1,075.10 1,252.47 1,580.85 289.60 352.37 1,491.26 1,253.33 700.00 -3,957.27 155.33 907.61 1,726.69 10,717.93 -164.38 1,168.70 1,600.75 1,127.87 1,583.91 1,288.46 995.09 58.68 1.10 293.45 1,040.63
INT054 -103.85 3,677.75 895.19 906.11 1,527.16 1,065.59 1,251.56 1,500.80 301.18 322.61 1,467.20 405.00 700.00 299.58 -181.13 397.64 877.03 968.41 -2,158.27 56.96 1,381.98 1,239.74 1,231.69 0.00 1,322.35 1,551.19 869.04 17.77 1.10 700.00 1,094.65
INT055 -15.33 811.28 895.42 906.16 2,617.19 1,060.35 1,251.93 1,519.15 256.23 268.16 2,270.83 405.00 798.35 50.01 380.41 1,320.09 938.17 -741.10 -121.86 1,424.82 1,649.14 430.04 0.00 1,297.47 1,514.56 859.72 6.52 999.23 995.82 1,034.40
INT056 -30.22 697.77 890.95 905.95 1,198.09 1,069.44 1,252.05 1,519.49 200.86 305.52 1,566.67 315.91 2,730.42 1,686.76 569.00 895.10 1,192.96 -11.95 -188.65 1,370.59 1,411.05 928.47 1,294.31 1,501.82 200.00 977.16 1,036.87
INT057 -26.09 2,266.68 1,000.65 890.69 1,115.38 1,167.52 919.82 1,583.70 201.79 1,620.46 1,647.85 1,116.98 569.00 879.50 -497.20 3,560.43 3,053.44 1,374.53 1,919.60 974.33 -241.46 389.56 982.36 1,027.73
INT058 881.91 1,930.61 892.38 1,144.18 1,171.22 1,725.87 1,608.73 754.14 1,389.04 262.20 1,871.17 1,198.47 921.97 858.62 -516.32 -6,530.20 2,945.80 3,536.39 1,098.81 1,377.46 949.53 319.21 278.52 1,030.94
INT059 890.51 1,139.49 1,216.82 1,170.67 1,175.95 785.00 1,701.56 200.10 735.45 1,340.53 -74.16 3,994.68 778.15 935.88 1,077.28 1,264.56 1,995.93 700.00 1,445.21 1,379.28 385.20 1,028.85
INT060 888.27 878.91 1,143.05 1,224.48 1,093.70 782.02 2,208.77 200.02 779.34 1,137.75 -373.60 3,589.73 750.44 561.40 665.00 -127.13 1,255.59 2,183.81 576.73 2,292.02 1,630.89 1,379.83 213.35 -214.68 -89.72 1,029.69
INT061 132.21 922.21 2,846.44 906.92 2,050.20 1,061.88 784.74 1,825.85 706.56 1,175.67 3.24 5,800.02 846.88 238.67 -229.55 -612.44 3,283.27 2,753.88 5.43 0.00 1,118.11 1,712.01 -80.37 162.62 1,028.17
INT062 243.29 922.66 4,932.14 1,075.76 116.17 1,065.29 802.37 1,706.05 773.09 1,337.00 6,712.31 1,016.34 690.69 631.00 540.00 1,254.89 2,390.17 -1.30 1,111.01 386.47 -120.84 1,478.00
INT063 922.99 7,000.24 1,535.64 1,103.53 1,225.54 1,850.70 251.00 783.58 1,443.48 5,692.76 1,092.88 749.68 958.08 729.10 1,255.73 2,373.82 -51.96 1,155.62 1,008.36 1,408.55
INT064 754.49 922.32 6,963.75 1,824.25 1,603.79 956.32 1,689.68 -30.56 763.41 1,414.80 -1,454.90 4,362.92 1,138.99 814.89 3,546.44 948.86 10,090.54 1,216.10 2,765.82 -588.50 3,146.36 -591.73 -396.54 1,209.97 1,166.74
INT065 0.00 2,823.81 1,306.50 2,384.20 1,085.05 1,701.14 316.93 1,672.62 405.00 1,877.06 574.63 774.86 1,074.52 6,197.59 1,406.76 2,755.52 1,585.90 -480.62 1,550.88 1,085.70
INT066 1,066.73 803.24 978.04 998.99 1,096.57 1,695.00 736.88 903.54 3,258.50 397.68 950.44 1,169.20 4,375.07 1,748.19 1,273.85 2,149.96 1,408.12 2,677.19 549.46 4,766.02 1,141.73
INT067 956.54 974.41 1,174.41 4,056.87 1,095.42 162.42 1,684.36 668.00 789.60 2,022.60 405.00 3,287.96 2,002.75 7,090.30 1,461.48 1,403.59 4,436.66 1,588.60 2,841.10 690.17 3,905.22 997.63 1,179.46
INT068 3,961.03 1,594.97 1,777.69 -131.14 3,228.08 1,137.47 1,174.25 1,796.68 784.80 3,041.12 148.03 2,166.67 1,719.59 7,616.72 1,428.77 1,542.44 2,224.11 1,540.39 3,064.29 598.03 5,422.70 2,333.32 1,419.02
INT069 599.98 1,155.32 1,449.54 2,134.26 2,072.25 780.47 2,536.54 762.87 1,947.91 5,859.35 1,231.32 1,844.83 -7,645.02 538.60 2,613.78 362.12 8,916.11 1,273.01 109.29 287.33 2,085.82
INT070 729.75 1,214.30 772.50 1,425.57 2,870.62 790.73 792.55 1,463.11 2,285.17 1,068.48 1,854.18 2,129.71 4,160.52 1,640.97 3,075.58 1,923.74 0.00 355.71 2,236.22 315.15 9,999.00 323.97 3,386.48
INT071 655.70 743.95 1,697.45 1,879.84 340.38 816.06 3,684.35 3,054.01 1,844.16 3,907.63 2,363.90 1,550.67 1,877.79 2,095.62 1,808.07 -497.65 398.56 4,067.61 3,375.30 1,789.00 396.53 1,150.76 1,007.16
INT072 -94.47 1,100.03 6,858.12 910.89 2,160.95 241.81 257.16 240.53 2,910.98 2,633.51 1,540.67 3,039.69 3,270.07 1,422.35 2,382.71 1,549.25 315.49 3,488.49 2,131.54 1,989.77 23.75 1,237.66 187.28 6,754.21
INT073 206.58 599.47 -491.61 929.69 6,986.78 2,353.76 700.00 3,355.70 405.00 250.96 346.91 2,993.98 1,823.27 1,316.87 1,636.80 2,007.25 1,672.04 2,249.15 1,355.57 77.08 3,493.26 301.13 1,353.77
INT074 599.00 78.31 1,001.75 7,001.00 4,722.28 783.81 4,344.02 405.00 246.78 369.16 317.20 1,390.45 1,901.83 -2,609.06 1,639.27 1,623.15 2,074.77 1,673.65 407.00 2,113.38 939.08 1,381.99 9.72 2,656.01 314.62 1,204.51
INT075 285.79 981.96 3,759.04 4,990.00 784.87 2,902.62 405.00 261.98 329.91 405.39 3,171.40 2,380.68 1,680.28 1,995.81 1,714.37 411.00 1,095.37 1,722.79 -317.89 1,322.63 3.27 1,204.41
INT076 789.17 4,322.17 2,566.34 2,045.30 388.06 161.78 -223.58 397.42 405.00 2,883.69 1,915.24 1,460.07 1,938.44 2,856.39 1,730.33 408.24 1,095.66 -1,558.55 2,144.50 25.46 1,224.91
INT077 189.99 199.98 355.29 2,044.47 1,128.85 2,750.55 1,026.49 0.40 410.00 396.25 -2,197.66 2,048.85 1,494.29 1,402.42 3,667.09 1,679.96 263.27 5,604.62 263.87 999.79 28.43 1,423.57
INT078 192.05 358.28 1,654.93 1,195.89 2,159.72 315.47 882.68 0.39 406.96 1,266.15 -986.44 2,100.90 1,662.32 1,942.67 2,339.20 1,589.81 277.94 4,570.41 283.73 2,313.29 -216.68 1,437.37
INT079 174.30 1,061.71 3,709.93 1,199.73 2,089.36 5,584.29 -132.29 10,061.44 1,487.29 2,027.20 2,200.15 1,505.67 360.73 3,812.10 1,141.41 251.67 1,560.02 4,321.35 130.35 -229.06 1,194.66
INT080 1,148.66 350.13 4,030.76 2,116.67 2,095.89 1,039.96 -346.57 2,166.61 358.01 405.00 405.00 1,511.46 1,016.53 2,803.81 1,560.88 2,521.69 1,176.09 154.17 1,571.73 1,280.16 694.17 1,207.15
INT081 302.59 379.19 324.86 2,444.73 2,387.31 892.14 986.76 1.26 4,803.19 405.00 405.00 1,611.40 1,138.32 1,929.84 1,669.70 201.68 2,396.53 1,223.58 -57.85 1,710.36 1,242.73 309.62 -49.80 1,685.76
INT082 1,017.95 53.14 316.00 1,481.59 96.23 784.99 1,738.72 1,125.93 1,034.36 1.59 4,289.69 1,894.46 381.53 1,785.39 1,683.25 1,354.49 207.80 1,468.99 2,191.81 345.13 88.01 1,283.64
INT083 1,002.95 16.30 167.68 1,417.80 268.83 1,210.23 1,868.28 1,331.99 1,176.61 -164.79 8,096.75 1,788.41 42.89 404.55 998.82 1,883.19 1,436.49 1,503.31 1,160.10 -41.35 1,748.87 1,241.95 333.71 78.02 1,019.95
INT084 1,056.71 12.32 210.79 1,321.50 -93.32 1,557.52 2,031.21 884.89 77.51 4,436.81 2,019.19 309.17 327.48 405.00 1,959.46 2,436.32 1,042.78 106.40 802.19 -70.46 19.44
INT085 486.56 2,377.43 38.85 2.44 1,517.98 135.81 4,886.42 1,244.61 405.00 791.97 38.44 3,939.65 1,523.29 1,977.81 358.12 2,212.87 2,096.42 358.17 991.53 1,680.07 575.65 248.60 1,028.16
INT086 4,628.57 1,165.37 3.15 -45.54 1,189.96 173.52 4,125.56 1,321.29 272.27 65.24 2,791.09 762.86 1,216.61 780.82 278.16 1,765.33 2,487.85 1,324.27 1,116.09 403.72 1,485.75 -90.91 350.12 986.02
INT087 697.30 1,233.06 332.38 -807.22 1,140.58 -224.97 1,459.88 1,277.00 350.08 9.66 1,904.46 2,976.20 312.04 799.43 344.02 2,226.36 229.02 700.00 700.00 244.93 157.85 97.61 498.68
INT088 1,023.40 217.25 1,170.73 -599.67 974.76 1,444.78 319.26 218.67 -18.74 2,110.87 1,667.51 39.77 793.27 356.63 266.23 -1,556.18 73.77 206.12
INT089 3,271.11 255.97 10,579.09 2,355.08 175.25 3,135.78 1,315.48 335.62 253.67 34.97 2,069.82 5,517.39 742.25 821.13 309.37 1,263.98 2,504.42 294.43 3,398.97 -987.47 1,358.10 2.72 288.17 1,038.10 998.01
INT090 4,741.04 366.67 1,365.59 1,249.13 6.59 917.22 1,314.05 367.69 272.90 69.96 1,243.79 0.00 797.44 3,146.20 247.38 752.73 1,104.26 1,709.99 406.00 2,579.70 2,270.66 59.22 342.67 934.14
INT091 3,271.39 -207.06 4,525.21 1,071.42 3.85 1,103.01 1,511.63 228.57 73.11 2,126.04 1,286.88 305.43 218.94 788.78 1,364.52 2,088.24 404.93 992.49 21.46
INT092 1,142.08 39.93 2,675.90 -445.13 921.70 -78.73 60.82 947.37 1,351.06 1,619.70 1,454.03 2,389.99 -131.53 264.65 1,897.02 -1,519.16 -193.89 991.07 774.75
INT093 1,179.20 -6.03 321.16 1,192.74 940.33 -76.27 870.00 47.49 1,055.97 665.00 714.00 1,263.13 1,512.02 -129.84 700.00 6,113.32 -55.22 1,113.52 -4.80 1,656.33
INT094 945.53 -172.88 1,036.98 0.00 798.75 1,949.20 -483.35 4,059.21 21.79 1,177.88 766.60 375.44 780.82 665.00 1,183.74 848.15 947.65 914.94 6,910.28 203.26 269.37 199.14 1,283.26 4,047.74
INT095 920.40 5,477.31 0.00 1,049.74 3,940.26 -1,346.24 272.09 811.79 2,079.81 665.00 858.31 354.67 264.30 312.45 1,519.41 1,012.91 230.40 205.98 127.82 3,935.41 4,136.32
INT096 102.35 918.91 -775.94 783.95 4,513.26 0.00 821.96 242.34 796.06 -611.20 732.55 -464.45 794.35 994.03 665.00 -386.10 -19.81 -737.88 883.82 1,015.76 -1,774.50 279.35 -521.58 4,283.47 978.44 6,273.11
Pret Final Unic din luna Ianuarie 2026
1/1