PDF PAGE 1
Data: 12.02.2026
lei/MWh
Interval/Data 01.02.2025 02.02.2025 03.02.2025 04.02.2025 05.02.2025 06.02.2025 07.02.2025 08.02.2025 09.02.2025 10.02.2025 11.02.2025 12.02.2025 13.02.2025 14.02.2025 15.02.2025 16.02.2025 17.02.2025 18.02.2025 19.02.2025 20.02.2025 21.02.2025 22.02.2025 23.02.2025 24.02.2025 25.02.2025 26.02.2025 27.02.2025 28.02.2025
INT001 5,642.83 1,036.04 1,107.37 690.73 851.67 951.89 690.52 5,363.09 1,080.04 1,112.54 3,836.21 3,757.12 -1,036.93 1,033.72 899.96 898.96 1,146.44 1,216.04 1,154.62 6,887.98 8,064.48 347.19 5,577.01 999.76 1,106.36
INT002 2,011.07 960.12 1,044.07 700.00 799.00 655.12 2,825.88 296.61 1,266.16 901.56 1,034.78 998.65 340.35 894.64 899.34 838.20 1,160.30 1,190.46 1,168.11 7,000.00 4,221.19 261.91 1,168.33 998.62 234.77
INT003 965.72 960.70 700.00 1,010.40 131.86 764.13 3,472.94 207.13 1,848.16 1,003.10 3,633.30 319.15 964.02 896.11 1,123.15 1,255.36 1,174.66 3,221.48 2,394.18 -1,027.76 1,230.09 999.55 -582.36
INT004 1,426.11 101.10 901.17 775.18 152.42 742.86 997.95 69.65 1,939.03 983.73 987.30 228.09 1,020.91 1,121.63 1,281.03 1,174.80 1,120.43 898.44 -608.37 4,844.99 218.06
INT005 1,096.81 121.68 2,650.05 250.20 1,023.50 170.85 886.98 1,189.79 1,034.52 1,139.62 3,057.75 1,239.80 1,043.25 1,061.76 350.17 919.72 1,216.49 976.39 2,853.44 1,129.93 2,433.75 4,320.31 998.89 307.39
INT006 999.99 -1,230.17 821.71 197.46 1,025.10 -157.56 977.40 948.71 1,041.13 1,124.49 1,183.38 1,034.75 1,096.72 1,020.44 286.56 932.94 1,106.72 994.31 1,890.71 1,291.22 3,804.43 208.87 923.30 965.54 -1,866.83
INT007 -335.07 700.00 78.47 1,079.56 88.53 904.80 943.64 701.36 1,082.82 899.98 235.38 873.63 1,108.82 1,083.00 1,125.36 1,155.61 898.49 211.80 1,147.03 998.85 362.26 -3,530.65
INT008 952.98 -1,893.62 700.00 -98.40 1,061.57 4.86 839.68 266.63 530.02 999.87 864.89 225.46 996.92 284.64 853.81 1,133.50 1,364.61 1,126.22 1,138.56 1,049.03 207.92 1,205.10 1,016.58 282.64 -413.03
INT009 970.84 -307.33 904.77 199.38 1,001.04 4,007.51 973.49 994.29 1,326.93 999.03 5,503.49 1,161.03 1,058.30 360.34 1,101.62 2,167.82 1,718.38 3,149.09 3,395.88 301.74 3,222.48 1,135.46 273.77 279.85
INT010 1,036.63 -2,011.54 840.71 104.09 999.98 981.28 884.66 994.90 1,006.01 2,909.98 1,000.00 296.08 981.61 267.69 894.66 1,105.42 1,265.25 1,404.45 1,535.73 1,607.21 260.00 2,134.82 999.94 241.53
INT011 -155.01 987.18 -16.96 999.69 943.85 884.66 999.14 1,016.42 2,996.32 1,119.52 322.58 1,091.24 302.26 889.81 1,073.52 1,371.25 1,109.22 2,949.54 -91.72 1,123.78 999.76 842.77 -3,087.36
INT012 907.98 26.29 898.91 -437.01 1,562.50 135.57 799.00 1,017.28 298.82 871.55 1,371.63 1,106.12 261.82 1,074.85 288.18 251.86 1,056.01 840.00 1,198.59 1,107.92 2,764.39 151.50 1,160.65 997.46 843.84 -427.13
INT013 1,038.06 183.52 936.37 996.51 357.80 954.64 1,033.14 999.83 1,004.06 998.90 1,310.31 1,073.59 202.18 1,062.35 360.36 147.37 2,725.67 871.08 1,041.14 1,079.36 1,035.97 292.88 1,082.72 999.93 840.35 325.13
INT014 996.84 146.00 1,275.02 991.09 325.13 967.65 979.18 981.67 1,000.53 999.88 956.93 1,220.42 1,079.34 209.11 1,047.97 355.86 1,104.31 899.08 1,034.49 1,086.50 915.64 367.91 1,083.51 994.88 844.13 -292.76
INT015 202.52 756.98 999.71 320.82 799.00 1,067.73 1,009.61 1,004.32 990.79 999.15 1,144.57 1,087.83 204.96 1,043.61 336.98 302.05 1,079.52 897.90 1,038.36 1,088.59 3,634.88 370.95 1,079.34 1,264.14 860.14 -215.16
INT016 1,037.21 211.76 799.00 999.03 799.00 2,293.74 997.40 1,000.24 1,009.14 1,147.91 1,025.65 114.99 1,039.59 1,073.70 844.88 1,041.59 1,090.48 919.62 195.83 1,097.86 999.24 872.48 -132.35
INT017 1,039.56 203.07 4,675.31 883.13 971.27 1,019.95 982.08 1,019.59 998.34 1,128.07 1,063.63 300.80 1,129.77 948.36 2,277.86 1,058.12 2,575.62 272.02 1,132.52 1,815.36 856.60 261.49
INT018 1,037.21 242.42 713.15 999.27 346.98 960.30 999.94 982.59 998.99 908.82 1,139.64 995.09 -142.44 1,019.82 1,096.87 860.28 1,060.54 1,058.96 1,082.84 366.76 1,096.04 999.89 858.77 360.63
INT019 1,014.01 226.74 2,823.48 -900.10 901.08 995.10 984.43 956.14 1,130.56 1,011.11 -187.95 1,059.88 897.74 729.31 1,106.02 1,020.11 1,045.13 1,058.92 897.66 342.31 1,098.41 1,000.00 981.06 366.47
INT020 1,003.48 217.94 4,886.78 -2,596.90 811.30 903.12 958.27 983.01 994.38 1,093.77 1,127.11 1,020.77 43.26 1,038.18 897.47 897.37 1,066.74 1,020.59 1,036.74 1,050.83 896.28 -2,914.12 1,100.47 1,155.34 984.59 353.33
INT021 1,262.38 171.40 2.04 1,018.24 -779.12 188.19 926.36 1,008.88 983.77 1,088.35 1,040.27 1,145.28 1,277.65 896.00 1,208.83 1,065.40 1,105.73 155.41 -797.89 2,022.42 1,000.00 933.53 323.24
INT022 1,921.83 -1,474.90 1,022.72 78.81 257.61 894.99 1,019.84 982.43 2,226.20 999.63 1,194.82 96.10 1,444.36 369.02 899.57 1,269.01 1,069.01 2,371.19 -46.57 -2,291.66 994.01 882.60 360.34
INT023 1,862.07 1.88 1,021.34 101.08 919.92 999.62 985.85 1,985.12 1,690.19 207.46 899.94 374.23 1,009.54 1,186.03 1,984.65 1,062.15 1,068.09 3,753.47 -104.40 1,968.63 1,374.27 78.75
INT024 1,026.47 1,022.45 88.41 997.97 929.92 995.96 2,349.22 1,303.18 2,360.39 1,234.22 997.66 202.22 931.72 1,092.19 1,095.82 983.75 1,368.00 2,213.54 5,999.00 -496.30 4,427.64 1,384.27 1,196.84 -544.88
INT025 1,045.30 242.32 -188.85 -493.31 1,050.35 -1,669.68 -1,513.25 902.87 987.60 1,412.87 -2,598.93 328.32 199.53 895.46 257.83 -142.14 -55.33 298.96 4,617.17 1,123.87 5,487.75 -86.74 -273.52 94.27 -3,445.69 -3,636.26
INT026 1,137.06 350.00 254.54 -248.35 1,050.11 77.03 900.65 999.97 1,077.62 1,602.70 991.89 1,264.68 325.07 198.19 864.62 360.18 890.57 360.27 1,389.12 1,254.80 2,249.79 -3,030.81 997.03 -2,409.47 361.86
INT027 1,024.91 1,052.96 3.76 900.50 922.22 2,348.85 2,734.10 5,517.26 5,134.05 201.18 891.04 307.44 1,130.36 899.22 1,281.37 1,094.04 3,017.08 5,494.72 3,047.10 -3,102.11 360.35
INT028 207.35 2,872.82 1,017.65 1,050.65 997.08 900.24 1,010.52 3,083.11 3,194.25 5,999.00 6,207.89 1,057.23 189.15 899.62 1,197.48 4,985.37 5,856.26 2,818.03 1,664.24 1,251.56 1,055.55 5,967.50 5,962.42 -2,546.82
INT029 202.66 -2,690.47 -1,074.62 6,433.82 -3,854.79 59.62 924.54 1,749.39 -43.05 -312.62 -2,042.67 184.60 894.77 -2,985.64 -1,685.83 91.65 2,132.73 1,222.88 1,121.95 204.82 1,509.81 1,319.05 -3,555.19 -4,110.93
INT030 267.88 -86.02 986.38 1,668.60 222.86 1,148.35 5,180.36 1,362.31 1,269.43 1,792.53 1,130.83 360.46 899.26 1,110.98 1,184.00 1,513.78 1,195.35 1,140.75 3,067.07 3,203.90 4.85 360.30
INT031 350.00 1,149.55 1,277.05 84.23 1,029.45 2,205.91 993.93 3,070.52 2,061.48 1,317.69 1,571.12 1,110.21 360.56 1,013.09 2,878.80 1,541.87 5,432.96 900.00 1,306.69 1,231.17 1,116.39 1,308.84 2,669.43 1,206.27 334.95 128.16
INT032 1,075.60 348.05 346.05 1,038.62 1,040.03 5,063.87 996.79 1,222.50 1,728.40 2,497.78 6,712.60 1,052.33 899.77 1,045.09 4,062.82 1,940.63 3,343.18 1,455.36 1,507.70 1,217.99 1,128.39 1,729.60 1,709.16 1,385.61 -47.19
INT033 323.09 -2,287.63 215.50 -3,717.69 2,092.08 1,020.67 1,317.04 1,620.81 3,344.04 2,495.89 1,140.71 884.23 2,377.37 66.16 1,269.02 1,176.36 1,111.97 2,660.80 1,357.10 70.41
INT034 1,051.50 249.72 1,045.29 1,190.74 327.93 358.82 1,078.13 1,005.65 980.02 1,301.44 1,639.41 1,934.99 983.83 1,134.82 1,114.04 1,543.04 2,133.06 1,925.14 -11.07 1,230.26 1,158.50 1,265.56 398.15 3,578.23 1,282.58 363.91 1,108.77
INT035 1,063.01 325.75 1,484.56 1,327.90 33.42 -97.61 1,151.06 999.11 844.83 1,316.77 1,909.59 1,570.56 996.28 1,107.73 910.64 3,662.50 2,082.35 1,521.10 91.50 1,307.17 1,437.64 1,106.81 134.98 -43.46 392.61 -2,152.09 965.21
INT036 1,122.38 350.00 1,501.73 1,322.29 360.00 999.10 244.87 1,704.45 1,127.07 1,063.89 1,486.13 2,139.97 2,009.32 -2,303.66 1,335.69 2,026.57 148.96 11.36 351.39 -45.81 1,510.41
INT037 1,596.07 350.00 4,876.86 1,481.45 1,346.30 997.06 897.36 1,009.20 1,627.96 1,310.76 5,458.54 210.73 1,682.31 1,237.67 974.36 1,440.28 1,415.75 3,396.85 2,400.78 1,147.85 1,009.71 899.84 166.68 1,250.17
INT038 2,023.20 1,601.06 1,423.37 1,346.26 1,005.61 1,009.06 184.99 -260.79 999.77 2,246.05 1,720.38 1,189.67 1,147.03 1,510.56 1,378.25 1,204.42 1,181.95 883.60 919.87 1,248.70
INT039 1,228.14 1,625.17 1,496.18 1,392.26 990.53 -4,323.83 1,009.09 136.31 172.13 1,706.57 357.22 1,534.96 1,136.22 1,137.38 898.86 1,401.97 1,336.01 2,248.40 -1,789.06 270.28 -4,854.45 214.34 -1,478.91 360.00 1,249.93
INT040 2,593.06 1,070.02 2,984.56 -1,586.32 -5,159.37 1,009.82 148.88 -5,088.84 -8,362.59 361.00 107.31 993.82 1,274.38 1,129.54 893.53 1,412.66 -1,919.83 -2,619.04 201.21 -6,576.24 -369.39 970.93 1,252.08
INT041 4,896.45 3,952.35 1,310.74 1,226.94 5,959.18 310.86 948.01 925.87 1,064.61 5,354.41 4,772.77 1,080.93 1,162.96 912.84 2,193.42 1,174.86 817.71 904.36 1,092.83 306.46 3,765.55 1,192.25
INT042 1,158.78 3,687.03 1,312.37 -70.91 2,447.94 252.98 358.35 943.90 249.70 -12,801.49 272.56 2,391.70 -3,141.95 1,029.26 1,099.99 1,074.79 992.03 1,266.58 1,033.31 -3,057.64 796.71 899.61 23.19 860.49 -2,468.05 1,024.29
INT043 3,635.81 1,129.66 1,332.85 4,833.95 285.85 -3,276.78 943.69 193.95 -20,438.32 -110.44 1,317.38 -4,308.79 996.93 1,095.11 1,069.93 1,301.54 1,277.09 38.78 1,044.35 -9,381.18 796.71 37.66 843.75 -2,692.31 1,203.23
INT044 994.30 2,068.18 1,333.05 -998.36 234.46 943.67 19.06 -5,268.07 1,317.48 -1,059.23 -1,624.96 1,167.17 1,121.71 860.36 1,242.23 -7,947.61 -9,892.90 142.56 1,203.49
INT045 1,026.41 1,367.26 1,172.88 305.43 278.99 912.14 209.34 1,013.46 5,348.08 -447.74 21.19 1,054.84 2,682.87 1,171.48 -1,995.84 1,512.05 734.71 855.17 10.09 899.21 372.10 1,124.59 878.38
INT046 981.77 2,042.08 1,272.07 211.36 840.00 -3,280.65 183.90 912.97 46.56 -3,043.51 998.05 5.39 1,028.94 1,092.89 360.27 1,167.51 900.80 362.23 798.45 2.61 853.69 -2,909.77 1,124.91 933.77
INT047 999.47 -1,419.80 -1,599.92 911.84 48.94 187.13 238.51 2,664.59 -37.74 -845.75 1,059.76 1,046.09 360.42 1,179.91 891.73 732.71 2.12 840.00 -232.56 998.28
INT048 47.03 -8,944.02 827.45 -1,967.79 -6,869.83 959.88 -83.01 -20.30 988.11 -256.80 -172.45 1,063.46 1,099.43 1,183.49 165.08 364.91 732.71 22.49 156.52 282.70 1,028.60
INT049 977.32 560.00 3,163.18 -1,574.95 -1,723.82 873.82 79.14 23.82 176.89 2.37 1,008.41 1,079.41 899.78 1,146.78 -2,113.57 361.96 2,858.59 920.70 5,937.88 232.78 390.00 997.82
INT050 994.83 1,346.99 55.97 1,086.30 21.48 -1,136.23 873.79 -3,170.46 3.49 95.02 360.00 -82.91 1,011.68 1,089.68 889.37 1,146.47 241.81 365.25 721.11 893.61 2,997.97 185.73 129.85 897.00 1,012.75
INT051 61.70 532.66 143.46 121.61 1,049.94 -1,994.19 -194.92 872.74 -2,708.23 3.01 92.36 358.63 175.87 2.74 1,025.54 999.30 361.00 1,090.32 363.89 298.22 719.89 898.24 1,125.22 147.35 -113.37 919.00 945.92
INT052 -40.40 499.16 478.95 152.95 991.44 -304.66 872.82 -404.58 15.96 77.71 360.00 165.76 1,032.11 1,077.25 361.00 1,143.55 719.89 883.70 1,137.08 -38.42 6.64 345.36 920.83
INT053 188.46 2,525.09 509.72 938.99 1,621.49 -309.20 -1,837.63 -1,056.43 81.48 359.72 -3.57 990.39 1,084.52 1,018.82 1,146.69 840.00 209.13 -78.98 834.63 -416.80 6.50 177.70 991.58
INT054 -84.14 1,037.36 1,021.78 894.13 1,005.38 -392.80 868.17 -1,569.08 92.79 338.28 -589.84 1,004.89 1,084.63 1,593.29 877.46 849.02 287.49 167.16 865.71 117.08 46.23 -292.97 10.49 996.86
INT055 -1,238.52 1,037.98 1,009.35 924.00 2,756.92 0.10 -599.69 858.56 -1,506.41 58.97 -212.92 -77.38 1,066.91 1,006.07 1,084.77 1,059.04 1,058.01 840.00 -6,452.07 337.02 136.86 822.20 92.56 -34.78 997.48
INT056 -3,353.87 1,055.36 1,028.39 916.32 2,486.50 -595.83 840.69 -749.97 -398.77 -112.86 998.93 1,024.95 1,079.40 5,413.75 1,100.33 840.00 -3,467.00 291.73 85.30 822.20 321.50 0.50 -2,837.19 130.14 997.71
INT057 -2,140.80 1,003.56 1,021.12 888.71 2,282.02 -4,705.81 -1,905.92 -151.42 0.60 1,132.38 1,257.75 1,073.92 1,030.17 1,208.69 899.40 -14,114.92 175.64 54.50 -101.04 28.38 -4,219.14 217.95 3,690.27
INT058 -1,598.91 1,003.61 700.00 948.81 2,527.83 -12,641.58 360.00 -1,395.17 -1,146.83 1,075.45 1,034.67 1,076.80 1,054.20 1,181.14 334.76 18.82 -398.01 0.53 330.75 4,788.72
INT059 -1,330.95 1,014.93 700.00 1,246.76 2,523.91 0.00 -19,688.24 -209.03 -2,492.47 1,566.21 1,180.24 992.29 1,070.67 1,055.83 1,199.47 254.76 360.15 10.32 819.08 -1,372.11 22.31 994.88
INT060 -1,479.70 1,002.79 700.00 809.21 1,722.19 992.86 -18,217.39 -281.24 2.19 47.80 999.93 999.00 992.70 1,056.24 1,190.60 365.22 -87.04 819.08 -1,441.83 28.04 65.94 994.26
INT061 -4,580.58 999.90 880.58 1,092.04 360.00 -4,936.11 79.08 -144.28 -2,574.37 -2,043.83 -158.77 975.18 361.00 1,294.99 1,491.03 1,251.99 -9,984.39 -4,344.89 -5,327.36 -488.28 194.23 -523.29 39.42 -5,259.04 1,007.40
INT062 -3,749.59 1,004.25 890.92 1,104.15 0.00 -4,205.51 94.61 -386.72 -2,401.31 -487.30 -988.71 1,845.71 991.06 1,139.42 1,041.74 1,254.17 224.46 313.09 -1,127.07 -72.42 -754.51 157.38 -7,105.76 1,427.73
INT063 -221.16 999.03 991.03 1,138.39 1,056.63 -117.16 903.64 -4,794.40 -812.34 1,157.68 979.49 1,026.45 2,669.40 1,234.28 215.20 -3,774.72 -20.76 888.31 193.86 5,161.23 1,007.24
INT064 996.69 2,395.66 1,316.10 3,654.11 956.52 999.28 1,201.72 1,041.06 1,014.89 1,997.96 1,235.36 354.40 28.35 4.28 1,098.86 890.62 1.32 5,824.43 1,007.92
INT065 -2,199.49 -2,575.54 -2,151.27 -3,170.18 -1,675.41 -429.98 -18.46 10.54 -2,381.40 37.50 -159.00 228.71 -1,833.54 1,352.31 849.89 1,925.67 -8,158.11 -900.14 -1,687.94 -2,215.46 -1,743.22 -1,071.83 76.70 -4,509.33 1,078.27
INT066 -1,611.28 1,690.34 1,111.22 35.43 1,172.63 -282.41 1,019.00 -1,346.22 -78.03 360.00 1,091.12 916.72 908.69 1,767.84 323.19 -116.05 114.02 1,085.32 -40.04 -3,759.61 995.49 1,095.11
INT067 1,086.04 1,104.71 1,116.13 -29.88 1,118.48 4,560.37 5,999.00 5,999.00 996.19 1,087.45 2,915.95 879.10 1,624.72 6.88 4,741.22 2,879.71 937.79 1,627.98
INT068 1,053.15 1,021.54 2,990.49 2,565.10 3,778.31 5,999.00 5,193.66 2,697.92 5,865.45 1,092.76 1,896.37 3,560.88 1,278.48 980.95 1,410.55 5,999.00 4,074.05 4,005.97 1,072.97
INT069 35.35 1,194.61 -192.05 61.21 179.97 13.44 2,480.06 292.08 -4,288.66 -585.32 290.22 360.68 -2,041.67 1,505.38 8,523.88 -3,146.25 246.53 34.79 -1,123.85 1,394.89 -3,101.88 120.14 15.62 1,108.90
INT070 968.06 1,200.24 4,299.67 1,174.28 100.96 184.58 -538.32 2,544.60 1,385.87 250.25 -2,836.31 2,026.06 360.00 361.00 1,295.39 327.79 5,089.99 5,444.55 360.21 360.32 354.41 1,384.38 1,644.38 148.52 16.37 3,484.65
INT071 2,806.84 2,479.13 5,999.00 3,178.36 106.14 4,197.65 5,768.60 -55.02 4,776.12 360.00 -4,105.58 1,276.17 4,005.00 3,154.93 1,450.54 4,233.81 1,348.32 1,870.92 135.66 14.41 4,275.15 1,156.82
INT072 3,806.90 3,354.50 5,867.58 5,832.23 109.91 5,819.17 3,529.08 1,122.34 983.32 5,999.00 360.00 -864.50 3,768.32 1,231.26 5,995.52 2,160.49 2,070.20 5,580.63 5,838.44 5,978.14 1,961.82 3,377.91 -308.61 -28.07 1,633.68 1,084.48
INT073 939.18 2,324.67 1,409.81 1,048.41 135.46 199.83 304.16 1,896.64 1,270.86 4,280.37 -3,262.69 -2,030.64 2,367.40 153.90 1,235.07 80.66 125.75 1,513.91 2,081.57 4,297.33 -641.82 24.11 2,092.33
INT074 1,218.38 1,309.06 1,468.44 1,765.87 134.56 -1,905.35 360.00 999.97 1,236.80 968.81 5,999.00 321.46 -612.53 1,324.30 1,283.15 900.00 917.09 899.14 2,291.14 2,243.96 1,756.71 2,174.73 1,320.83
INT075 1,181.82 1,443.32 1,378.64 1,411.38 0.76 246.78 1,211.41 994.21 316.71 6,000.00 2.07 1.28 1,336.54 1,156.99 1,527.06 1,773.69 1,893.98 2,778.95 5,999.00 1,750.12 2,322.21 1,259.64 1,324.71 1,547.90
INT076 1,173.87 2,969.54 1,554.64 1,344.41 4.32 332.83 999.04 200.84 1,293.31 962.51 360.00 6,000.00 1.74 1.11 1,468.54 1,500.78 1,585.30 2,180.80 1,819.99 1,854.74 1,721.55 2,374.16 1,331.00 1,502.20
INT077 1,413.82 1,157.27 997.02 1,240.32 3.36 360.00 1,000.00 1,800.46 5,001.00 50.27 -42.21 1,331.65 900.00 1,891.40 1,258.37 1,998.31 1,631.14 2,183.71 3,118.32 337.90 1,856.62
INT078 1,234.10 1,225.21 1,389.31 1,233.69 8.48 360.00 373.46 1,510.54 5,995.74 51.62 -130.54 1,335.13 1,412.81 2,162.78 2,300.42 1,512.31 1,677.70 1,985.98 3,315.99 261.70 1,577.79
INT079 1,000.00 1,221.64 1,157.93 1,184.67 1.05 161.94 1,071.31 1,937.91 935.90 5,006.31 -571.54 -161.21 1,462.58 1,644.56 5,144.11 2,300.42 1,601.40 1,664.63 1,957.12 2,275.86 217.53 1,888.81
INT080 1,608.46 1,204.61 1,065.07 1,231.53 1.10 1,045.67 2,175.84 1,806.11 5,995.29 -79.73 -102.30 1,404.15 1,790.07 4,387.53 2,155.75 1,398.51 1,504.61 1,542.35 2,308.19 369.75 259.79 1,372.76
INT081 1,191.91 1,343.40 1,276.52 1,249.15 -202.16 300.44 1,000.75 999.85 1,954.17 997.84 1,219.95 5,999.00 -41.16 -300.65 1,337.54 906.64 1,515.27 4,055.98 1,330.80 898.18 1,430.47 1,859.50 1,613.22 2,179.10 2,245.91 1,288.16
INT082 700.00 1,203.07 804.97 1,283.78 2.94 996.99 1,198.98 1,000.00 5,999.00 11.40 -438.89 1,280.15 1,522.85 3,143.58 900.00 1,660.36 1,555.46 1,689.88 2,170.29 366.47 1,398.79 918.20
INT083 1,311.59 1,167.61 700.00 1,313.25 47.55 525.74 1,231.81 973.15 999.34 939.17 1,133.00 5,214.02 47.53 13.54 1,318.74 924.21 1,425.97 1,844.59 270.05 1,540.85 1,590.33 2,186.78 288.22 1,312.92 941.91
INT084 1,875.95 1,126.56 700.00 1,271.33 65.62 1,188.03 845.16 1,473.05 79.86 79.60 1,349.41 -153.13 1,426.60 1,783.10 125.59 -1,047.54 185.52 1,614.95 1,680.51 2,175.72 182.15 223.76 1,252.23
INT085 1,355.02 3,155.93 1,171.81 1,230.84 57.62 964.02 1,061.35 1,138.14 3,676.07 4,541.80 1,469.41 5,999.79 16.65 119.87 1,313.31 1,155.31 5,246.99 2,677.69 164.23 3,719.95 1,343.79 2,894.66 899.40 5,667.12 2,752.90
INT086 2,004.85 2,593.44 718.35 1,231.56 56.56 762.60 1,060.73 1,302.81 1,357.31 1,472.62 19.75 2.75 1,297.65 1,130.55 3,113.17 1,351.81 325.33 3,259.85 1,348.10 883.76 -668.63 5,999.00 979.45
INT087 1,167.70 1,239.18 1,264.95 1,393.29 66.33 959.91 360.00 1,059.43 996.97 1,399.88 10.77 76.32 1,309.10 1,268.71 1,091.03 1,624.15 319.44 252.14 4,672.23 1,367.20 858.86 295.76 -99.04 5,641.61
INT088 702.50 1,119.28 2,026.20 2,799.33 64.10 217.64 190.56 240.99 360.18 216.43 11.91 -34.76 1,382.25 254.90 1,385.01 193.32 113.78 109.79 2,128.71 1,350.77 215.09 -3,862.52 158.69
INT089 1,142.66 1,194.22 1,206.56 1,108.97 131.30 999.97 1,120.01 293.28 5,811.24 1,321.41 1,335.25 4,644.30 -105.41 2,937.83 4,233.27 3,553.05 1,574.38 1,188.51 5,855.07 3,296.30 5,970.99 3,580.63 2,875.22 4,593.73 5,297.90 4,516.59
INT090 1,160.90 1,052.06 1,387.08 1,243.99 129.87 258.25 4,637.75 1,310.90 999.49 4,272.42 -11.20 1,194.10 1,284.20 1,273.97 1,687.53 950.40 1,828.93 900.00 5,646.28 2,628.27 1,046.81 303.01 1,478.16
INT091 999.99 999.15 1,858.00 998.69 130.91 246.88 309.49 265.28 1,570.25 1,284.73 -3,711.35 993.98 1,308.13 1,172.12 896.21 1,421.76 900.00 5,196.66 1,307.90 21.70 342.36
INT092 -2,167.78 -2,711.31 112.17 -2,882.46 934.52 996.16 163.61 320.50 -3,555.05 2,009.40 902.84 182.43 1,465.17 886.33 1,089.66 1,307.44 -2,888.77 -1,145.18 293.25 -1,061.82
Pret Final Unic din luna Februarie 2025
1/1