PDF PAGE 1
Data: 21.08.2026
lei/MWh
Interval/Data 01.07.2026 02.07.2026 03.07.2026 04.07.2026 05.07.2026 06.07.2026 07.07.2026 08.07.2026 09.07.2026 10.07.2026 11.07.2026 12.07.2026 13.07.2026 14.07.2026 15.07.2026 16.07.2026 17.07.2026 18.07.2026 19.07.2026 20.07.2026 21.07.2026 22.07.2026 23.07.2026 24.07.2026 25.07.2026 26.07.2026 27.07.2026 28.07.2026 29.07.2026 30.07.2026 31.07.2026
INT001 -162.21 1,388.12 -2,892.59 -903.18 -144.30 1,064.34 3,480.65 1,275.29 891.73 2,667.75 -253.80 899.08 118.34 -202.63 -254.78 1,512.80 898.44 1,176.13 266.01 238.28 -77.75 171.24 148.56 840.77 1,065.04 235.00 1,343.14
INT002 -425.57 3,043.80 -1,781.44 -1,870.55 1,053.49 4,627.70 1,285.65 897.50 1,018.15 -30.19 898.97 197.33 142.37 169.65 1,130.83 902.86 1,237.42 271.03 248.19 -639.17 102.48 302.95 750.00 261.08 1,220.93 1,013.32
INT003 11.15 1,366.08 49.25 102.66 -389.02 2,877.56 1,518.26 899.64 1,854.96 37.33 880.36 112.47 38.80 1,141.29 986.82 262.37 218.36 195.16 128.39 1,060.29 -43.44 1,035.49
INT004 -281.00 1,230.09 127.91 205.61 1,063.05 1,100.15 896.79 4,000.44 1,186.44 16.80 870.46 -112.62 -456.95 895.69 896.12 132.85 44.60 208.53 -79.74 296.05 -88.00 1,073.95
INT005 112.61 6,655.39 157.94 800.00 262.84 1,104.40 1,185.13 1,031.82 225.53 118.19 927.34 1,131.77 400.00 899.62 237.92 800.00 -3.89 238.36 -53.49 258.84 920.97
INT006 102.19 5,193.83 1,154.57 1,558.12 -4,089.97 845.03 1,658.88 884.02 958.24 -42.77 251.95 145.54 1,156.54 906.96 830.30 -127.51 892.93 232.81 -183.50 128.49 888.37 1,196.07
INT007 94.03 905.75 1,124.08 1,160.66 -4,714.82 867.94 1,381.55 257.76 -178.12 857.59 1,642.55 121.15 -88.49 839.51 288.06 1,186.57 888.56 59.09 898.34 194.00 -228.15 39.10 267.43 941.62 91.12 1,260.07
INT008 48.13 1,277.62 1,124.60 -1,759.17 800.00 1,033.24 0.00 232.09 813.12 891.94 35.94 56.92 139.64 800.00 171.28 800.00 1,163.24 839.60 -20.10 210.23 10.22 37.39 152.90 977.60
INT009 -106.27 1,202.96 257.61 1,096.32 -186.62 1,058.46 988.40 144.76 12.24 1,251.98 874.50 -715.39 258.67 899.00 887.49 1,279.93 1,054.01 151.26 803.92 1,420.60 879.85 -348.96 236.76 123.30 169.04 238.38 170.84 1,254.96
INT010 895.66 1,090.24 1,114.72 -1,660.87 883.69 1,250.35 229.23 -3,840.03 -2,922.93 927.50 1,098.85 -1,113.14 267.96 890.50 928.25 872.94 842.52 4,233.76 938.92 -382.71 272.93 -71.78 68.45 -1.92 843.95 181.10 1,296.35
INT011 -75.77 1,151.97 306.94 1,107.85 -5,139.73 865.48 1,265.88 132.13 -1,202.63 -2,639.78 808.00 1,144.18 -1,073.61 83.21 994.30 899.57 206.47 818.64 4,818.87 1,048.29 150.07 305.02 51.08 79.85 95.30 235.99 1,191.31
INT012 61.94 878.00 169.64 -4,995.12 845.16 1,012.03 -43.13 4.87 800.00 893.87 -5,563.96 -149.78 1,037.58 875.56 192.03 838.00 1,593.01 1,178.76 1,743.66 194.50 25.49 56.17 221.75 255.13 366.36 87.04 1,186.75
INT013 145.52 1,693.88 263.49 1,317.87 -3,634.32 964.49 960.09 18.15 -384.64 1,226.66 -2,442.92 478.00 1,208.60 504.99 814.15 97.67 899.52 1,549.58 1,440.22 2,836.45 272.98 64.73 50.06 346.77 219.91 179.81 993.44
INT014 123.25 1,195.99 288.77 -568.41 1,168.56 965.09 152.03 -33.91 1,360.51 217.90 -169.96 519.49 899.82 900.44 887.39 141.45 886.32 1,668.37 1,026.34 2,102.19 235.92 59.33 40.23 400.00 184.28 993.03
INT015 221.80 1,290.57 297.27 282.38 -48.38 899.31 889.61 1,118.85 42.61 62.48 1,356.56 218.03 800.00 469.70 257.62 885.02 865.42 1,025.05 210.66 863.10 1,202.79 893.79 865.29 294.32 50.04 19.09 365.73 987.96
INT016 252.00 1,174.15 295.60 161.35 -20.01 1,064.13 1,110.96 964.87 -396.47 46.26 1,344.72 3.42 837.13 777.03 899.71 938.96 882.54 1,187.09 1,376.50 7.94 52.71 750.00 -443.90
INT017 1,169.37 1,209.41 163.22 -134.56 1,316.49 953.04 883.86 -201.38 43.94 3,468.07 -99.30 899.42 800.00 899.30 1,408.22 254.96 869.31 1,393.85 1,175.81 263.14 62.07 47.86 828.56 -158.21 921.42 993.22
INT018 822.71 1,187.10 260.32 -1,199.37 1,334.13 1,233.66 -47.30 71.40 941.40 6.45 1,222.68 896.67 892.83 898.40 1,564.58 190.29 1,170.97 1,301.23 1,628.93 348.41 -64.10 16.53 855.23 -3,642.68 883.26 803.75 987.76
INT019 1,123.62 1,327.84 258.17 -802.00 1,153.78 1,195.32 1,058.47 -175.25 61.70 1,295.44 209.14 898.58 -35.88 894.57 406.15 1,116.51 893.45 1,281.32 1,200.03 160.64 -61.93 4.17 725.15 -1,446.97 805.36 899.77
INT020 274.59 1,031.83 169.01 1,085.92 898.45 1,196.80 -246.31 52.94 1,192.04 -927.42 899.02 890.43 402.50 869.39 1,185.17 860.07 277.90 862.28 1,439.68 1,155.84 64.03 -218.06 -27.52 702.38 800.00 837.80 983.98
INT021 262.59 2,152.08 106.04 1,355.12 874.25 994.49 83.56 31.43 1,304.95 12.40 896.37 225.35 992.00 -35.65 1,221.66 183.67 132.98 293.79 1,073.41 1,152.57 898.47 -199.31 890.14 898.76 803.13
INT022 238.61 1,341.08 243.13 1,119.85 1,003.01 95.72 -217.60 -170.91 895.95 257.62 252.11 1,256.82 1,146.78 289.48 268.17 252.11 895.33 1,172.86 987.16 818.48 893.24 1,173.94 893.47 1,005.83
INT023 257.91 96.14 331.58 134.51 1,064.51 856.58 1,205.69 -113.45 -234.32 400.00 -115.96 891.90 214.26 888.47 898.43 960.89 1,000.49 242.24 309.10 232.54 898.21 1,164.28 1,122.09 -825.65 800.00 1,009.94 897.07 898.74 800.00 957.48
INT024 251.44 313.90 -39.72 895.25 1,453.36 -159.69 -222.11 40.80 881.27 105.92 813.04 1,112.32 894.05 279.03 274.41 -924.41 899.26 1,154.61 896.83 51.74 812.04 1,018.00 800.00
INT025 897.32 252.00 256.18 1,197.46 1,673.23 -151.22 899.33 -202.28 942.43 899.85 898.10 889.61 1,244.57 259.93 239.03 -1,454.83 898.10 1,226.12 99.63 817.95 900.97 62.94 952.91
INT026 860.07 309.62 -2,827.14 1,270.37 1,104.76 -272.99 898.99 816.90 898.94 892.17 841.00 231.82 152.07 -133.62 876.98 1,230.04 312.16 870.55 899.40 249.27 916.03
INT027 888.34 818.29 0.00 -2,084.20 899.14 -5.12 1,271.20 888.04 6.73 800.00 892.44 1,234.84 800.00 829.83 200.00 165.75 -101.30 808.82 1,175.04 92.37 143.23 896.55 161.88
INT028 857.34 876.64 1,700.83 -2,526.74 -1,849.52 160.47 1,300.80 -169.31 214.09 -31.49 855.77 803.35 2,017.20 807.74 251.40 167.04 819.41 975.81 222.63 358.93
INT029 2,230.58 -225.89 1,957.43 -243.82 978.96 1,305.48 151.00 261.96 899.79 -236.61 210.39 1,346.05 1,516.33 1,327.25 143.12 1,084.61 186.99 41.60 257.03 1,177.65 270.37 -693.11 895.30 899.93 65.36 266.84 899.92 936.47
INT030 1,886.64 176.69 1,313.87 820.66 1,134.99 368.22 155.42 1,157.70 1.12 1,371.88 1,567.65 1,389.05 94.05 800.00 131.80 -77.74 165.77 1,147.94 914.90 -460.17 56.19 893.51 895.97 493.31 264.48 892.72 895.91
INT031 1,369.26 220.49 1,562.77 880.25 910.83 1,150.22 37.43 980.04 251.79 975.65 1,205.08 1,296.05 116.46 -1,033.07 254.00 324.83 1,060.91 828.97 -198.03 830.80 197.65 257.00 811.48 341.25
INT032 1,251.15 100.55 876.49 748.00 1,144.10 6.80 -45.73 287.27 -119.62 255.22 1,142.52 884.59 872.97 896.89 1,299.56 -472.39 893.99 -678.43 1,131.01 876.03 -241.88 100.79 831.97 86.34 251.73 254.94 800.00
INT033 112.38 161.21 1,067.90 6,422.55 821.96 896.45 217.00 263.25 203.57 272.16 1,026.28 -23.57 1,945.62 1,182.33 1,403.92 217.80 878.42 905.11 898.50 319.22 5,911.27 256.05 155.92 -297.35 -220.80 699.62 155.28 214.07 292.31 1,098.93
INT034 191.77 251.84 1,031.35 5,825.47 672.91 59.80 -17.83 289.24 127.33 252.93 991.94 838.18 1,170.73 1,114.24 1,307.49 -27.53 873.62 892.56 236.99 375.60 6,843.63 194.17 -183.25 699.00 866.18 -63.55 53.73 128.16 463.19
INT035 -843.43 252.85 1,019.49 843.77 4,466.70 777.00 -26.98 1,200.19 161.28 -300.86 939.70 1,150.55 891.92 140.79 4,802.44 1,349.78 201.49 803.50 464.03 287.79 1,537.72 231.56 -227.83 1,124.04 -187.38 -79.77 175.87 227.83
INT036 -563.08 1,043.31 985.87 833.47 777.00 191.64 1,234.40 153.55 -824.50 938.75 622.15 186.52 153.83 1,312.09 1,283.40 24.67 864.42 301.53 283.16 1,215.85 -1,562.39 -124.90 -88.88 1,129.23 -2,305.06 -494.75 92.04 211.64
INT037 -284.58 895.96 2,033.80 772.52 505.61 836.86 977.49 953.54 152.37 -85.87 896.58 -440.42 8.82 -820.13 1,932.39 1,129.30 215.26 834.79 764.03 407.47 -9.47 1,287.36 20.86 6.70 -737.53 699.00 1,086.86 -898.83 -65.74 25.64 157.27
INT038 34.79 886.49 2,454.69 615.87 550.19 820.00 1,166.33 1,044.15 -53.66 -24.35 889.49 -324.71 728.83 -5,364.10 1,332.40 1,113.75 228.44 944.76 2,901.90 300.00 -92.94 1,946.04 164.15 -193.67 1,073.26 79.75 147.70 2.76 156.63
INT039 -41.27 -87.16 5,992.64 605.17 -51.88 910.75 320.57 117.07 719.22 1,025.21 768.36 -3,748.32 871.35 1,143.38 256.10 712.92 700.43 143.79 31.84 1,181.78 -1,342.51 0.92 -343.40 687.54 1,084.53 -142.39 133.47 125.19 168.73
INT040 -192.54 294.56 2,220.83 605.17 -691.88 894.56 888.37 -665.20 -3,272.99 1,130.72 599.00 -101.41 813.41 1,079.37 -6.00 1,653.19 -81.80 -832.41 1,183.56 -1,140.36 -1.13 -251.32 1,088.17 -199.96 24.96 149.37 80.48
INT041 -78.94 -778.50 3,697.17 0.00 885.59 539.44 846.14 825.05 -592.40 713.69 1,196.33 797.94 1,138.56 4,640.51 69.28 900.44 899.69 -421.89 979.13 -1,352.21 -4.56 -309.13 503.83 836.07 -90.99 -172.53 39.41 162.31
INT042 -25.07 -108.77 1,303.38 -540.44 552.95 -458.59 751.67 700.00 -278.06 -1,671.84 1,055.41 -169.42 840.33 -4,529.93 257.55 2,629.57 109.78 474.54 899.00 -51.45 965.67 -3,633.74 -5.57 -397.34 1,246.61 649.00 78.79 9.52 156.62
INT043 -123.28 -518.38 3,108.21 -5,199.99 455.65 -158.13 833.17 336.46 -0.94 -165.36 62.26 862.44 39.18 59.28 909.80 -123.75 -190.65 899.00 54.37 979.08 -47.43 -11.48 -227.82 -233.60 841.22 38.05 -92.92 3.65 158.76
INT044 -158.61 3,556.95 -609.61 99.33 775.91 306.34 7.18 -3,079.44 649.89 -1,470.09 -1,956.27 -957.94 135.15 904.98 -140.08 -77.57 -204.36 899.00 59.62 979.43 -2,924.19 -5.55 -434.34 -632.94 90.49 -2,565.07 -56.58 5.77 -12.47
INT045 -98.13 1,427.07 444.58 -104.42 700.00 661.01 247.05 -53.23 -4,202.48 -907.40 -3,904.79 -1,456.57 820.00 825.00 -170.63 -522.55 -307.24 405.14 14.22 851.69 -3,979.21 -244.66 -333.10 -500.67 213.40 -1,831.01 -116.19 -4.38 697.92
INT046 -847.18 871.37 -5,094.57 -1,067.35 24.21 702.64 370.30 0.56 -405.56 -41.03 105.51 -5,885.48 117.47 825.00 -199.67 -201.33 699.00 9.02 1,120.01 -152.37 1.82 -169.17 -376.78 -148.77 -166.54 -89.29 15.41 376.39
INT047 103.48 1.83 -114.49 106.36 32.25 652.44 386.64 52.03 -76.42 -126.29 77.57 -396.76 49.52 825.00 -54.35 -44.06 -347.12 699.00 8.79 1,410.80 5.08 -81.59 -48.39 -324.53 -743.33 -164.87 -97.36 -290.00 695.30
INT048 211.41 -84.03 -143.48 432.14 0.00 700.00 718.94 270.94 52.30 9.68 -758.13 -904.01 -838.27 -1,098.96 151.05 2,283.52 -25.61 -60.33 -257.59 723.66 25.67 848.69 -2,455.35 6.37 -66.29 -416.39 -4,536.79 -157.64 -73.84 -284.45 258.90
INT049 331.47 6.65 -2,536.32 450.99 470.97 86.09 248.67 400.00 151.87 6.80 -18.60 -1,103.64 -3,872.06 56.66 20.83 226.63 -78.44 765.54 28.56 -18.37 -70.99 -90.38 -716.02 -4,981.43 -142.26 -88.54 -3,692.16 207.76
INT050 899.00 1.78 -4,322.45 470.97 -1,092.34 581.46 891.36 151.00 779.71 -240.13 702.85 -1,114.36 154.81 699.00 299.76 -18.91 719.32 33.11 -2,325.99 -31.35 -98.64 450.00 -288.02 -88.42 -143.17 -82.60 -3,541.76 251.84
INT051 907.17 -95.78 -4,641.52 7.69 453.23 -124.52 581.46 844.03 839.89 723.35 451.72 719.57 -81.49 175.74 707.55 317.90 604.66 450.90 731.98 16.33 77.01 797.42 -97.91 432.39 -148.24 -163.62 -164.88 -78.34 -3,883.22 254.87
INT052 1,013.71 2,768.85 -26.23 450.99 460.22 7.58 -61.71 717.74 1,091.64 774.22 1,077.30 -95.48 372.96 769.83 782.72 -314.22 450.90 697.36 1.89 272.71 -3.89 0.61 -613.43 -232.82 -162.79 -290.00 -105.42 -3,897.04 249.91
INT053 899.85 857.28 -1,171.62 -0.11 468.76 96.01 79.45 380.39 699.88 726.28 92.01 818.45 -106.99 284.34 319.00 699.00 684.71 305.72 -5.18 870.04 -199.12 683.41 409.92 -1,514.27 -126.32 -289.93 -95.41 -3,893.64 233.92
INT054 930.14 36.83 -271.21 450.98 470.72 7.67 46.89 700.00 766.93 865.25 332.14 450.00 747.76 -85.77 699.00 321.24 699.00 490.19 632.51 -24.14 31.22 805.15 659.54 24.99 458.75 -1,173.19 -125.81 -164.42 -94.93 -103.58 273.81
INT055 -126.71 -18.08 -2,435.91 454.83 -186.44 -10.02 391.58 800.40 731.84 450.00 -31.68 -102.83 699.99 399.12 773.56 490.19 648.51 -4,196.72 12.50 1,495.76 709.69 664.19 412.50 -730.57 -160.01 -165.00 -94.64 45.66 253.76
INT056 -28.51 800.00 -83.76 465.13 -169.99 662.40 700.00 768.88 760.79 623.38 -17.54 700.00 699.00 699.00 400.00 773.88 -108.40 521.78 -2,713.89 2.98 3,704.66 659.54 660.17 -402.97 697.39 -164.00 -108.00 35.53 87.98
INT057 235.59 -68.77 700.00 450.12 470.96 241.71 701.04 369.44 175.09 643.96 435.98 738.17 43.46 699.00 400.00 62.19 -1,603.18 18.45 4,099.50 666.55 152.07 -213.09 -54.24 -163.95 -149.00 -40.55 649.00 88.95
INT058 321.30 -6.19 700.00 450.12 720.83 156.07 673.97 344.46 218.19 643.38 700.00 -1,923.87 699.00 1,049.24 321.46 629.63 -5,833.70 14.32 1,961.40 183.32 87.17 -44.92 -129.46 -164.00 -3,162.88 649.00 6.47
INT059 310.56 -232.66 700.00 371.51 470.96 -36.30 768.43 348.06 500.00 645.64 -112.22 -3,630.96 709.25 895.83 348.52 535.00 49.30 12.61 731.39 666.55 -1,748.13 -446.74 -159.42 957.39 -146.21 43.77 1.00
INT060 212.00 120.90 880.11 779.03 654.33 751.07 235.84 545.27 647.28 6.11 98.84 699.00 16.00 840.75 838.21 265.27 813.08 464.67 1,143.70 722.86 -5,001.99 27.19 -155.07 1,143.00 753.25 -53.05 -49.84 18.35
INT061 -25.65 140.69 810.66 450.88 828.78 -42.35 665.71 1,389.23 500.00 664.39 -1,809.01 108.11 699.00 1,150.31 861.77 115.94 1,056.16 626.58 -2,013.14 1,174.03 967.63 -1,378.35 -1,172.49 -264.19 -371.63 573.11 -81.07 -467.28 -219.75 152.99
INT062 -236.24 150.30 771.73 450.88 4,604.91 -22.86 628.89 2,615.45 615.62 664.46 450.00 -2,502.13 290.44 5,407.61 6,059.86 254.99 990.27 534.12 -204.46 1,107.96 963.04 -9.47 -6,368.36 -297.75 -418.23 506.37 644.51 -2,453.22 -49.26 156.62
INT063 51.00 151.74 585.90 2,765.75 -126.68 210.78 886.34 628.97 667.84 23.37 20.17 784.48 4,670.43 2,061.12 -1,779.42 761.07 488.27 -267.44 201.55 -541.52 -21.74 -280.88 -349.68 107.67 673.15 828.60 -98.98 38.73 152.00
INT064 51.00 153.37 586.41 34.76 6,921.23 2,251.11 6,551.42 700.00 -349.56 857.76 450.01 450.00 -3,105.74 774.01 3,385.87 4,575.99 295.73 1,752.96 488.27 -288.21 699.20 -1,490.70 -480.71 519.43 -101.86 -65.47 688.10 780.86 -93.91 13.33 694.01
INT065 2,111.72 2.50 653.15 -4,016.61 890.76 153.76 2,358.77 117.38 1,184.71 699.70 456.06 452.90 -644.12 737.89 891.10 1,039.46 282.17 766.41 -289.55 686.75 80.67 696.63 -301.14 -132.81 813.12 701.98 -93.09 154.92 255.00
INT066 192.02 -227.58 667.73 466.36 964.84 685.09 274.93 246.69 699.00 456.06 452.90 -6,639.45 697.28 5,433.27 309.76 121.31 -78.44 -135.88 80.13 -46.02 -1,771.90 702.51 -1,143.19 705.53 14.50 -104.06 56.97 278.89
INT067 416.42 191.84 649.64 4.61 731.78 840.08 646.17 28.47 176.15 456.06 458.77 68.93 793.38 1,317.21 388.03 -287.32 -163.25 209.73 -0.01 -355.25 698.98 -396.46 501.65 -100.76 -104.68 74.00 333.98
INT068 899.00 883.18 645.16 971.08 464.76 657.59 3,199.24 -388.30 1,044.57 258.02 456.06 452.90 709.18 966.45 0.00 396.76 201.15 -84.23 692.07 86.29 2.28 696.63 -96.98 502.65 91.52 -96.00 152.23 279.17
INT069 82.49 1,063.39 777.42 825.46 747.85 50.08 -6,926.70 720.43 1,008.16 812.29 638.49 517.28 -3,775.13 787.91 1,145.80 1,079.91 289.33 56.77 -446.51 -270.93 204.57 19.57 -798.69 698.92 -312.99 -228.65 698.01 28.48 -65.75 152.09 279.77
INT070 897.68 1,252.16 776.42 1,573.18 -4,089.33 -5,060.65 712.22 252.79 144.92 686.36 513.18 -4,568.54 716.10 1,148.17 1,057.35 265.69 274.23 49.09 145.11 -12.92 -3,248.93 278.82 -235.28 -517.14 2,222.48 -801.96 -93.76 160.46 303.99
INT071 898.13 1,112.27 775.48 862.06 -9,335.18 -3,288.19 889.99 -3.11 1,752.89 -1,744.68 1,285.94 1,184.79 1,055.84 898.12 983.52 -1,375.16 17.27 197.53 253.82 -3,715.47 253.89 -122.18 -76.10 -7,074.82 889.23 28.08 1,002.87 310.20
INT072 933.92 1,148.64 1,261.09 -5,029.38 1,644.27 789.08 267.51 879.61 10.40 1,186.91 1,132.69 1,820.83 1,098.20 245.11 -2,381.54 942.40 -83.89 -1,170.63 706.28 626.79 -77.50 -5,570.45 877.60 240.71 779.36 153.06
INT073 1,442.13 254.72 1,223.58 -6,707.63 -7,419.84 -696.14 866.42 1,996.29 1,293.32 1,316.66 900.47 -403.28 263.80 -653.50 -6,906.63 791.83 -1,373.94 -294.01 -47.10 254.47 340.71 16.86 173.53
INT074 1,425.36 1,319.34 1,147.32 -4,123.18 -7,460.89 101.08 151.67 -399.99 795.22 842.88 12.89 1,792.96 1,307.41 1,250.78 1,327.46 -1,697.80 -1,305.10 1,460.36 61.39 -5,166.40 250.19 -1,678.42 -1,677.82 159.30 1,147.30 252.77 895.93 163.00
INT075 1,430.55 1,340.43 1,928.25 33.09 -1,912.34 891.79 153.56 157.64 154.11 -48.84 2,260.81 1,329.08 1,395.98 1,530.62 1,243.97 1,750.20 1,293.12 242.84 -143.30 1,500.00 285.41 823.15 252.07 -92.55 24.99 14.24 1,077.15 1,010.52 908.47 161.67
INT076 1,460.68 1,508.03 1,251.74 -210.23 -4,517.92 908.57 151.00 151.94 151.18 160.46 1,136.59 1,906.67 157.54 1,821.87 1,819.70 1,249.05 1,826.87 1,849.52 -49.36 -92.93 1,575.72 251.97 828.37 194.13 -63.45 2,313.98 1,014.11 1,177.34 910.09 153.00
INT077 2,936.41 1,197.21 -460.03 -4,161.61 0.02 151.12 -235.16 -63.70 151.60 2,555.95 251.77 2,723.69 1,093.16 1,220.73 -413.08 1,306.97 160.22 -100.98 869.75 1,517.86 1,228.62 1,301.93 898.77 154.77
INT078 2,944.72 5,718.53 -122.16 -5,065.74 291.05 151.73 -36.22 -30.20 160.92 -1,331.03 279.27 5,569.34 400.00 1,459.48 1,413.34 159.80 1,058.49 -7,818.70 364.65 875.11 1,260.56 1,296.40 1,474.96 1,604.82 155.00
INT079 2,936.52 5,049.87 406.00 -283.73 1,227.14 151.00 -235.06 2,210.24 1,191.24 -3,893.58 6,999.00 1,609.78 1,166.77 316.81 1,350.16 -6,809.61 -551.13 363.38 369.86 872.06 1,343.88 1,200.00 1,321.64 4,358.60 1,207.04
INT080 885.16 5,804.63 365.22 23.73 1,829.90 1,189.39 -563.97 1,548.43 43.74 -410.32 252.83 7,303.01 894.80 1,982.83 1,183.01 -4,435.44 -56.46 -80.51 315.13 773.23 1,238.91 1,185.57 1,593.94 7,958.08 1,215.93
INT081 3,544.35 405.64 -679.55 2.67 1,255.45 340.36 -677.10 -789.53 882.39 -1,488.20 -5,400.79 -40.90 2,206.35 323.45 -4,512.74 -125.18 37.85 317.16 842.48 997.30 1,028.87 1,081.01 2,384.21 1,189.50
INT082 -9.28 3,038.61 257.91 1.32 877.46 255.07 279.96 1,263.61 97.36 1,731.29 174.05 1,860.74 313.15 -282.67 -984.57 -171.36 -24.74 340.42 924.21 1,059.00 1,273.54 1,595.18 2,532.31 800.00
INT083 40.62 1,847.43 181.79 -888.26 406.00 1,267.74 1,209.85 254.62 266.96 1,298.88 50.16 1,896.81 973.51 21.67 237.54 185.89 -106.73 986.84 1,237.98 1,718.50 2,083.36 889.02
INT084 -115.20 391.06 253.81 -978.96 1,894.65 1,043.45 349.11 2,380.47 983.51 0.14 1,596.25 -26.85 1,931.59 -81.54 1,169.42 -150.06 137.92 -111.84 1,724.80 1,538.47 1,337.08 911.32
INT085 25.28 152.05 406.00 42.63 1,619.19 1,049.66 898.35 327.76 169.14 2,677.71 84.47 1,651.46 886.55 1,151.65 261.91 1,118.40 1,390.73 59.23 277.58 -714.24 75.84 321.51 385.31 1,258.21 1,485.75 1,124.60 823.72
INT086 -164.02 189.00 137.61 331.70 5.94 1,189.46 1,199.38 16.48 1,422.63 346.11 1,078.69 4,241.39 169.14 1,933.82 1,136.11 272.56 1,212.41 1,500.00 33.33 -119.33 16.42 247.81 343.05 1,291.63 1,264.26 804.44 800.00
INT087 410.00 75.49 2.16 -963.04 1,704.73 1,082.30 894.72 1,413.01 285.77 1,327.38 -443.87 1,887.25 6,529.56 363.15 917.01 1,493.26 169.59 -127.24 246.92 213.52 280.50 1,234.31 1,444.03 808.00 888.05
INT088 101.00 410.00 2,223.65 4.88 1,692.60 1,172.91 266.22 1,338.61 123.26 904.84 2,319.24 8,432.38 334.84 1,054.43 442.94 -125.56 956.10 -424.69 -126.71 -23.82 148.87 1,239.89 1,752.50 923.92
INT089 4,878.31 342.59 8,919.30 384.90 3,243.35 5,863.45 1,591.40 108.38 -1,165.48 1,273.74 402.71 1,102.23 1,249.70 966.82 3,104.15 1,108.93 1,496.81 450.00 2,426.48 -353.60 1,639.09 -551.89 -210.77 -331.68 897.87 1,316.11 3,824.55 1,192.89
INT090 2,395.94 -49.77 7,978.41 292.33 1,760.21 899.96 114.00 -5,050.35 1,092.66 328.90 750.00 134.06 1,340.13 1,084.43 2,779.22 1,424.68 450.00 2,540.15 65.46 91.12 -41.65 164.44 1,083.49 1,331.91 1,507.03 899.58
INT091 3,929.77 -4,140.28 1,499.82 400.00 2,295.20 1,095.61 1,236.29 272.89 -3,445.57 1,084.51 354.23 59.27 870.99 1,201.41 438.30 1,477.49 191.32 77.19 -285.06 854.01 1,163.04 892.98 401.00
INT092 1,666.53 20.15 1,502.69 10.43 1,096.56 1,199.71 -222.52 -127.66 2,055.99 376.22 1,129.16 172.56 115.16 800.00 179.72 886.35 285.67 16.11 137.27 456.50 1,344.59 891.30
INT093 1,034.58 41.90 1,255.51 1,727.22 879.55 3,073.33 -112.08 -308.76 1,999.36 265.28 860.43 0.05 1,209.77 1,771.33 1,411.37 1,169.93 911.28 977.69 -51.28 750.00 718.01 1,378.32 722.57 881.58
INT094 1,868.04 33.43 1,200.02 907.88 1,233.86 1,200.06 -32.88 851.60 71.53 319.24 1,292.04 1,367.00 804.17 1,496.94 -118.92 750.00 816.88 1,088.05 899.71 1,298.49
INT095 1,160.83 12.09 -3,204.87 119.74 907.17 846.47 1,251.45 0.74 1,726.81 7.69 1,014.27 -236.77 300.00 871.21 1,413.89 263.93 161.00 79.17 245.64 788.04 1,192.98 189.20 898.31 896.52
INT096 5,791.44 15.29 -5,826.11 16.88 1,177.67 1,158.57 1,243.84 11.67 1,872.17 -18.77 1,176.94 245.47 182.83 1,135.65 318.58 1,463.42 173.78 71.09 151.68 311.97 908.33 1,197.89 158.12 908.74 898.20
Pret Final Unic din luna Iulie 2026
1/1