PDF PAGE 1
Data: 25.02.2026
lei/MWh
Interval/Data 01.01.2026 02.01.2026 03.01.2026 04.01.2026 05.01.2026 06.01.2026 07.01.2026 08.01.2026 09.01.2026 10.01.2026 11.01.2026 12.01.2026 13.01.2026 14.01.2026 15.01.2026 16.01.2026 17.01.2026 18.01.2026 19.01.2026 20.01.2026 21.01.2026 22.01.2026 23.01.2026 24.01.2026 25.01.2026 26.01.2026 27.01.2026 28.01.2026 29.01.2026 30.01.2026 31.01.2026
INT001 1,515.10 135.66 1,888.45 -537.16 8,561.83 4,455.73 2,562.57 784.61 832.89 -30.61 902.59 -1,469.25 218.84 703.06 1,142.11 1,274.19 3,819.61 19.05 -537.28 980.32 -1,924.62 62.57 1,518.37 -42.29
INT002 1,425.49 51.33 143.24 -76.71 8,562.75 789.20 965.83 2,337.98 810.34 -14.17 1,019.78 924.22 981.50 777.01 1,461.42 887.07 53.38 944.91 979.96 -74.72 974.41
INT003 1,531.66 79.91 137.41 101.44 8,470.47 1,073.01 1,267.89 1,092.54 173.68 2.03 1,019.05 792.62 248.15 6,327.31 988.84 800.76 0.00 354.28 112.22 1,043.28 -226.18 974.65
INT004 900.00 229.58 8,257.04 978.31 141.35 921.45 1,012.11 -14.26 -76.46 771.48 181.80 -2,486.57 6,044.49 980.13 974.35 960.04 -898.73 1,466.85 -3,553.33 169.51 974.54 987.49
INT005 2,175.33 805.23 667.00 273.05 1,270.01 943.61 1,336.69 204.18 -111.48 786.96 797.92 8,251.48 1,878.15 1,010.07 170.53 997.47 -157.01 1,916.97 2,248.10 978.16 -1,767.33 2,049.23 2,474.45 942.45
INT006 1,159.83 4,702.33 99.26 137.05 1,130.40 918.31 1,096.73 266.49 -238.80 918.46 873.09 724.54 9,165.56 2,439.28 953.34 853.60 796.70 899.29 353.20 1,168.14 3,488.89 972.88 1,278.35 894.08
INT007 1,399.46 1,458.01 155.70 142.00 0.00 925.75 876.46 1,026.75 308.21 -296.94 912.35 1,006.68 745.36 1,756.58 1,462.08 725.00 884.82 810.54 3.38 1,118.36 1,051.12 974.65 987.06 952.75 258.51 879.63
INT008 1,223.44 4.25 30.71 925.18 1,060.82 261.64 -405.06 882.62 1,036.89 706.10 1,187.95 700.00 700.00 901.90 870.61 866.03 7.20 1,119.49 968.74 974.97 293.99 1,133.93 874.97 735.75
INT009 1,332.11 1,475.94 18.51 633.14 -58.81 297.66 1,007.70 -1,223.74 244.25 -59.62 895.51 1,030.23 850.67 145.99 1,471.83 967.58 940.17 900.45 1,005.51 5,543.68 2.42 2,173.27 3,997.96 992.36 96.04 5,104.52 315.16 949.36
INT010 1,891.15 -370.47 633.00 1.10 302.83 974.87 294.83 876.61 255.56 -576.82 1,073.88 700.00 65.15 1,271.73 2,435.72 951.02 881.87 890.48 1,435.67 -42.06 2,182.98 963.03 121.72 993.07 1,099.07 994.25
INT011 -615.82 633.00 4.25 267.51 1,455.82 386.48 286.15 791.65 1,033.88 766.54 -16.89 959.83 1,040.60 1,071.24 1,580.77 1,361.85 960.22 83.19 1,095.81 1,259.70 981.55 245.29 977.81 882.22 2,471.16
INT012 633.00 32.91 252.72 226.00 311.18 764.44 314.57 1,053.57 798.46 569.00 968.16 947.83 3,279.51 766.04 -51.55 1,272.83 1,269.89 962.10 171.64 980.19 974.92 1,368.05
INT013 2,234.60 709.36 45.29 297.23 287.75 349.23 782.65 318.26 1,011.01 906.89 1,136.93 1,445.32 1,000.13 1,056.42 869.00 -104.09 1,096.72 3,144.20 1,043.64 -3,438.80 967.40 709.34 1,055.48
INT014 1,466.67 881.00 -135.00 636.87 -343.17 298.12 206.31 -105.92 -799.16 356.70 789.58 238.62 355.68 1,386.76 710.80 3,471.96 947.40 956.12 1,334.72 1,370.54 346.63 -66.10 998.93 4,000.26 1,172.07 -6,907.52 1,012.04 700.00 980.41
INT015 1,752.64 602.27 4.24 614.34 -529.07 292.82 192.07 -100.43 167.02 767.57 181.99 354.71 1,161.85 840.37 4,598.39 990.21 700.00 932.39 1,323.47 -82.54 -215.78 1,213.51 994.77 -204.26 966.78 3,625.95
INT016 1,231.38 550.00 27.04 645.78 -30.84 218.19 139.86 -87.49 251.21 768.13 264.17 323.50 821.13 598.01 1,205.83 1,530.48 700.00 752.97 -657.21 1,416.11 1,431.99 -112.78 963.10 252.09 977.67
INT017 4,281.21 1,015.84 -224.31 872.76 113.26 62.36 712.23 157.03 278.67 822.16 890.68 735.22 1,590.23 259.77 293.36 1,681.48 1,762.49 -499.52 73.67 1,242.13 906.90 -149.33 1,959.76 948.44
INT018 920.13 2,254.53 -407.93 872.77 138.35 -32.39 1.56 666.21 325.76 137.47 267.26 309.56 780.68 1,011.96 281.58 2,481.66 1,032.07 -497.01 16.95 1,342.56 144.11 -47.87 941.25 1,661.52 202.96 950.80
INT019 838.47 4,042.33 -500.00 994.38 670.00 327.43 -684.10 4.19 355.62 226.93 251.60 878.16 757.68 874.78 1,814.27 960.30 3,942.09 997.67 -433.23 46.91 1,021.90 215.78 64.59 959.16 945.36
INT020 844.90 7,690.24 -482.88 1,794.11 324.65 -338.99 14.07 665.00 332.22 255.25 247.68 796.57 797.81 792.57 946.24 977.26 3,619.43 1,185.69 -220.24 15.43 1,006.00 994.30 -39.66 959.13 203.23 947.49
INT021 814.11 248.45 -93.76 138.92 370.69 16.12 -99.84 673.24 289.42 251.00 197.81 312.97 703.25 914.99 1,703.87 294.51 1,054.44 -3,179.77 30.73 1,026.44 1,683.44 803.17 10.49 1,306.68 246.68 962.92
INT022 821.30 237.76 47.78 181.37 386.36 177.79 715.25 319.56 209.96 -217.90 797.87 201.23 779.56 942.93 1,177.66 269.46 1,232.75 -310.12 2.33 1,086.39 998.25 -364.36 901.89 1,808.41 30.05 1,618.79
INT023 814.25 841.65 177.79 -136.53 362.63 182.08 826.42 235.00 18.00 194.67 876.40 -68.34 795.60 900.32 1,102.15 969.96 1,488.28 312.77 -324.36 997.48 2,190.14 754.77 -471.25 257.54 182.79 1,329.45
INT024 814.02 101.10 -1,843.70 155.86 308.86 32.06 1,364.79 191.55 261.03 952.95 127.53 746.64 970.74 1,031.35 1,056.14 1,075.40 360.57 19.99 1.29 998.84 1,393.77 708.68 157.84 704.30 -231.08 1,477.07
INT025 1,084.90 119.97 346.99 -60.66 2,251.04 307.15 189.63 231.35 943.46 1,059.63 2,352.08 6.66 -1,436.36 -295.30 1,094.52 4,512.62 828.73 -2,585.60 324.07 1,150.90 20.01 700.00
INT026 876.96 1,044.26 4.84 175.80 370.25 265.41 899.15 313.43 -49.17 288.44 830.97 779.55 969.51 931.66 997.36 2,056.90 -365.24 997.04 2,624.43 1,009.90 -3,675.90 983.88 35.89
INT027 1,231.16 -2,265.28 1,672.48 2.40 114.78 342.74 15.72 3,860.27 358.15 239.97 101.06 279.35 988.13 838.96 1,146.25 1,175.69 945.81 1,078.96 1,240.72 1,181.03 1,924.66 1,902.42 89.51 311.33 911.84 -5.54
INT028 1,492.83 989.55 230.54 371.52 34.02 3,674.65 389.91 92.57 3,140.75 1,516.61 917.40 1,550.99 1,941.92 6,803.66 2,561.42 1,249.47 1,105.74 1,686.76 8.84 208.89 1,693.16 -118.88 975.16
INT029 1,082.72 2,969.00 1,638.02 785.83 -2,337.87 127.02 -40.06 -73.42 329.93 257.33 289.31 3,716.71 2,621.14 -3,457.21 31.11 1,835.45 4,776.32 -1,096.45 1,088.06 -323.87 2,879.43 1,001.80
INT030 1,785.95 1,582.57 844.72 885.73 304.11 2.11 26.12 360.20 370.95 128.30 862.67 7.73 1,759.50 3,159.40 324.04 3,222.36 1,099.82 1,479.80 1,761.39 2,317.24 380.79 1,297.43 978.69 2.78 1,035.63 4,496.30 1,001.29
INT031 980.23 848.56 1,069.07 303.41 -127.00 26.40 4,311.36 367.22 198.66 827.64 201.34 3,657.10 304.59 3,814.16 1,082.43 1,620.83 1,528.53 1,217.84 407.00 707.25 974.18 -448.12 1,157.16 1,298.56 1,001.58
INT032 844.20 849.16 272.46 -444.67 -60.02 6,723.13 333.26 144.47 774.15 200.00 2,406.41 714.88 795.45 6,705.31 1,510.24 1,316.38 4,613.89 1,528.28 1,246.78 -45.53 1,889.57 -608.42 1,010.40 1,124.98 984.76 1,003.54
INT033 959.09 85.65 77.81 -280.43 30.74 7,000.88 377.05 227.17 253.79 3,195.92 558.85 3,699.79 1,138.33 1,939.92 1,674.46 1,594.10 409.13 500.00 719.12 995.57 200.79 1,052.02
INT034 80.79 958.46 65.96 291.75 -27.75 3.25 4,493.78 405.00 177.77 749.23 252.78 2,082.16 9,615.96 780.71 1,386.31 5,159.43 783.57 1,207.07 1,598.09 4,089.34 500.00 1,010.87 1,062.87 312.54 -109.23 1,049.57
INT035 -221.99 959.25 101.11 -217.58 377.96 -317.30 0.70 3,485.10 -2,349.15 124.73 700.00 2,077.68 745.81 1,302.45 2,379.60 952.56 3,478.70 1,582.82 3,949.93 2,314.44 1,312.88 1,033.90 793.00 468.45 1,051.29
INT036 -430.44 1,546.92 -347.71 62.50 180.98 1.31 3,062.00 381.95 237.05 700.00 872.79 2,084.79 1,873.52 733.70 1,305.76 2,885.16 3,047.36 3,322.46 1,827.57 3,047.71 2,143.11 1,630.58 1,789.11 1,105.29 815.45 1,023.21 354.09 1,052.32
INT037 1,283.35 -172.57 783.98 127.59 1.77 2,912.07 714.58 305.68 700.00 1,250.00 3,911.26 2,130.83 789.23 1,819.01 1,011.69 1,665.55 5,535.47 2,519.87 2,748.04 1,693.90 1,125.57 1,092.36 161.69 1,090.33
INT038 2,030.03 758.68 785.00 94.53 -61.58 2,288.21 829.67 173.68 797.25 2,716.44 2,643.17 781.09 1,416.61 2,224.56 1,011.23 4,026.83 1,698.16 6,928.86 2,772.34 74.24 1,636.15 2,067.85 1,367.85 280.11 49.96 1,088.23
INT039 1,862.75 724.56 862.09 1,042.33 147.94 5.56 1,558.02 1,251.12 960.99 899.97 5,528.41 1,758.49 719.77 133.75 1,560.08 1,000.77 4,549.98 1,711.86 5,309.93 1,255.82 -20.17 1,377.40 2,488.72 3,454.83 34.65 287.39 134.30 1,085.12
INT040 599.92 4,388.23 4,308.19 3,413.61 350.32 38.55 1,619.88 1,116.53 907.48 3,934.60 1,692.77 700.00 783.87 1,520.78 1,583.72 1,335.98 -506.95 5,612.32 1,761.87 1,785.69 1,697.68 5,680.56 151.35 998.59 246.20 1,085.58
INT041 3,311.82 64.63 5,777.46 1,388.88 6,176.86 287.95 1,616.27 7,086.83 3,949.10 1,052.80 185.44 1,699.05 775.00 1,291.07 1,477.12 2,462.95 2,149.41 138.57 5,344.10 7,292.11 28.43 3,803.72 1,117.14 5,757.00 1,498.20 226.33 9,218.36 220.83 1,144.79
INT042 1,458.82 784.20 1,234.00 1,051.26 7,000.74 1,635.99 7,499.00 1,665.17 1,375.73 735.36 146.65 1,541.22 700.00 1,388.25 1,309.38 1,563.97 -82.77 4,275.58 6,277.23 144.72 1,798.10 1,665.63 1,485.57 263.88 1,637.48 28.69 1,893.12
INT043 705.42 1,100.79 1,028.73 1,589.74 1,057.94 6,955.30 7,499.00 2,240.97 1,058.57 2,783.79 886.42 1,497.25 302.46 1,386.90 1,072.38 1,702.29 -24.61 4,292.77 3,318.72 255.13 1,158.05 2,590.70 1,479.02 300.12 1,356.67 -108.01 1,612.30
INT044 623.13 1,389.78 2,583.47 1,219.95 2,167.88 2,043.77 4,954.18 974.45 1,460.90 -11.27 1,523.67 276.27 742.78 1,057.47 1,594.82 5,081.04 2,400.96 197.49 4,410.27 1,576.77 1,407.33 1,140.55 -150.98 1,367.19 -1,090.66 1,252.71
INT045 701.86 10,406.74 55.48 1,186.62 2,685.50 857.72 2,148.27 1,104.31 2,301.44 3,221.39 1,422.89 1,526.58 1,872.73 319.23 2,916.78 1,047.36 -5,014.68 1,329.32 0.67 3,411.69 2,229.65 1,953.19 2,083.98 4,650.89 1,400.87 1,177.74 291.90 1,362.57 1,167.78
INT046 913.74 1,106.54 765.06 1,139.26 2,907.40 780.43 2,933.93 1,109.86 1,725.52 1,305.13 737.44 1,059.52 1,449.32 475.00 1,139.45 1,046.12 -3,343.30 1,389.21 -109.79 1,439.56 2,239.96 1,932.21 3,247.75 5,426.34 1,413.21 1,035.28 -250.91 -40.73 1,135.41
INT047 2,223.27 45.54 966.34 1,134.44 2,118.88 899.64 2,172.80 1,108.91 1,539.77 1,125.73 1,618.95 288.53 1,467.55 231.18 1,256.36 1,021.52 2,976.38 25.15 1,206.13 1,993.33 1,834.01 4,379.58 1,400.88 1,202.20 176.59 1,120.01
INT048 4,750.77 773.56 1,188.52 2,000.52 918.64 1,486.39 355.82 1,403.18 5,394.73 290.38 1,515.90 236.15 1,340.72 1,017.28 1,779.21 -539.82 1,206.69 54.30 1,634.66 1,564.67 6,239.60 1,400.94 1,147.80 211.04 -959.77 297.79 1,104.11
INT049 -41.53 3,969.27 121.63 6,028.20 1,120.14 4,195.09 2,475.25 1,478.02 373.06 231.42 1,618.68 5,775.95 1,776.80 797.28 227.47 37.89 928.75 1,031.02 1.98 1,141.81 71.88 1,004.84 1,638.55 1,286.91 1,375.91 3,738.89 -20.39 958.59 1,131.87
INT050 -116.29 885.07 59.04 1,504.52 1,129.48 2,615.53 1,935.74 1,506.77 777.98 312.70 1,739.57 1,693.44 1,046.97 797.62 268.63 300.42 929.76 631.00 1,031.00 0.60 1,140.92 -285.90 1,993.33 1,494.92 1,020.93 1,399.10 1,050.85 93.51 924.78 1,137.04
INT051 -187.11 1,798.50 667.11 900.96 1,135.16 3,381.69 1,534.71 1,532.87 771.15 345.87 1,548.28 1,453.95 756.77 157.97 -367.45 281.71 894.44 631.00 1,031.02 17.73 2,145.30 224.21 700.00 1,838.98 1,016.24 1,657.38 859.09 65.00 0.10 741.41 1,181.31
INT052 -45.11 866.06 3,976.67 899.30 1,136.66 2,882.12 1,626.68 1,852.49 289.74 350.21 1,323.85 1,292.59 1,001.36 16.17 -1,571.77 153.77 896.83 599.00 1,220.44 15.71 1,444.52 1,533.44 1,097.54 1,016.10 1,390.73 958.40 2.13 0.10 700.00 1,166.73
INT053 20.04 4,540.65 5,868.58 901.33 1,158.24 1,143.27 1,252.47 1,580.85 288.18 352.37 1,691.93 1,253.33 700.00 -862.55 -3,957.27 155.33 907.61 1,726.69 8,279.35 -164.38 1,168.70 1,600.75 1,127.87 1,871.94 1,288.46 995.09 58.68 1.10 293.45 1,040.63
INT054 -103.85 3,677.75 895.19 906.11 1,527.16 1,130.09 1,416.53 1,500.80 288.32 314.77 1,665.26 405.00 700.00 284.58 -181.13 246.39 877.03 1,154.16 -2,158.27 56.96 1,381.98 1,239.74 1,231.69 1,602.23 1,311.90 869.04 17.77 1.10 700.00 1,094.65
INT055 -12.55 811.28 957.89 906.16 2,617.19 1,126.98 1,251.93 1,519.15 256.23 268.16 2,792.78 405.00 798.35 -92.44 50.01 241.43 1,320.09 966.40 -741.10 -121.86 1,424.82 1,649.14 220.22 1,551.62 1,326.28 859.72 6.52 999.23 995.82 1,061.20
INT056 -23.61 697.77 968.29 905.95 1,198.09 1,104.27 1,525.19 1,519.49 200.86 305.52 1,910.92 315.91 2,730.42 1,188.50 569.00 895.10 1,553.99 -11.95 -188.65 1,370.59 1,411.05 928.47 1,564.91 1,501.82 69.63 93.03 200.00 977.16 1,036.87
INT057 -19.78 2,266.68 1,135.28 1,003.99 1,115.38 1,308.78 919.82 1,583.32 201.79 196.61 1,930.93 1,647.85 1,116.98 569.00 879.50 -497.20 3,560.43 3,053.44 -1,193.20 1,727.24 1,919.60 974.33 -241.46 305.12 982.36 1,027.73
INT058 881.91 2,380.20 1,030.76 1,144.18 1,314.41 1,725.87 1,588.02 1,608.24 1,871.17 1,198.47 921.97 858.62 -516.32 -7,063.22 2,945.80 3,536.39 1,288.39 1,377.46 949.53 292.36 223.61 1,030.94
INT059 890.51 1,692.00 1,604.43 1,170.67 1,309.21 785.00 1,701.56 200.10 1,539.12 -102.39 3,994.68 778.15 935.88 1,077.28 -2,020.43 1,264.56 1,995.93 1,784.07 1,379.28 161.93 303.31 206.20 1,028.85
INT060 888.27 1,019.05 1,536.28 1,201.93 1,242.19 782.10 2,208.77 200.02 779.34 1,291.60 -580.72 3,589.73 750.44 561.40 665.00 -127.13 1,255.59 2,183.81 3,275.70 2,042.74 1,379.83 -275.10 175.63 1,029.69
INT061 98.02 945.61 3,008.73 1,215.59 2,093.31 1,082.31 784.74 1,738.52 706.56 1,419.98 3.24 5,800.02 846.88 129.64 -229.55 -726.65 3,129.33 2,753.88 5.43 0.00 1,406.24 1,466.29 23.90 -80.60 162.62 1,028.17
INT062 104.79 922.66 4,932.14 2,295.58 111.35 1,163.19 1,066.38 1,706.05 773.09 1,595.91 6,712.31 1,016.34 690.69 631.00 1,254.89 2,390.17 0.50 1,330.43 -146.10 219.00 1,478.00
INT063 556.43 922.99 7,000.24 1,564.14 1,148.83 1,327.58 1,729.76 251.00 1,001.66 1,694.31 5,692.76 1,092.88 749.68 958.08 915.81 1,255.73 2,373.82 -81.04 1,453.57 1,008.36 1,408.55
INT064 1,061.86 922.32 6,963.75 -823.44 1,824.25 1,669.79 1,477.51 1,689.68 1,691.33 -2,325.42 4,029.80 1,138.99 236.62 814.89 4,930.72 948.86 8,260.03 1,216.10 2,378.28 -764.72 -629.07 1,209.97 1,166.74
INT065 0.00 2,823.81 1,961.36 2,384.20 1,255.23 1,701.14 316.93 2,063.09 405.00 1,877.06 574.63 172.53 774.86 1,074.52 123.04 6,197.59 1,406.76 2,755.52 0.00 1,125.09 1,550.88 1,188.01
INT066 803.24 1,138.90 1,055.43 1,149.62 1,695.00 736.88 1,261.90 3,696.58 405.00 950.44 1,169.20 169.26 4,375.07 1,748.19 1,273.85 2,149.96 1,408.12 2,677.19 5,912.95 987.01 1,257.43
INT067 2,186.79 1,769.15 1,361.88 127.97 4,056.87 1,238.57 84.58 1,684.36 668.00 2,532.83 3,287.96 2,002.75 289.61 7,090.30 1,626.91 1,403.59 4,436.66 1,492.12 2,841.10 690.17 4,879.64 863.66 999.05 997.63 1,305.14
INT068 7,317.68 2,149.50 -59.92 3,228.08 1,273.76 1,980.65 1,796.68 4,412.66 4,266.13 1,433.06 1,496.09 0.00 7,616.72 1,428.77 1,542.44 2,133.79 1,444.55 2,729.11 700.00 6,705.28 2,247.86 998.86 1,689.99
INT069 1,289.28 0.00 1,488.04 116.87 2,072.25 -132.57 2,536.54 762.87 1,947.91 9,403.50 1,234.39 1,722.55 700.00 3,556.34 313.19 8,916.11 1,273.01 109.29 2,687.04
INT070 2,139.54 1,494.09 295.46 2,870.62 790.73 1,463.11 2,285.17 1,068.48 1,854.18 1,493.21 4,721.33 1,894.53 2,332.03 1,788.64 0.00 469.06 2,737.93 189.08 9,999.00 1,288.77 323.97 4,506.09
INT071 763.39 1,810.12 1,879.84 405.00 159.07 94.50 816.06 2,266.07 3,054.01 1,757.47 2,672.63 2,679.85 1,738.43 1,877.79 2,095.62 1,649.29 4,780.83 138.04 3,068.62 1,789.00 396.53 1,150.76 993.74 1,007.16
INT072 -18.62 -48.74 7,278.71 2,109.35 296.26 153.65 199.27 2,910.98 2,081.18 1,228.81 2,413.44 4,544.90 1,577.35 2,248.13 1,531.80 1,993.08 356.73 4,122.17 1,915.49 1,835.64 23.75 1,237.66 6,754.21
INT073 115.37 -491.61 1,202.59 6,986.78 2,399.57 777.52 3,355.70 405.00 250.96 346.91 822.37 2,284.58 2,154.80 1,460.48 1,636.80 2,007.25 1,672.04 2,787.99 1,355.57 77.08 3,493.26 301.13 1,353.77
INT074 61.97 78.31 1,498.73 7,001.00 5,661.75 4,344.02 212.61 259.32 1,390.45 1,831.44 -4,075.24 1,883.58 1,824.47 1,566.33 2,074.77 1,673.65 407.00 2,604.11 1,268.90 9.72 2,656.01 314.62 1,204.51
INT075 599.00 228.99 1,558.84 3,774.00 5,621.83 2,902.62 405.00 225.22 268.53 405.39 812.08 2,001.51 2,556.69 1,901.81 1,995.81 1,714.37 411.00 1,722.79 1,276.62 3.73 1,270.13
INT076 79.21 70.41 162.31 4,322.17 3,674.17 2,045.30 405.00 106.17 -157.72 406.29 1,913.62 2,152.45 1,680.87 1,873.16 2,856.39 1,721.64 -1,869.75 1,677.59 25.46 1,363.67
INT077 71.25 75.85 299.22 0.00 2,123.88 1,128.85 2,693.68 0.40 410.00 405.42 790.71 795.96 2,397.06 1,756.60 1,402.42 3,618.30 1,679.96 263.27 5,604.62 280.35 999.79 32.84 1,692.64
INT078 126.66 346.53 1,723.50 1,195.89 2,110.24 920.94 0.39 1,266.15 797.50 -1,229.83 2,433.78 1,987.62 1,942.67 2,242.94 1,589.81 313.58 5,530.00 306.84 2,313.29 -284.24 1,703.45
INT079 51.68 111.45 3,709.93 1,463.00 2,037.88 771.75 5,584.29 -94.08 860.98 13,271.65 1,722.30 1,665.56 2,167.20 1,451.60 1,492.89 266.32 1,560.02 4,321.35 184.70 -309.30 1,436.84
INT080 -5.74 94.41 1,834.94 350.13 4,030.76 2,042.60 1,039.96 -232.13 2,166.61 405.00 1,745.55 1,016.53 2,396.60 1,455.52 4,164.08 1,534.81 164.77 1,571.73 1,280.16 750.00 1,370.63
INT081 130.12 751.89 263.01 275.38 2,546.91 2,292.00 892.14 986.76 1.26 4,803.19 405.00 405.00 1,973.84 1,111.11 1,867.50 1,548.09 1,686.98 -64.18 1,710.36 1,242.73 309.62 -49.80 2,241.46
INT082 61.62 53.14 254.82 1,556.75 63.27 1,182.35 1,661.68 1,125.93 1,332.91 1.59 4,289.69 1,894.46 1,785.39 1,547.84 2,023.18 207.80 1,468.99 2,191.81 345.13 103.62 1,283.64
INT083 0.00 11.62 118.38 1,469.29 263.25 1,331.60 1,801.12 1,331.99 1,869.34 -108.54 8,096.75 1,788.41 42.89 404.55 1,087.26 1,843.11 1,435.61 1,996.03 2,350.85 1,878.27 -47.03 1,748.87 1,241.95 333.71 78.02
INT084 1,056.71 12.32 175.86 1,321.50 -93.32 1,747.70 1,975.13 884.89 77.51 4,390.51 1,504.49 309.17 327.48 1,323.53 405.00 1,837.56 2,120.07 -1,022.71 114.73 912.29 -70.46 22.30
INT085 2,377.43 38.85 2.44 1,743.89 108.68 5,960.14 1,244.61 405.00 31.77 3,939.65 701.52 2,597.48 1,977.81 1,928.10 1,895.09 940.88 1,680.07 675.92
INT086 3,097.01 3.15 -31.29 1,304.25 139.33 5,174.49 1,298.60 284.35 65.24 2,791.09 762.86 2,029.06 780.82 1,765.33 2,093.06 1,324.27 1,116.09 314.76 1,485.75 -104.77 350.12
INT087 332.38 -408.59 1,236.96 -224.97 2,139.83 1,264.36 362.95 7.76 1,843.19 2,976.20 838.84 799.43 398.85 2,200.27 700.00 1,173.58 192.02 157.85 97.61 498.68
INT088 70.23 1,368.80 217.25 1,301.11 -599.67 1,306.89 1,442.52 319.26 177.48 -18.74 2,020.73 1,547.87 197.33 289.61 -1,542.49 73.77 206.12
INT089 1,218.23 3,405.72 255.97 2,435.98 175.25 3,549.20 1,288.63 335.62 216.27 30.51 2,069.82 5,517.39 742.25 821.13 309.37 1,263.98 2,504.42 4,097.21 -987.47 1,358.10 2.71 288.17 1,038.10
INT090 771.75 5,015.40 212.14 2,233.44 1,381.67 6.59 1,131.07 1,316.01 367.69 272.90 69.96 1,186.97 0.00 797.44 3,146.20 160.66 752.73 1,104.26 1,640.45 406.00 2,579.70 2,270.66 59.22 346.40
INT091 779.93 3,892.84 -116.32 5,842.08 1,243.71 3.85 1,208.26 1,550.74 228.57 73.11 1,752.16 1,286.88 305.43 134.23 971.77 1,364.52 2,030.02 404.93 992.49 21.48
INT092 63.91 1,538.01 28.65 4,801.58 -355.43 921.70 -78.73 60.82 947.37 1,351.06 1,619.70 1,454.03 2,355.08 -131.53 264.65 2,498.13 -1,519.16 -193.89 991.07 774.75
INT093 778.00 1,384.56 -4.42 249.10 1,498.54 -34,781.64 1,586.65 -72.77 870.00 47.49 1,055.97 665.00 1,037.72 1,323.76 1,523.87 -129.84 872.69 8,196.88 -55.22 1,127.84 -4.80 2,024.51
INT094 1,168.12 -95.53 77.63 1,090.27 0.00 818.28 2,253.45 -449.05 4,059.21 21.79 1,177.88 766.60 375.44 780.82 665.00 1,183.74 848.15 914.94 6,910.28 187.17 269.37 199.14 1,283.26 4,297.05
INT095 743.34 1,189.78 5,477.31 0.00 1,095.42 3,996.59 -1,346.24 270.61 811.79 2,079.81 858.31 354.67 264.30 260.70 2,128.55 1,012.91 219.61 202.13 127.82 3,935.41 4,272.56
INT096 93.84 1,171.75 -775.94 4,513.26 0.00 859.64 194.62 1,546.87 -565.56 732.55 -411.77 794.35 1,175.42 -380.05 -19.81 -737.88 883.82 1,093.34 -1,774.50 279.35 -521.58 4,283.47 978.44 6,273.11
Pret Final Unic din luna Ianuarie 2026
1/1