PDF PAGE 1
Data: 16.06.2026
lei/MWh
Interval/Data 01.04.2026 02.04.2026 03.04.2026 04.04.2026 05.04.2026 06.04.2026 07.04.2026 08.04.2026 09.04.2026 10.04.2026 11.04.2026 12.04.2026 13.04.2026 14.04.2026 15.04.2026 16.04.2026 17.04.2026 18.04.2026 19.04.2026 20.04.2026 21.04.2026 22.04.2026 23.04.2026 24.04.2026 25.04.2026 26.04.2026 27.04.2026 28.04.2026 29.04.2026 30.04.2026
INT001 -1,002.42 3,409.85 899.89 -157.10 858.03 1,351.95 699.00 968.30 898.36 -1,054.49 -1,042.31 887.93 898.92 796.94 -89.11 863.21 924.69 1,077.67 1,314.05 -61.70 953.92 1,078.47 14.89
INT002 -964.13 1,335.89 924.34 -105.47 -620.58 814.91 1,097.90 787.75 1,951.32 808.17 -3,073.96 835.81 890.63 699.00 -161.10 838.89 896.05 1,249.77 1,133.51 166.73 919.19 1,065.02 -382.58 126.84 899.52
INT003 -153.15 899.14 899.47 44.30 -1,574.53 -310.18 899.64 1,089.42 827.04 876.61 713.70 894.57 -5,426.61 93.48 234.75 847.37 -109.10 894.99 804.66 989.13 1,084.55 282.29 264.85 -318.35 894.40 1,044.61
INT004 184.45 268.04 -373.63 -6,549.38 -3,721.21 848.40 1,110.67 -212.66 699.00 993.71 717.73 805.82 -3,772.51 881.72 926.05 -135.43 902.86 894.02 841.84 1,083.56 897.46 -3,636.36 -429.29
INT005 134.27 896.52 -1,667.33 -405.13 843.07 1,075.24 -106.39 1,112.30 1,456.01 899.00 -88.21 669.17 180.78 894.55 -118.99 -85.28 899.32 1,086.31 1,015.71 298.70 909.70 -1,314.90
INT006 270.58 -107.04 316.38 254.15 -236.58 803.30 1,180.54 900.55 1,161.96 886.67 891.80 323.77 -3,307.66 899.45 864.91 188.77 987.24 897.98 1,019.63 949.93 76.37 321.07
INT007 223.35 364.98 266.10 -2,172.37 -240.74 -183.88 1,122.09 1,120.47 865.02 890.80 268.16 -6,421.99 896.31 955.56 990.27 -130.27 -1,220.14 927.53 899.05 1,021.09 4.26 0.60 -6.27
INT008 -215.24 887.38 -46.42 165.55 -4,080.27 -124.00 -190.69 -399.80 1,139.70 1,109.02 699.00 850.01 -446.84 800.00 879.59 -6,281.06 917.61 1,020.25 897.52 -12.89 896.69
INT009 898.49 145.66 202.86 -16.08 -512.90 139.68 1,098.07 1,069.08 870.15 880.42 124.60 -824.28 893.63 899.84 -17.53 -4,321.27 924.14 295.61 1,197.76 -32.77 940.24
INT010 152.72 905.72 837.14 59.22 -289.15 -64.17 -346.64 699.00 1,101.47 1,074.66 882.51 818.00 136.46 -534.53 895.85 899.18 801.75 -23.92 -2,049.70 1,059.21 303.58 1,004.27 933.70 -77.20 322.46
INT011 226.69 845.21 15.89 -551.27 -53.59 -209.81 728.29 1,113.20 1,056.74 935.56 831.88 104.16 -450.55 899.15 58.67 22.71 -6,668.16 1,039.35 261.29 1,153.40 967.51 -1,684.80 -280.98 899.56
INT012 271.65 870.46 -158.78 -91.32 -1,921.46 -2,045.43 699.00 1,098.80 1,080.67 906.04 880.52 57.07 -1,592.42 -502.07 197.05 -91.93 -1,450.77 899.05 -205.25 972.22 -200.41 898.12 -63.46 252.96 269.87
INT013 307.98 898.82 0.00 -459.14 -694.84 896.66 1,002.00 1,226.05 894.73 891.81 186.56 -449.65 54.26 268.49 765.92 -123.49 -159.16 892.92 991.06 -3.51 891.72 -1,689.27 -867.01 843.60 891.71
INT014 212.39 984.76 617.35 -62.29 -1,226.08 -434.41 898.30 1,006.57 1,127.31 871.81 348.02 -151.89 263.90 899.38 992.07 -34.38 885.18 -1,971.87 -44.94 884.94 969.60
INT015 -713.77 993.76 899.64 601.70 -85.92 -1,249.92 -302.31 911.94 341.38 1,044.58 1,041.06 910.21 -115.45 -305.10 -29.71 236.30 -70.36 -270.83 899.66 988.97 -60.58 8.53 1,431.47 1,025.29
INT016 25.75 877.05 899.54 141.86 601.70 -29.49 -1,045.95 -361.83 897.76 1,052.94 1,055.12 699.00 857.75 -149.19 -798.38 13.54 123.35 881.78 -78.62 897.77 941.35 -121.84 13.11 1,095.23 899.07
INT017 78.29 6,150.95 674.87 -109.63 -411.53 -1,253.03 1,042.74 1,132.97 1,002.70 898.92 -590.57 -518.31 179.01 156.64 886.68 -75.98 899.47 160.01 872.81 3.79 247.45 873.19 867.35
INT018 -153.86 6,999.00 655.65 8.83 -444.68 288.05 -5.13 1,002.81 96.66 140.90 -168.18 699.03 -33.54 892.75 159.88 840.02 66.28 863.41 2.12 251.68 878.36 1,317.85
INT019 203.95 6,999.00 899.12 740.04 655.65 4.22 -420.24 -85.40 862.71 1,122.12 971.67 800.00 191.88 -667.73 53.08 506.18 -83.50 828.93 911.38 849.94 3.83 925.03 873.35 1,488.53
INT020 85.01 6,999.00 738.27 650.54 835.54 -223.70 -189.32 -82.11 1,057.62 980.54 699.00 801.94 27.72 865.54 -201.18 895.58 220.52 899.16 201.21 860.79 1.69 925.99 1,081.54
INT021 114.25 6,985.32 742.56 -52.00 -190.48 -105.69 -231.11 1,080.26 873.89 971.57 115.87 924.57 774.90 869.08 264.18 -980.99 252.77 73.91 884.65
INT022 -65.23 2,989.95 696.39 112.86 -38.46 807.50 -231.91 -193.35 1,085.37 983.93 884.55 127.86 -255.01 966.02 895.91 -137.33 896.07 254.54 220.46 241.35 988.99 897.78 1,022.07
INT023 76.57 1,034.40 260.68 19.75 866.37 -39.05 12.18 814.14 976.17 916.72 800.00 899.66 -489.47 5,223.21 1,044.40 0.10 940.44 897.63 189.64 66.37 919.26 1,174.28
INT024 -639.05 1,198.30 153.81 3,622.80 -515.87 174.44 195.08 953.97 977.18 765.74 915.42 235.99 811.65 6,827.92 965.21 899.27 995.76 -178.72 118.94 2,069.87 915.06 1,070.92 1,087.74
INT025 -288.17 1,547.66 269.45 1.57 1,098.02 1,225.57 221.82 956.77 997.10 870.69 216.06 -13.11 5,585.54 1,007.36 -201.45 1,058.95 -221.56 136.19 1,607.85 1,457.64 103.19 1,006.15
INT026 387.89 1,967.49 83.54 -5,313.76 2,278.75 961.18 19.76 969.90 856.54 1,012.55 699.00 800.00 27.01 1,280.05 840.72 -934.73 299.48 934.76 -68.85 -1,851.69 1,173.30 149.79 1,243.26
INT027 365.20 2,892.10 307.49 -1,273.69 938.40 -107.03 767.07 738.62 718.62 1,119.65 196.92 1,131.40 712.91 324.41 1,046.59 109.94 -2,012.00 939.40 143.20 1,619.01
INT028 274.01 1,108.83 249.63 -163.16 -34.19 -789.20 -300.45 -42.02 145.52 1,027.35 1,204.85 1,172.79 1,784.66 1,194.48 -184.98 -408.41 961.70 -223.15 3,050.07
INT029 35.71 1,233.09 267.24 88.53 699.00 -5,577.35 -1,542.04 -4,254.30 -3,669.11 1,092.13 -117.32 107.57 1,640.63 1,025.61 230.70 -142.53 2,736.22 -302.98 -70.87 6,023.55
INT030 347.35 1,500.08 289.02 -0.58 -7.59 -52.62 300.98 904.97 201.96 320.20 311.79 1,124.98 1,322.75 1,026.09 70.69 -195.85 896.00 -229.37 2,469.71 240.16 66.81 5,260.78
INT031 320.99 1,656.83 214.49 25.56 184.34 -147.20 -294.73 0.40 1,023.05 151.09 329.30 1,112.00 840.37 2,453.29 -14.63 -304.41 897.87 -6,691.97 3,338.52 -547.09 162.78 -78.45 -350.41 1,381.87
INT032 167.36 1,575.29 -52.98 -598.21 -207.50 -532.51 1.66 254.57 699.00 699.00 -2,552.80 306.77 357.06 -3,353.76 800.00 4,354.80 -39.10 -1,325.61 1.54 321.06 -422.60 1,193.93 -3,147.37 -436.13 -129.82 -1,330.59 1,276.53
INT033 268.71 -33.95 -141.74 -884.74 1,717.49 699.00 833.04 945.11 355.26 116.10 -1,223.21 1,122.31 702.60 251.99 263.18 -955.76 5,534.29 858.90 -1,544.75 -527.45 -1,647.60 -1,297.00 1,083.48
INT034 -151.19 220.95 -353.11 -288.93 -265.28 1,879.37 699.00 1,121.77 699.00 873.46 355.31 66.60 53.98 1,056.16 702.50 890.45 -22.36 1,854.70 852.23 -494.60 -1,291.34 1,103.26
INT035 400.00 344.56 272.44 -807.12 -894.74 -3,098.17 151.30 1,142.23 699.00 699.00 -356.27 995.64 299.81 -1,784.96 21.81 61.16 988.07 699.00 896.11 -611.95 899.78 923.14 -11.45 -40.16 1,128.39
INT036 893.48 -29.17 -8.30 -5,795.15 -5,303.66 884.50 699.00 968.44 -6,733.05 1,023.82 301.02 119.16 1,047.14 -899.83 181.03 148.76 2,117.67 282.11 -359.98 -1,520.27 -1,688.37 1,101.34
INT037 339.63 878.08 -51.76 -3,620.66 -139.19 912.48 881.88 3,307.24 1.87 140.00 824.87 475.61 2,547.65 -227.87 -541.28 330.55 1,358.09 4,998.66 -752.98 -313.67 980.99
INT038 260.18 -29.43 -1,720.28 -153.75 -14.42 -1,174.29 921.96 829.31 740.24 3,278.99 -1,309.50 -32.46 0.75 732.77 7,808.65 653.56 1.09 1,722.96 28.08 -27.05 -3,964.73 1,054.50 4,346.37 -84.89 -96.65 980.93
INT039 -53.71 -40.81 -2,484.39 -138.55 -58.17 -4,545.99 909.17 829.91 346.22 6,071.25 -426.92 0.97 0.42 -404.80 1,355.94 3.15 899.53 1.58 -18.82 -275.68 454.71 436.15 -8.41 -83.14 993.07
INT040 4.90 -917.81 -143.85 -104.18 -2,096.66 -3,218.29 858.09 -314.12 6,837.99 -3,485.73 0.20 12.84 -824.01 774.67 1,021.74 2.00 -1,395.96 1.71 540.22 448.00 -43.96 7.78 980.76
INT041 -2,005.50 0.00 -590.23 -953.00 5,202.59 -438.68 -1,408.02 -1,609.92 629.86 6,999.00 4,682.87 9.96 875.17 789.68 450.02 -124.54 43.40 0.60 -2,832.47 0.31 516.94 5.11 2.23 716.05
INT042 -1,652.67 0.00 -98.62 -118.02 -39.68 -94.31 -1,449.71 -72.18 -137.28 751.63 4,072.30 1,707.11 10.99 716.36 450.02 3.67 699.00 805.65 -4,131.26 0.00 -643.55 447.81 2.00 4.40 -6,560.49 2,652.70
INT043 0.00 -357.50 -341.99 -61.97 -42.53 -93.24 -7,480.56 6.94 66.18 558.70 -1,988.34 796.17 -1,076.66 0.30 -4.67 19.43 -6,711.81 450.02 -694.87 904.25 4.77 -4,581.46 0.00 -45.81 -17.29 -11,107.50 -3,451.26
INT044 0.00 -172.11 -1,362.64 -387.36 -108.96 -368.65 -414.35 -1.08 -280.87 -607.34 746.87 -1,000.77 -1,250.77 -330.36 69.72 -7,326.44 450.02 -249.80 1,155.76 169.87 0.28 -12.34 -488.56 -86.18 -498.11
INT045 4,620.20 -58.83 483.55 -263.37 0.94 -139.24 -165.00 367.32 659.63 -44.55 520.06 -526.28 -28.13 -22.22 -12.30 -1,554.15 450.00 0.88 5,270.55 -2,707.82 1,579.59 -257.11 -202.98 -105.47 -363.33
INT046 -4,553.68 2,746.41 18.08 -549.31 -65.65 -113.89 -20.00 285.83 1,930.38 590.30 -448.80 548.48 -769.72 -117.75 3.09 -203.14 -960.10 -69.47 896.36 -6,738.00 466.50 -1,970.07 -105.21 -97.00 -984.42
INT047 1,506.16 16.46 -337.39 -592.61 -494.40 -100.46 408.57 150.11 637.26 455.78 -314.34 478.80 -591.30 -572.27 -68.74 342.92 -494.22 -279.52 899.43 -96.72 -223.58 -63.20 -690.57 -105.72 -107.14 -1,320.13 -282.93
INT048 -2,608.19 1,967.57 20.29 -914.31 -77.30 -183.89 533.69 1,186.54 455.86 492.96 -1,924.81 -126.19 -223.82 -171.54 -676.66 897.28 -48.98 -681.33 -215.57 -125.81 -116.52 -1,034.43 12.22
INT049 2,327.08 0.48 525.84 -1,016.59 444.11 322.78 456.37 6,053.91 446.01 499.32 2,352.31 -795.29 -66.89 -5.20 713.60 12.74 -3,058.16 -341.34 -57.45 -290.09 -165.02 -3,450.15 3,914.98
INT050 1,840.75 4.03 -858.73 -4,255.96 5,048.17 4,514.88 456.37 5,874.98 499.32 474.21 -1,179.06 -396.51 499.00 -0.36 525.32 713.55 -53.35 -2,285.92 450.00 15.51 -288.53 -158.93 -5,386.03 5,812.25
INT051 1,343.58 699.00 -4,616.84 -5,538.49 513.38 444.91 -278.80 852.46 -344.31 472.38 -116.66 68.08 -125.88 175.67 713.60 3.57 -1,348.70 1,178.80 -1,165.62 -113.43 0.70 -163.46 -5,242.36 4,660.52
INT052 1,054.12 18.80 -4,166.89 1,032.79 -1,385.96 1,066.73 642.99 450.02 499.32 439.54 -829.65 -211.23 -127.21 229.22 713.60 0.60 -1,867.77 2,441.17 -919.49 1.20 -163.24 -5,004.59 507.77
INT053 -1.18 624.20 -3,482.17 707.29 -802.94 812.63 191.57 229.43 597.58 432.27 0.69 -819.49 1.69 -135.09 129.99 738.97 -464.95 529.60 -1,199.71 -1,714.65 -31.77 -159.87 -5,962.82 487.24
INT054 -820.02 267.77 -3,828.93 -311.11 -377.40 -247.47 -74.99 -9.39 400.00 510.69 453.95 0.05 -904.89 1.79 -474.19 162.00 764.20 -452.07 447.17 282.62 -5,690.94 -9.79 -159.71 -6,388.98 487.33
INT055 299.11 34.83 -51.00 -2,626.31 -1,937.32 -2,328.78 -764.50 -203.86 133.57 451.71 453.95 -1,131.76 4.67 0.68 -943.37 150.63 666.84 -609.80 447.01 350.67 -5,043.04 -160.71 -5,290.78 456.19
INT056 325.39 7.40 -16.25 -3,035.79 -2,257.07 -372.13 -52.66 -568.90 439.32 451.71 -880.20 -22.13 -19.36 259.08 271.90 -559.53 4,688.43 342.54 -1,459.39 9.18 -159.55 -3,495.67 452.45
INT057 140.91 -136.60 7.02 -4,234.58 430.85 -230.04 -665.59 -289.34 526.83 -162.98 456.18 -568.72 0.10 0.37 -86.98 -19.64 399.00 6,290.17 671.81 -482.37 -2,061.56 -520.51 -2,699.24 4.06 -114.25 -906.19 735.99
INT058 62.12 -121.43 -52.81 -5,512.96 -209.70 -1,722.11 312.49 199.97 425.11 -2,482.38 456.18 -934.09 0.10 1.31 -336.64 -18.00 -343.36 1,185.87 -23.84 -1,357.55 -112.94 -3,579.84 -2,694.18 -77.01 -119.99 -942.90 704.74
INT059 -24.57 -158.94 -323.45 -5,375.64 100.00 -1,621.71 -36.79 -15.03 425.11 456.18 -544.01 0.10 5.69 -21.53 -144.19 266.60 -344.59 -3,857.70 -1,259.74 -2,975.34 -2,501.16 -128.46 -696.76 698.97
INT060 -120.54 -1,128.45 -71.93 -7,499.00 264.36 -382.81 -2,163.21 536.11 -6,879.08 -123.68 -742.70 0.10 0.38 -168.95 -18.58 -872.95 699.00 -6,527.42 -2,133.80 -7,008.21 -7,499.00 -1,628.33 -37.09 -122.36 1,520.74
INT061 49.53 -1,733.60 -127.48 -5,928.54 -49.51 -678.96 450.99 -5,470.47 567.67 -4,792.07 453.70 -489.10 0.10 0.59 -428.31 -127.73 359.03 -542.41 -38,088.97 -7,499.00 -1,689.22 770.98
INT062 946.54 -1,290.50 -33.87 -5,863.45 491.84 3.57 252.54 430.00 -2,665.15 -616.51 0.10 0.20 0.19 -145.09 -5.25 817.52 -897.52 -329.86 -7,499.00 -1,137.22 -106.81 669.81
INT063 899.70 -232.09 -25.30 -5,855.48 -6,219.22 729.59 -12,012.77 -266.83 -327.83 844.04 -537.15 453.70 -590.55 0.10 0.35 2.02 -329.39 -853.32 311.20 -1,350.75 -108.39 -1,271.07 -1,039.22 -141.83 718.87
INT064 -106.60 899.09 -351.27 -5,849.69 449.16 -13,979.13 -180.32 782.35 332.91 453.70 -524.47 -5,372.95 5.53 -1,436.34 819.15 -454.38 -64.40 -392.27 -953.08 -60,815.47 -112.53 500.64
INT065 -13,192.15 1,077.15 -7,242.84 -6,368.84 -56.71 764.56 450.21 251.96 6,668.96 1,211.69 -368.55 -4,096.39 -24.94 4.31 251.20 -520.03 -315.28 -287.98 -832.66 -123.89 -40.22
INT066 -586.11 1,258.68 -3,833.09 1,132.45 450.21 -256.69 2,731.21 5,700.00 -271.13 -479.44 261.26 -5.17 313.06 -818.35 -108.79 -284.64 -336.09 -117.49 -34.25
INT067 -22,334.13 1,078.40 2.06 -4,509.01 3,439.58 447.30 81.33 562.56 475.43 6,095.93 -417.83 -70.21 8.41 4,486.34 253.13 -108.00 -325.20 -1,176.78 0.92 3.36 -642.81
INT068 -241.65 1,367.85 600.00 7.31 -3,894.34 -351.53 1,565.63 -513.95 46.00 40.64 983.98 368.55 5,848.36 -513.94 12.60 0.98 771.04 426.40 824.86 0.00 -488.62 -298.35 -451.46 -10,425.34 -16.23 -3.64 692.49
INT069 -3,392.04 -5,139.85 -4,115.63 -7,670.08 472.81 -203.76 45.10 -674.07 4,338.86 -6,285.38 -3,725.45 -202.47 0.10 273.45 0.40 -10,971.21 -308.95 -232.22 891.01
INT070 -5,280.66 -4,074.53 -3,236.14 -1,648.06 468.45 -164.01 -42.51 0.00 -1,797.96 1,637.12 -1,015.15 -2,007.17 7.44 0.10 399.00 0.00 367.83 0.60 -133.91 -714.61 0.25 50.92
INT071 -2,089.22 -847.35 -3,486.36 -282.76 468.45 -197.19 -4.07 271.76 59.73 -1,018.85 1,674.18 -129.71 2.64 939.28 1,104.29 46.67 0.10 401.00 1,110.52 -1,404.35 -107.16 -996.22 24.09 -327.79
INT072 -5,749.26 389.69 -4,768.00 -3,181.17 468.00 -1,907.81 166.74 -79.86 46.17 1,667.64 18.32 925.63 809.49 420.95 0.60 353.61 5,253.38 -133.63 -108.75 -2,741.72 0.64 722.95 348.18
INT073 -6,008.53 153.21 -5,220.10 -1,423.61 -139.78 -3,061.95 95.72 -10.28 -18.37 276.48 500.00 -345.59 207.63 699.24 -1,233.28 -976.36 4,192.62 339.36 2,011.22 -8.93 -1,113.27 -4,171.76 -2,714.62 33.07 43.55
INT074 -5,897.61 896.52 -6,231.12 -879.63 -267.53 -362.98 240.85 -183.82 250.29 -36.63 -449.70 -16.72 932.55 -1,192.14 1,102.13 909.56 1,136.18 -165.00 -208.77 -1,454.89 -144.81 266.49 176.07
INT075 1,094.31 -533.39 -540.44 0.10 52.80 169.37 179.28 81.54 125.17 298.02 335.00 901.23 -478.89 699.06 938.52 -1.39 226.04 -76.58 971.42 1,189.52 -390.78 -1,034.11 0.30 883.85
INT076 1,258.27 -105.03 -647.85 -465.01 26.64 699.00 7.71 364.94 -120.99 118.00 -854.86 1,085.23 1,127.21 112.73 -181.23 1,022.19 1,906.46 1,074.23 -1,589.62 1,220.51 1,459.99
INT077 1,209.20 -49.77 -401.00 -908.70 -1,300.09 -1,244.95 4,704.01 -4,859.10 141.96 0.00 -2,510.37 -1,229.00 86.97 294.26 281.17 -1,786.48 1,287.00 1,069.13 5.39 -514.27 -120.57 -271.41 1,045.91 -5,561.06
INT078 1,892.24 1,335.25 -75.61 3.33 6.64 -258.00 -938.20 6,178.93 -5,808.44 276.62 -1,280.27 -343.31 -274.73 -839.65 977.21 91.39 264.58 364.60 -397.26 1,766.64 2,008.78 14.25 8,763.41 -218.44 -4,115.81 929.44 -199.94
INT079 1,186.91 1,985.02 -0.06 5.94 -90.38 -116.82 4.17 6,999.00 6.63 244.17 -859.90 -643.24 -383.72 304.34 235.22 46.26 -366.05 2,274.86 2,327.35 14.21 5,175.89 -35.68 148.33 -2,509.19 348.08 895.16 -5,605.47
INT080 1,374.98 2,207.40 -15.71 0.81 -566.64 -253.31 -139.02 3,444.06 -15.58 -245.66 -1,072.76 -111.54 -517.82 242.17 1,033.70 -430.44 -517.06 5,767.80 5,454.55 2,164.49 3,815.38 103.08 -527.11 -53.43
INT081 1,452.25 -177.70 -26.75 -3,496.17 4.49 -579.72 1,549.21 -193.12 2,959.20 -1,102.34 -202.34 -1,754.53 -4,587.10 915.74 -186.95 -1,732.99 2,211.60 3,069.93 -1,766.32 -667.61 -5,102.00 -414.98 178.20 23.69
INT082 1,365.39 243.88 2.35 -1,869.10 1,596.61 -1,628.12 1,133.26 9,783.25 70.66 777.86 218.00 -1,415.75 1,040.58 38.75 1,099.40 170.15 -314.86 4,208.76 3,256.03 281.45 58.01 6.48 -4,565.30 254.27 30.83
INT083 1,418.21 310.09 -621.79 20.85 2,469.65 1,179.36 1,724.76 -787.56 11,218.99 389.52 842.34 -1,463.81 1,030.32 -35.07 925.08 2.32 2,009.32 5,547.35 281.93 162.20 -318.07 957.91 -1,881.02 1,174.06 -96.14
INT084 284.85 1.99 1,092.56 1,379.02 1,313.63 -56.66 1,458.73 3,480.98 -173.99 1,216.52 -134.79 385.46 1,033.13 6.94 1,493.12 3,430.60 5,124.14 336.53 2,415.56 2,302.90 -1,169.34 148.55 2,522.40
INT085 300.86 282.10 878.82 2.19 1,203.87 1,377.90 1,394.24 176.38 1,342.08 1,940.93 161.09 -562.56 1,126.75 -57.50 1,443.32 2.29 3,954.35 1,673.11 2,841.27 324.78 -64.44 1,418.96 1,240.08 1,382.19 260.26
INT086 315.79 381.46 168.24 1,064.62 2.92 3,476.49 1,435.05 1,510.86 174.65 976.48 2,019.02 144.47 -698.86 -554.22 1,220.99 4,205.06 2.82 3,118.47 1,399.08 1,709.62 -24.66 969.94 1,725.20 -1,759.71 898.90 142.42
INT087 52.00 400.00 -132.18 1,272.15 10.00 6,513.78 1,841.21 1,463.32 -362.14 1,257.70 359.40 -25.34 834.40 4,811.43 0.97 1,146.95 1,852.35 2,517.28 1,258.97 15.16 890.09 3,456.67 -3,304.28 -471.78 103.57 -1,476.53
INT088 -945.42 330.61 -367.17 939.29 -229.72 2,824.94 1,577.98 1,282.42 254.66 1,937.82 -33.99 276.69 -0.04 3,662.13 50.02 1,153.43 2,677.49 4,983.90 300.07 915.71 4,086.20 -475.23 -1,886.55 -598.26 -3,187.79
INT089 -108.73 4,619.18 -235.70 1,086.40 1,466.28 1,190.58 236.27 1,210.00 3,413.92 1,303.93 1,328.54 -35.52 1,610.22 4,617.92 1,439.98 6,814.12 890.41 6,571.52 101.29
INT090 6.72 891.47 976.29 -172.77 1,190.08 2,403.26 3,281.04 171.61 229.90 780.00 1,003.38 -724.19 673.75 4,758.78 1,603.22 6,999.00 283.66 5,213.07 -118.52 270.86 -194.40
INT091 -81.92 126.81 607.40 -112.01 1,032.86 -201.68 821.07 4,238.35 53.66 -201.68 -153.97 1,350.86 3,656.21 16.60 4,574.34 -81.05 -27.15 -1,962.61
INT092 -49.05 -124.23 960.43 -60.11 -6,016.57 886.15 -233.84 699.00 1,444.65 189.71 -94.98 1,920.23 1,441.76 3,222.11 -4,564.94 -485.35 -3,245.51
INT093 1,334.26 1,097.34 966.81 990.37 -21.37 -7,637.59 869.04 1,650.93 102.73 794.56 1,157.64 938.97 839.69 -58.02 -51.35 868.81 1,059.91 -19.45 -2,379.06 1,232.21 1,084.54 882.21 69.53 1,869.97 9,847.76 -64.28
INT094 1,416.04 894.82 1,056.01 738.63 -11.94 -1,258.38 877.25 2,195.50 28.62 863.00 1,149.74 699.00 -336.99 -224.81 959.74 934.46 5.21 -1,017.33 1,031.70 1,084.66 4,256.60 -297.45 249.62
INT095 2,971.85 0.00 -294.75 -201.42 835.85 1,569.01 11.08 699.00 1,385.56 699.00 699.00 -21.50 91.07 951.52 -14.32 -1,484.42 884.68 1,080.08 265.16 4,554.10 269.77
INT096 951.59 230.37 -143.00 813.29 1,212.88 2,970.16 607.64 699.00 -480.06 699.19 -174.28 -2,522.59 1,129.55 -172.04 2,333.48 -334.17 -17.59
Pret Final Unic din luna Aprilie 2026
1/1