PDF PAGE 1
Data: 28.09.2026
lei/MWh
Interval/Data 01.09.2025 02.09.2025 03.09.2025 04.09.2025 05.09.2025 06.09.2025 07.09.2025 08.09.2025 09.09.2025 10.09.2025 11.09.2025 12.09.2025 13.09.2025 14.09.2025 15.09.2025 16.09.2025 17.09.2025 18.09.2025 19.09.2025 20.09.2025 21.09.2025 22.09.2025 23.09.2025 24.09.2025 25.09.2025 26.09.2025 27.09.2025 28.09.2025 29.09.2025 30.09.2025
INT001 390.00 258.93 346.25 672.72 -23.12 750.98 93.12 133.92
INT002 371.60 671.43 390.00 308.91 357.35 309.99 334.69 796.46
INT003 390.00 353.38 137.53 150.69 837.44 201.09 313.31
INT004 378.00 154.90 142.82 -42.44 52.44 53.11 160.85 175.08
INT005 637.68 465.46 1,382.69 612.40 305.10 56.72
INT006 725.43 390.18 697.97 659.32
INT007 204.52 705.44 798.13 775.15 804.06 222.23
INT008 706.30 390.00 743.20 137.78 95.30 61.95 94.56 38.56
INT009 758.23 337.06 260.09 256.19 159.46 310.41 819.77
INT010 313.47 731.46 339.88 747.00 156.29 269.86 565.95
INT011 780.03 690.53 349.32 223.83 153.33 128.69
INT012 701.85 70.22 46.22 797.55 127.06
INT013 578.33 365.57 342.99 129.88 206.43 44.30 57.36 317.97 307.71 158.04
INT014 689.75 326.86 -85.42 490.67 20.79 145.50
INT015 378.91 49.63 82.11 69.79 373.59 320.94 895.88
INT016 -21.20 102.93 119.37 630.27
INT017 248.81 152.22 110.70 493.24 110.72 225.28
INT018 724.82 4.49 103.26 68.42 358.20 59.58
INT019 81.46 711.96 289.99
INT020 199.87 688.30 147.06 52.16 47.47 213.52 76.97 227.46
INT021 483.43 136.72 545.88 73.23
INT022 304.62 731.87 347.31 301.92 709.52 92.84 661.76 93.32
INT023 175.88 390.00 314.87 741.57 708.16 717.96 516.52 325.02
INT024 231.24 370.98 386.15 225.56 651.58 265.05 400.00
INT025 674.44 645.11 112.77 -256.64 433.54 130.41 772.49 193.11 97.74
INT026 109.75 708.45 112.99 161.16 235.05
INT027 248.73 742.58 716.33 300.51
INT028 574.46 528.33 754.01 200.98 785.29 594.59
INT029 234.01 370.00 -123.38 670.38 0.00
INT030 725.13 389.04 390.00 323.59 232.88 731.23
INT031 378.10 392.50 358.78 444.88 392.50 533.17
INT032 639.64 803.60 389.09 398.48 390.00
INT033 384.19 353.78 313.63 736.22 781.61 953.18
INT034 371.35 314.33 243.60 121.37 195.44
INT035 209.62 350.05 152.90 119.81 83.03 172.32
INT036 -245.54 -7,042.81 -26.55 19.74 60.32 328.05
INT037 10.45 -243.69 -201.47
INT038 385.71 -26.13 -3,170.70 481.57 125.59
INT039 -1,084.69 -1,371.12 -6,842.96 206.79 -356.50 132.01
INT040 94.47 -1,204.87 -3,428.75 -17.86 -58.66
INT041 -1,142.41 -207.37 944.83
INT042 -100.99 391.61 -228.77 67.51 78.35
INT043 -843.91 185.16 -186.03 -683.60 108.52
INT044 -2,420.18 -1,456.29 -742.06 -1,193.11 -4,994.90 -1,193.13 -1,072.12 79.86 -34.53
INT045 -345.15 29.95 316.90 -1,372.54 -542.74 -69.45 102.37 219.88
INT046 -439.96 1.35 73.17 -37.72 -2,909.03 56.63
INT047 -327.07 16.31 -53.07 -119.55 -275.64 -4,533.01 23.01 -36.15
INT048 -212.00 28.69 -1,919.65 -2,688.40 -7.64 26.64
INT049 -229.62 -3,474.63 89.04 489.82 -101.75
INT050 -226.89 18.20 13.36 -3,616.08 4.24
INT051 -2,005.98 488.83
INT052 5.10 480.80 -4,983.39 -4,059.91
INT053
INT054 183.65
INT055 -428.78
INT056 -1,620.80
INT057 -161.27 105.69
INT058 -184.62 -161.27 5.49
INT059 -2,789.45 43.80 -1,931.54
INT060 -3,264.54 39.98 -978.51
INT061 -2,154.62 -171.66 -2,806.06 -10.82 -2,509.46 -6,983.70 54.38 -19.80
INT062 179.12 -164.43 -42.24 53.72 -54.33 203.07
INT063 4.12 101.79 132.47 124.79 6.52 870.06
INT064 2.65 -98.40 -3,477.89
INT065 -1,818.95 -2,125.35 -754.50 -6,547.24 -382.41 -456.10 -611.17 191.44
INT066 -286.33 -17.65 63.71 220.76 -4,100.20 45.79
INT067 -727.62 19.38 200.29 0.60 -8,336.40
INT068 -87.78 465.93 2.66 193.03 0.10 391.93
INT069 -58.16 24.68 -178.05 390.00 111.14 -99.73 -695.37 224.39 77.61
INT070 -169.26 -61.28 252.16 225.14 13.02
INT071 339.52 344.39 262.66 -626.08 400.00 960.87
INT072 0.46 298.14 390.00 130.24 356.21
INT073 -38.71 326.15 209.47 42.97 390.01 -232.42 12.52
INT074 307.23 392.00 331.61 1.13 390.00 393.34 202.08 214.45
INT075 355.17 328.31 391.37 592.69
INT076 -216.71 400.00
INT077 782.51 266.39 200.84 0.00 365.73 -72.68
INT078 345.44 251.24 1,336.32 782.63
INT079 374.91 900.07 251.00 251.00 400.00 828.38 1,662.45
INT080 251.00 0.00 390.00
INT081 334.73 702.23 390.00 396.67
INT082 300.69 158.14 1,054.64 390.00 214.18
INT083 392.03 1,340.65 390.00 1,434.06 400.00 342.34
INT084 390.00 489.57 752.89 727.99 688.11
INT085 0.00 824.74 174.97
INT086 390.00 333.35 168.30 177.03 173.81 331.76 323.03 134.79 839.01
INT087 702.60 148.97 679.13 316.33 311.17 784.84 194.95 168.21 857.02 965.66
INT088 631.62 28.75 131.06 143.57 165.31 675.22 186.00 196.03 127.50
INT089 21.31 733.85
INT090 142.68 390.00 725.70 346.89 390.02 759.68 727.56
INT091 674.28 368.02 116.11 208.45 666.82 292.11 759.51 818.16
INT092 760.59 747.97 94.71 172.32 315.73
INT093 115.16 123.42 80.55 125.35 325.84 109.49
INT094 308.71 868.74 341.14
INT095 90.07 290.14 811.41 400.00
INT096 711.20 149.38 225.56 -341.89 254.83
Pret final de excedent din luna Septembrie 2025
1/1