PDF PAGE 1
Data: 16.07.2026
lei/MWh
Interval/Data 01.05.2026 02.05.2026 03.05.2026 04.05.2026 05.05.2026 06.05.2026 07.05.2026 08.05.2026 09.05.2026 10.05.2026 11.05.2026 12.05.2026 13.05.2026 14.05.2026 15.05.2026 16.05.2026 17.05.2026 18.05.2026 19.05.2026 20.05.2026 21.05.2026 22.05.2026 23.05.2026 24.05.2026 25.05.2026 26.05.2026 27.05.2026 28.05.2026 29.05.2026 30.05.2026 31.05.2026
INT001 15.67 119.39 918.00 792.03 228.83 339.94 153.45 294.60 192.27 -2,449.72
INT002 830.04 140.13 311.47 -327.77 120.11 -18.12 33.07 1.10
INT003 860.03 -28.55 -91.77 0.00 10.34 -137.11 -27.68 59.53
INT004 -58.32 -173.75 -67.12 -301.62
INT005 -608.15 192.80 1,328.48 -167.58 397.75 0.86 -235.30
INT006 230.29 282.40 922.07 -166.32
INT007 159.23 266.62 896.80 1.45 899.32 -5.36 -223.56
INT008 -18.98 -82.53 -568.69 400.00
INT009 3.21 272.80 -224.28
INT010 -45.81 189.57 2,161.78 26.29 123.91 982.96
INT011 314.47 121.23 -101.03 50.12 220.45
INT012 747.99 -140.20 -56.50 -573.82 187.83
INT013 288.30 7.86 -858.14 -5,535.89
INT014 927.18 400.00 197.00 321.73 -150.80 287.95 0.00 8.03 400.00 -4,547.20
INT015 288.95 -7.60 281.28 10.76 -2,345.47 141.31 329.29
INT016 279.44 271.63 -179.30 476.94 930.89 109.99
INT017 940.17 -111.35 -41.16 400.00 -22.46 372.43
INT018 264.10 -108.56 1.89 -128.81 271.88 -128.34 335.53
INT019 -81.11 282.82 27.17 302.57 -73.65
INT020 917.21 63.35 824.02 360.59 183.27 400.00 16.99 0.00
INT021 -13.69 288.40 340.95 877.82 901.65 -3,224.27 386.00 -2,266.64
INT022 315.00 0.00 871.74 -154.68 280.81 135.17 -358.68
INT023 367.21 400.00 50.51 77.99
INT024 368.02 290.09 255.16 -136.19 70.49 120.00 0.26 95.74 0.20
INT025 149.73 233.97 294.09 753.47
INT026 124.18 0.24
INT027 198.80 1.45 326.75 123.76 863.45
INT028 876.66 5.88 258.33 95.01 1.27 816.13 -1,160.76
INT029 818.92 782.44 -74.62 17.70
INT030 5.06 810.10 4.98 -7.28 793.18 0.74 400.00
INT031 326.09 -22.58 129.29 2.02 -125.81 806.54
INT032 -25.78 130.10 -233.91 853.37 366.68 -1,334.45
INT033 -421.16 -2,929.14 0.20 42.18 545.91
INT034 -202.28 -399.22 -2,500.73 0.20 5.14 569.31
INT035 -123.96 -507.61 -66.14 -471.99 8.82 675.55
INT036 -124.38 -10.84 3.07 2,068.77
INT037 630.79 276.13 -215.19
INT038 -146.53 -1,052.44 0.60 -518.90 -16.01 749.05
INT039 642.42 -1,415.42 -906.07 24.25
INT040 97.58 -633.87 36.36
INT041 169.34 -162.67 508.71
INT042 132.90 56.01 2.29
INT043 -713.08 -106.48 -9.55
INT044 -208.88 -471.79 -2,326.53 -2,397.42 411.45 -6,520.77 -114.75
INT045 -579.95
INT046 -166.92 551.27 11.84 491.24 61.18
INT047 1,043.54 -46.21
INT048 51.45 -27.42
INT049 -1,624.52 493.49
INT050 639.73 -1,262.91 -22.08
INT051 251.41 432.45 -206.51 8.37
INT052 468.97 256.15 -0.69 418.81
INT053 405.92 333.68 -7,510.78 -20.25 -164.74
INT054 298.02 356.36 -6,910.19 -106.00 -139.41 93.73
INT055 16.88 4.91 280.14
INT056 -162.34 -6,884.39 0.57 -675.63 -4,845.48
INT057 -163.54 674.15 -2,710.12 -132.47
INT058 -143.03 2.20
INT059 -144.21 729.31 -23.35 -161.56 -975.48
INT060 -3,256.67 -904.04 -1,663.07 289.90
INT061 -142.99 -481.33 53.82
INT062 450.15 -1,775.80 -222.69 474.11
INT063 -7,581.42 242.51 -106.00 -198.83
INT064 -6,429.56 176.73 -106.00 -1,702.49
INT065 -1,078.43 0.18 89.86 -3,656.10
INT066 -184.71 -106.00 -6,943.36 -6,318.43
INT067 -332.71 -113.72 -99.79 -4,491.99 -6,530.83
INT068 466.78 745.85 -298.66 -92.82 -188.20 -158.48
INT069 1,118.58 12.54 -333.75
INT070 -175.17 761.70 -273.00 400.00 0.54 3.02 668.79
INT071 0.70 300.67 -180.27 -257.42 739.31 12.32 470.85
INT072 -8.44 -336.41 -272.38 0.04 372.44 498.42
INT073 812.06 -5,202.76 -123.43 1.94 1.29 -5,814.30 -179.28 5.37 -0.78 282.07
INT074 9.63 2.89 273.60 883.40 -2.42 1.28 -18.06 0.60 -3,271.32
INT075 17.93 109.73 0.70 0.50 0.50 -164.47 728.34 99.87
INT076 968.13 300.24 351.41 791.70 -156.86 1.88
INT077 0.60 256.76 401.00 900.34 -196.49 -3,481.34 -4.59 -1,590.24
INT078 124.57 0.95 401.00 305.49 1,046.73 401.00 344.22 1.97 998.26
INT079 0.70 0.88 1.10 16.49 -45.21 0.60 0.50 362.12 5.01
INT080 855.16 960.44 728.06 133.36 856.40 401.00 1,168.21 0.60 0.65 0.50 0.40 400.00 791.60
INT081 401.00 301.83 271.88 222.34 124.89 400.00 14.63 269.47 3,600.97 0.60 -0.02 263.86
INT082 348.64 274.42 286.83 1.19 383.93 3.82 1,243.94 80.23 798.78
INT083 311.31 333.28 -399.44 867.21 256.28 275.17 359.58 0.60 239.35 280.16
INT084 1,026.34 255.12 331.42 -91.25 281.09 306.72 0.87 944.89 631.43
INT085 1,085.63 796.54 117.06 0.60 277.89 251.00
INT086 257.83 295.57 400.00 312.03 -151.93 401.00
INT087 289.76 338.11 158.39
INT088 393.36 320.63
INT089 354.16 881.39 1,096.78 -343.77 0.60 -167.17 0.60 -90.14
INT090 889.75 -143.41 0.60 156.38 0.60 935.83
INT091 859.84 401.00 71.00 7.22 271.06 0.60
INT092 0.00 477.56 -104.66 231.67 293.23 -178.06 898.01 -1,090.61 -109.88 -97.07 -69.84
INT093 0.60 890.75 286.10 633.39 -212.97 37.52 975.22
INT094 0.60 194.77 911.66 395.04
INT095 1,244.14 1,005.94 393.62 313.44 276.67 271.56 -152.35
INT096 0.97 154.17 -70.77 384.27 171.26 264.86 2.42
Pret final de excedent din luna Mai 2026
1/1