PDF PAGE 1
Data: 15.01.2026
lei/MWh
Interval/Data 01.01.2025 02.01.2025 03.01.2025 04.01.2025 05.01.2025 06.01.2025 07.01.2025 08.01.2025 09.01.2025 10.01.2025 11.01.2025 12.01.2025 13.01.2025 14.01.2025 15.01.2025 16.01.2025 17.01.2025 18.01.2025 19.01.2025 20.01.2025 21.01.2025 22.01.2025 23.01.2025 24.01.2025 25.01.2025 26.01.2025 27.01.2025 28.01.2025 29.01.2025 30.01.2025 31.01.2025
INT001 1,023.55 2,581.86 923.32 1,409.28 1,048.09 923.13 -23.47 -2.83 -92.24 -65.64 770.15 768.93 742.60 833.81 680.00 1,435.19 144.50 703.92 4,668.44 797.07 6,640.40 557.64 1,039.52 881.06 821.00 177.07
INT002 1,005.03 912.63 891.40 1,689.15 1,056.75 806.38 19.68 -1,014.59 -85.36 -69.25 -23.12 764.97 612.75 739.55 680.00 843.37 131.25 680.00 2,931.87 5,160.24 1,033.43 1,062.35 757.29 708.30 26.08 31.37 -2,516.81
INT003 1,069.58 773.98 1,622.04 1,023.00 1,032.09 -2.05 -4,844.56 -53.27 -43.99 778.74 1,039.57 767.79 677.91 -6.22 643.03 -1,783.65 680.00 1,135.31 990.91 991.84 1,254.45 782.13 72.88 32.37 -4,332.52
INT004 299.00 -67.54 1,060.66 680.00 -24.10 -5,001.00 0.28 454.77 -66.58 680.00 1,112.52 680.00 701.09 -245.12 678.16 -1,981.97 680.00 1,145.47 80.40 931.20 57.27 700.00 -1,555.92 -17.30 -4,499.00
INT005 731.96 639.00 977.34 1,257.28 974.35 -127.70 -760.85 102.17 -49.71 764.02 680.00 943.92 764.77 3,672.30 224.31 -675.69 1,121.93 710.74 52.11 747.94 714.80 959.46 903.67 -1,034.38
INT006 722.01 640.22 996.11 963.46 -45.75 -43.14 -103.13 771.23 -5.77 842.51 788.88 685.02 2.02 -1,498.66 98.69 1,364.97 858.48 -3,214.52 892.73 853.41 696.53 -66.91 115.27
INT007 94.02 63.00 969.45 -100.00 6,229.52 -98.27 679.13 848.42 786.68 680.00 -209.02 163.84 71.91 1,148.19 116.58 996.50 930.83 -2,434.04 711.94 748.62 2.21 774.20 -3,434.59 226.35
INT008 188.58 -30.34 742.47 -4,045.47 378.56 671.13 19.62 849.22 71.44 73.99 129.48 80.20 1,344.18 32.13 700.00 -2,541.78 700.00 749.83 -267.14 683.70 -491.39 77.47
INT009 826.08 680.00 0.19 912.86 -1,401.46 880.75 906.63 692.98 834.29 1,098.95 910.21 -340.18 131.87 120.68 1,088.24 126.14 1,164.24 964.17 -376.00 730.99 -232.58 4,063.93 17.52 698.30
INT010 683.02 -3,099.89 107.82 58.99 921.30 -100.96 -4,000.56 736.35 695.64 762.53 680.00 834.24 879.65 -93.82 -203.21 281.62 23.48 680.00 1,530.68 967.33 891.41 -118.60 932.39 840.11 -312.58 3,327.10 -1,848.56 572.16
INT011 777.39 -5,159.08 231.08 4.58 775.24 6.30 -5,001.00 138.85 680.00 761.44 837.97 842.90 183.63 4.66 167.67 -272.75 637.39 1,584.19 135.12 3,968.10 700.00 -2.09 -1,320.73 4,183.56 -269.12
INT012 290.00 671.39 -6,016.67 112.71 -3,558.69 680.00 -33.43 -5,001.00 142.71 666.78 777.99 76.68 846.31 -58.72 -0.45 54.93 676.23 1,682.12 182.22 912.89 821.06 -75.35 157.91 33.34 -3,019.97 943.62 -398.22
INT013 750.07 -247.61 290.00 4.88 680.44 -28.20 -242.07 190.72 680.00 778.72 92.22 838.04 798.99 94.64 26.01 171.30 -103.14 608.85 1,023.79 994.71 820.27 -33.01 -360.86 1,098.29 -1,147.56 99.67
INT014 801.49 -38.88 25.48 41.21 700.65 -5.59 -15.44 169.99 774.91 176.39 937.10 707.05 115.86 -2,304.29 31.27 -509.08 718.38 984.88 705.73 11.17 925.30 -505.02 190.01 2,570.30 -357.18
INT015 680.00 720.93 -112.49 107.61 17.96 803.58 -117.80 -15.01 678.28 793.19 285.90 939.22 731.25 -2,343.51 -147.66 715.72 995.65 840.00 842.85 57.90 700.00 -328.34 203.85 4,099.92 -846.32 250.05
INT016 680.00 680.00 -182.26 29.99 -934.91 724.93 -15.05 673.67 799.09 30.26 961.63 -111.81 269.76 645.46 849.71 881.44 694.94 840.00 790.74 -1,502.76 700.00 728.27 -44.47 117.90
INT017 0.00 79.92 -106.03 -2,292.35 738.78 53.29 -21.69 680.00 30.17 -28.41 1,877.55 792.51 -137.14 -83.68 301.00 103.25 680.00 1,013.13 700.00 -2,895.75 860.73 789.03 50.23 120.60
INT018 680.00 66.75 675.20 -16.71 774.15 59.18 -5.32 707.70 661.81 -70.36 -5.88 925.11 783.59 -83.77 183.26 93.45 680.00 980.90 646.96 711.88 -70.83 999.78 181.91 698.04 58.28 0.00
INT019 680.00 669.36 -8.21 673.29 12.82 -19.32 743.55 331.98 75.15 1,336.48 69.49 93.07 986.40 927.07 778.68 914.32 22.76 933.98 164.56 786.03 -27.42 -2,231.47
INT020 676.89 804.50 -2,032.63 -26.44 -7.69 679.70 300.00 732.81 30.72 3,091.75 680.00 101.99 888.82 -691.85 905.92 921.15 300.00 904.72 20.09 899.71 -30.63 811.75 140.69 158.62 330.72
INT021 756.37 674.28 -60.92 686.05 67.46 -0.74 -51.34 2.22 82.08 3.38 5.66 2,499.06 680.00 115.74 87.02 919.72 -704.95 727.69 680.00 236.26 -48.26 767.91 -59.01 983.95 -1,144.09 685.61 -29.14 189.85 324.10
INT022 703.23 669.45 -30.08 622.83 145.00 -23.01 -111.59 -18.19 35.41 675.87 117.72 1,038.07 736.60 369.89 62.49 941.72 -600.51 700.63 702.59 -16.80 788.54 -110.41 -18.13 688.46 203.10 206.38 -99.03
INT023 680.00 680.00 -58.64 680.00 145.19 -16.97 -134.98 -8.70 35.75 778.98 114.74 2,476.40 780.56 991.88 99.38 62.32 961.09 1,120.02 207.19 952.40 52.34 -168.45 698.21 201.00 40.45 -1,322.89
INT024 701.84 659.91 -3,777.99 680.00 91.18 -27.56 679.23 -34.23 789.68 86.63 768.06 2,845.62 965.09 874.07 79.94 728.10 -76.28 938.23 960.29 783.44 786.75 -213.73 -2,132.65 -44.54
INT025 707.28 -27.85 -5,001.00 11.01 -25.53 0.89 -3,746.02 94.36 -6.78 -54.32 26.90 1,541.42 203.82 90.44 -3.75 142.64 770.81 -1,830.89 -217.46 104.15 -3,260.44 -3,257.60 68.10 700.00 -262.35 43.19 -1,190.03 -4,254.47 -2,981.13
INT026 680.00 -18.58 -2,883.68 -249.37 -15.73 0.82 -3,493.55 136.50 15.83 1,163.50 680.00 85.65 146.96 609.51 832.20 294.52 -266.66 -13.21 -216.10 700.00 -12.55 1,051.73 -499.97 -1,337.27 -2,257.66
INT027 764.49 153.51 -1,554.76 680.00 -62.14 9.87 -96.79 -125.03 692.00 -4.05 851.03 961.19 1,434.99 -235.88 13.84 614.78 986.87 1,595.23 -3,054.62 -264.72 246.05 700.00 2,004.98 185.01 221.79
INT028 781.93 692.24 -240.31 680.00 8.49 -158.46 805.70 66.32 856.85 785.06 -313.89 592.37 2,336.06 2,347.36 3,770.87 4,265.52 47.03 634.40 5,418.30 4,107.10 1,692.93 1,026.64 -588.72 700.00 1,123.72 5,704.73 917.12 -53.87 450.88
INT029 760.62 97.75 -1,733.70 807.37 -72.41 3.76 16.11 -2,603.86 7.95 -42.22 -14.33 -106.53 126.93 -2,872.54 -1,303.45 94.80 960.18 71.00 -2,792.43 -3,002.95 -4,313.93 91.13 700.00 -1,512.43 1,736.61 -1,201.79 -1,609.40 -3,616.92
INT030 760.62 112.98 -560.44 960.54 -159.65 61.27 692.58 -166.40 314.47 4,725.23 1,071.69 680.00 74.07 785.74 4,275.37 1,221.41 228.81 27.14 149.97 600.00 700.00 213.99 1,324.34 257.85 -100.11
INT031 754.82 108.24 -197.30 1,183.99 -904.31 762.26 108.40 1,174.84 4,293.40 1,050.41 1,338.17 1,306.68 163.55 78.57 680.00 5,557.26 5,667.22 285.30 319.18 905.83 4,158.79 1,260.23 257.93 186.94
INT032 63.92 -479.19 1,344.53 270.26 702.25 2,191.40 2,681.78 463.72 5,999.00 1,075.27 3,381.70 5,023.23 165.35 680.00 4,513.99 4,579.83 1,213.55 318.95 991.21 115.53 5,999.00 5,493.33 282.08 340.00 1,138.92
INT033 719.84 -65.75 -311.43 -32.99 135.25 80.07 -19.60 41.85 -106.79 2,084.41 2,456.05 2,072.00 976.61 -1,878.46 680.00 1,910.71 4,150.74 33.45 -1,509.01 -897.09 1,696.82 1,057.67 230.12 -21.48 148.71
INT034 -77.59 18.66 -101.38 12.12 129.48 207.63 216.14 -205.59 689.08 4,991.44 1,484.20 1,419.81 1,274.38 -678.37 707.39 1,842.90 2,024.34 93.35 -1,379.01 108.19 5,463.58 889.47 278.17 -70.45 1,116.28
INT035 108.67 -342.32 680.00 -34.44 4.30 189.28 975.53 286.10 737.23 4,257.73 1,293.17 1,244.77 895.36 922.61 54.63 862.33 1,855.31 1,638.26 1,952.07 114.65 63.23 4,745.27 700.00 369.24 334.31 1,042.56
INT036 -2,589.81 187.91 677.85 -3,897.94 -79.19 153.82 1,000.39 754.67 710.69 1,292.90 1,199.36 1,231.62 934.23 284.39 801.39 2,483.09 1,735.16 2,402.38 318.84 -1,050.13 42.86 3,097.52 -1,094.90 328.67 1,077.59
INT037 170.36 604.77 -186.37 680.00 -130.51 149.24 -94.29 695.22 1,465.61 1,690.11 1,658.21 680.00 1,169.52 229.31 3,184.53 918.92 1,728.30 -184.07 1,529.79 -152.07 -2,533.90 3.23 1,264.53
INT038 -125.65 421.60 943.41 346.43 16.55 -211.17 135.47 1,045.61 112.11 301.00 48.78 713.32 1,467.36 2,170.82 2,074.73 1,495.34 227.76 132.46 4,736.29 2,168.55 1,682.06 -381.31 5,716.63 -213.04 140.67 232.84 -28.07 4.73 1,247.50
INT039 -2,286.04 -21.80 1,130.53 1,076.87 -307.28 -599.06 81.42 1,166.50 15.55 301.00 738.40 1,471.35 1,229.19 2,638.92 1,274.08 301.00 2,995.30 1,512.47 -4,048.85 1,270.65 -229.95 188.49 165.85 0.01 -30.22 1,209.30
INT040 -5,001.00 -271.08 1,240.10 2,899.68 -3,188.86 83.10 -3,407.33 64.24 800.00 2,117.56 1,312.86 1,850.58 -821.33 1,316.20 0.00 1,665.26 -5,001.00 1,279.87 -282.34 325.99 -1,248.12 -16.21 -1.88 -30.48 1,222.32
INT041 -589.01 344.61 5,999.00 1,082.84 -541.43 65.71 -722.29 680.00 785.49 770.39 1,313.51 1,236.46 1,844.82 1,306.33 3,378.17 1,077.70 964.03 1,483.65 1,966.52 3,427.66 990.12 300.00 979.56 -575.83 -383.24 36.56 3,750.34
INT042 -358.41 1,725.02 1,666.50 10.36 18.76 15.58 4.32 749.56 680.00 1,350.13 1,150.16 2,027.60 268.86 2,339.17 1,113.06 680.00 1,427.63 -704.46 998.65 -2,395.63 -39.12 -1,774.73 1,192.96
INT043 -191.93 103.26 1,105.76 0.26 1,010.14 18.19 -196.18 7.22 -18.62 1,156.81 -217.65 1,266.12 1,433.30 -2,472.03 999.62 114.96 -5,001.00 -60.44 -387.97 -732.59 1,214.40
INT044 -148.99 97.58 1,317.71 -56.11 -1,653.82 1,000.62 -1,736.42 -595.05 -15.19 -66.71 -2,888.28 74.68 -149.48 1,318.30 242.96 889.27 35.51 -442.32 1,847.20 -3,114.24 998.86 182.16 -3,267.40 -27.35 -518.89 -37.98 1,927.13
INT045 -124.61 -97.72 837.75 1,091.21 -2,293.89 920.32 -552.38 -132.39 -252.36 -706.70 94.99 680.00 78.38 800.90 1,247.89 1,735.64 2,327.85 35.00 2,937.33 -2,058.17 2,080.06 727.56 891.88 -1,006.79 -1,717.61 103.10 1,096.32
INT046 -123.53 131.68 726.89 1,015.92 -1,123.93 680.00 -84.12 -203.55 -180.60 -15.19 -20.58 800.00 1,193.87 1,130.98 1,072.58 1,265.98 -2,618.51 990.55 877.21 950.23 -414.74 -1,084.55 -700.72 1,291.30
INT047 -148.56 106.84 725.44 17.29 -170.74 -184.96 -223.61 -584.48 -86.90 -2,679.81 -13,294.78 511.56 98.37 1,211.45 940.31 1,020.97 1,283.39 700.00 870.43 700.00 -649.78 -1,141.91 -555.95 -320.14
INT048 -107.67 36.06 684.55 -1,627.13 -1,962.41 144.37 678.56 -176.53 -145.20 -4,733.46 -3,026.72 -2,834.88 -721.01 -872.65 1,224.71 1,052.01 -1,509.92 1,416.95 -1,565.87 700.00 600.00 20.34 -610.14 -443.79 -2,848.03 -10,601.50
INT049 6.02 -18.14 -1,493.39 157.35 -129.49 -234.47 -696.38 -3,066.02 -433.32 15.49 670.91 680.00 1,039.60 1,358.13 1,362.06 145.55 1,200.51 -1,777.22 700.00 897.54 104.63 -704.06 -764.97 507.96
INT050 0.23 8.01 45.46 -43.34 -2.14 169.58 -322.01 -347.25 -49.00 -127.45 34.18 -264.14 800.00 114.47 680.00 1,039.36 1,036.31 1,495.76 -110.71 1,201.46 -441.40 700.00 600.00 -4,240.97 -382.47 -1,267.06 -6,854.48 702.58
INT051 -172.25 -42.53 680.00 -1,851.85 10.13 0.16 342.22 -319.37 -250.60 -910.35 -369.81 -62.87 -1,032.74 549.85 181.23 1,010.27 978.45 1,065.78 -1,098.18 1,244.05 -643.95 600.00 -4,995.42 -261.21 -926.90 -1,246.34 -4,707.43 665.73
INT052 -387.42 680.00 10.71 -125.83 1.01 -279.63 -319.83 -163.66 -75.56 -81.10 0.02 -93.80 12.04 156.48 69.52 994.39 2,795.97 1,129.24 -526.33 1,303.41 -357.20 700.00 812.05 -3,257.79 -197.61 -1,644.77 -536.12 -734.25
INT053 2.56 680.00 16.68 0.31 8.49 252.47 -168.70 -279.10 -276.85 -126.86 -68.95 -1,926.10 171.73 -22.39 894.57 980.81 -225.62 1,242.72 -1,772.67 1,047.05 4,004.78 127.66 -383.40 -621.23 -211.08 -2,326.08 700.00
INT054 14.58 579.35 15.06 -5.26 3.95 -270.36 -335.94 -1,280.49 -304.24 -120.75 678.54 800.00 165.77 -959.66 689.98 1,930.25 720.59 1,241.92 845.98 131.06 -105.64 -148.82 -279.28 -1,088.47 700.00
INT055 13.10 659.32 976.26 13.65 -479.49 0.89 -361.00 -535.97 -552.04 -181.62 -83.89 115.34 232.39 -1,102.23 2,406.18 0.00 3,794.71 700.00 600.00 65.40 -20.42 158.03 -182.73 -447.00 700.00
INT056 12.25 680.00 946.93 -135.37 -1,327.05 -166.55 666.38 -562.29 -733.52 -874.12 5.75 -124.73 -9.83 105.47 177.19 -903.62 301.00 997.56 305.00 680.00 700.00 600.00 44.52 -117.50 -315.39 -411.64 700.00
INT057 1.24 814.49 18.48 -139.26 5.05 56.85 -355.17 -72.53 8.79 -4.20 -652.00 -676.89 -260.70 36.60 301.00 1,473.62 305.00 680.00 34.09 712.05 -3,064.37 68.81 -2,900.31 -1,176.25 -363.53 -582.56 1,047.68
INT058 -72.94 680.00 985.18 -695.98 -27.33 58.13 -995.63 -659.50 4.41 -36.78 680.00 -972.02 -1,384.34 -102.39 981.29 -308.89 325.89 888.25 916.00 4,034.49 -891.98 232.23 -1,512.04 -171.59 -473.36 -423.08 1,031.00
INT059 -104.40 997.18 676.93 985.79 -57.14 -560.26 -888.75 74.42 -136.92 -146.40 784.13 -1,102.94 -166.41 301.00 977.23 912.58 998.12 925.54 953.53 -433.43 229.22 -209.08 -127.23 -1,629.58 -531.56 1,022.80
INT060 -166.45 3,616.99 680.00 726.76 -12.87 680.00 -209.12 -453.26 679.66 -465.23 -50.44 1,098.37 -1,220.55 -165.84 1.86 301.00 972.59 889.46 752.34 606.75 978.36 -104.91 210.34 -282.37 -3,819.60 -982.59
INT061 -77.32 10.19 -29.13 -10.80 -2,270.01 -324.77 5.86 -3.69 769.18 -279.20 63.78 -344.22 2.55 214.60 1,918.07 -244.38 169.29 -4,653.08 1,032.56 -1,934.84 3.59 -64.28 -1,037.55 -733.51 -2,193.08 -206.23
INT062 -84.74 941.33 -75.10 -737.87 1,292.00 -57.20 -397.09 -33.24 679.90 696.13 -462.89 2.43 -37.29 301.00 1,314.31 81.59 -5,690.63 3,369.99 -415.58 0.90 -138.70 9.51 -118.41
INT063 -146.76 1,087.83 680.00 939.85 1,020.71 11.86 687.96 -359.43 -155.28 785.69 723.85 -147.96 -235.31 301.00 1,026.37 101.91 1,721.00 -261.24 6.14 -511.49 -1,115.07 938.23 -174.30
INT064 4,932.79 856.24 1,101.34 996.88 -267.13 680.00 -38.19 -62.15 738.68 680.00 684.17 1,036.00 -71.91 984.27 -578.00 769.80 3,167.89 1,402.18 101.86 100.28 1,155.77 -607.85 -52.55 -1,261.18 3,582.48 -128.20
INT065 8.83 1,111.21 8.98 38.63 86.75 29.90 7.97 -6.14 59.79 17.87 -235.63 1,694.28 -273.69 -1,880.74 276.09 44.51 146.36 2,361.83 153.25 -609.57 305.09 -4,971.03 2,751.44 -834.76 6.08 -72.43 -145.04 -857.65 -693.00 24.19
INT066 1,091.61 995.89 1,026.86 16.78 8.41 14.91 153.19 9.71 1,270.75 786.37 -285.57 0.74 233.95 1,051.01 1,535.62 6.32 348.10 -3,729.93 1,190.55 -185.77 94.96 -52.11 -120.85 16.53 315.32
INT067 177.01 1,087.40 1,051.96 1,118.91 1,147.07 23.02 -6.57 9.27 300.75 680.00 40.07 1,096.64 786.60 186.01 889.72 0.94 -141.90 3,956.16 1,766.17 -114.87 333.37 -2,188.11 2,038.22 27.02 31.53 -1,161.30 2.82 210.53 7.45 -82.28
INT068 1,139.03 1,107.56 1,165.91 3,211.38 -0.63 706.56 -125.58 17.73 217.58 882.39 2,528.91 2,245.36 233.99 976.88 -571.62 -1,831.43 5,999.00 1,758.07 -182.06 311.05 -545.62 2,267.30 600.00 -158.32 3,037.78 4.27 315.30 2.88 -134.88
INT069 -8.00 1,217.22 1,072.32 903.06 1,743.75 -266.19 -263.88 -34.81 51.74 -15.32 22.52 -4,380.58 -8.73 6.90 -553.81 -691.93 7.62 -2,638.16 -374.97 -2,986.98 -2,891.13 155.68 -3,649.67 -3,146.87 -1,505.98 13.16
INT070 -251.53 1,236.09 989.25 1,197.43 1,402.68 787.11 61.94 -32.20 679.79 187.91 3,582.56 846.57 -365.78 22.21 -691.34 -158.87 1,149.47 -783.00 -1,356.65 37.39 1,093.54 11.88 160.88 -3,067.34 349.76 37.06 1.76
INT071 -72.21 1,241.90 1,341.78 3,770.11 1,520.86 901.83 93.62 -255.18 838.72 1,699.75 3,368.59 -1,228.05 2,608.46 2,363.68 263.88 35.90 1,174.66 1,093.23 -122.41 -25.62 341.27 37.57 -171.22
INT072 -17.52 1,245.35 2,902.18 5,284.07 1,524.11 186.31 180.07 286.32 945.76 1,141.12 1,758.31 987.43 -1,456.97 3,745.32 2,988.25 -868.85 319.30 205.32 1,456.87 943.33 -273.34 121.40 37.68 -873.72
INT073 27.29 1,390.40 1,187.97 1,276.43 679.55 109.68 25.35 680.00 1,060.42 24.84 2,280.10 277.32 146.20 1,379.33 -12.97 34.83 268.48 160.17 2.52 -61.72
INT074 -193.94 2,196.20 183.29 1,192.15 1,033.70 143.46 24.02 45.46 284.70 1,035.96 257.20 -170.04 318.85 139.63 1,572.71 1,071.68 -167.98 106.31 341.05 214.39 3.49 39.52
INT075 3,526.37 280.69 865.32 99.20 59.34 -21.32 28.11 299.00 289.05 1,168.87 302.00 -77.32 206.02 177.69 1,405.95 798.94 0.43 188.88 309.21 310.83 1.73 35.66
INT076 -435.87 272.94 760.53 272.56 132.35 -118.01 49.61 -30.27 68.38 298.61 265.16 277.58 1,221.34 302.00 35.71 277.10 -2,392.17 243.62 1,705.84 -352.13 -52.89 273.92 350.00 2.27 37.51
INT077 -51.74 -2,384.88 282.62 851.86 31.01 93.82 162.68 208.39 101.64 680.00 110.96 0.38 269.44 -288.76 198.05 1,599.75 134.98 199.00 -474.15 270.10 159.84 1.42 249.35
INT078 -808.73 178.56 1,348.98 -18.80 35.10 11.43 63.78 250.39 147.46 729.47 922.60 160.90 301.00 270.55 95.87 139.52 291.02 219.48 350.00 -99.36 97.20
INT079 -40.69 12.79 118.66 1,292.68 17.41 106.76 5.64 -33.92 128.90 680.00 785.70 292.25 726.57 302.00 183.91 275.74 898.96 170.13 -3,570.38 138.03 317.49 338.32 295.17 270.71 58.96
INT080 -44.55 1,193.39 -83.51 110.80 3.99 70.23 91.07 680.00 863.05 151.99 680.00 151.75 301.00 297.78 184.46 326.55 -4,169.23 76.25 117.99 283.58 298.84 -120.04
INT081 -967.45 680.00 1,392.69 1,268.33 119.66 1,051.28 5.45 787.41 680.00 1,588.86 3,006.53 765.70 770.80 262.45 301.00 299.00 1,873.17 -559.37 949.16 940.06 -285.07
INT082 -341.75 911.26 1,384.58 1,032.31 -3,116.19 1,073.84 7.84 1,163.91 5,209.65 950.77 101.21 48.98 299.00 1,814.87 282.93 145.22 -4,704.13 205.21 263.09 -197.35
INT083 -412.51 1,050.38 1,406.67 -319.66 10.11 96.72 94.96 1,179.95 887.43 -153.16 869.50 104.41 -87.63 -39.02 301.00 127.40 -612.82 -290.95 128.42 245.11 223.30 -32.75
INT084 -707.61 668.09 2,154.42 -100.44 -2,173.47 -35.39 40.93 38.09 34.24 1,186.01 680.00 31.10 102.25 37.65 145.30 -428.24 -54.69 -28.27 -3,127.74 80.46 92.46 136.84 29.30 116.94 4.20
INT085 1,125.61 1,296.61 1,126.98 -550.55 4.47 5,727.94 801.22 1,109.50 5,805.86 996.81 -50.33 40.39 36.93 3,594.54 66.46 79.28 -253.70 155.56 184.54 229.33 -150.14
INT086 0.00 10.96 1,111.14 1,318.95 37.32 -1,264.32 33.29 4,573.33 775.29 49.18 1,084.76 2,731.68 71.30 71.45 41.88 2,118.85 135.25 -1,326.34 -58.63 -1,837.54 72.82 52.47 155.33 91.96 -472.35
INT087 680.00 -502.30 1,128.04 1,240.06 -2,073.34 -0.96 -3,272.21 -24.63 3,878.39 677.02 78.52 1,536.92 1,057.42 63.91 184.21 101.49 -20.42 -440.49 54.71 -2,936.15 -64.04 -167.45 -36.02 15.11 349.47 151.82 700.00 234.60 -81.24
INT088 -1,112.80 1,118.40 1,118.09 -74.99 -4,921.91 -240.42 -206.12 -220.22 -29.65 -273.95 -3,813.33 18.19 -41.28 -8.79 80.93 -453.60 -5,001.00 -23.01 -60.00 -26.59 -0.35 313.84 43.86 93.57 299.93 -4,117.40
INT089 1,046.03 -528.77 1,083.26 2,825.84 1,164.49 -573.15 -129.06 -144.43 674.49 992.34 966.52 1,054.40 969.68 658.77 680.00 790.79 1,127.88 -1,379.35 2,387.47 848.19 258.99 948.94 1,051.04
INT090 946.61 62.06 1,054.88 1,083.13 186.39 14.45 17.18 -0.07 670.64 -2,763.30 1,139.44 1,245.74 98.19 66.58 -73.46 -502.25 98.72 100.34 558.71 808.01 84.59 196.62 873.34 137.80
INT091 680.00 41.57 1,048.44 1,064.43 -30.89 -1,633.81 -3,806.36 658.89 -3,289.81 3,160.91 729.22 -28.11 -256.93 84.95 84.87 50.55 -4,544.05 -2,159.58 386.42 860.71 -109.97 26.07 -323.04 636.51 178.51
INT092 1.77 1,023.90 -11.04 -2,378.91 -2,746.99 581.61 -3,236.84 -24.95 -40.73 -2,492.10 -253.51 -4,671.72 -2,881.48 131.52 -1,459.14 77.89 -3,350.93 -4,499.00 -5.96 -3,229.27 -4,057.34 94.59 -307.78 -372.05
INT093 982.96 -46.83 1,093.20 3,698.91 5,029.78 755.96 -293.96 764.57 704.86 1,164.43 665.39 318.48 204.67 1,366.53 3,426.55 -717.23 805.67 1,079.69 902.27 -601.06 -1,215.59 1,051.16 1,014.81 711.82
INT094 984.14 115.93 1,084.62 1,232.48 1,399.71 -323.27 744.71 4.56 685.93 680.00 2,989.21 636.49 174.15 196.24 211.91 660.00 132.55 8.48 -65.87 4,060.34 656.75 54.69 165.31 346.25
INT095 795.27 1,178.79 893.22 987.19 40.97 14.66 -90.02 680.00 787.84 106.55 -266.04 258.81 680.00 210.13 18.79 -613.46 1,118.02 913.64 -168.05 239.56 345.52
INT096 13.47 1,176.30 949.45 695.92 13.58 -29.47 -42.72 25.72 -70.18 385.17 39.07 -201.62 -207.56 -56.31 218.17 680.00 165.59 102.37 8.86 -1,305.57 750.70 916.95 111.17 95.28 -2,603.35 134.60 197.69 291.11
Pret Final Unic din luna Ianuarie 2025
1/1