PDF PAGE 1
Data: 22.08.2025
lei/MWh
Interval/Data 01.07.2025 02.07.2025 03.07.2025 04.07.2025 05.07.2025 06.07.2025 07.07.2025 08.07.2025 09.07.2025 10.07.2025 11.07.2025 12.07.2025 13.07.2025 14.07.2025 15.07.2025 16.07.2025 17.07.2025 18.07.2025 19.07.2025 20.07.2025 21.07.2025 22.07.2025 23.07.2025 24.07.2025 25.07.2025 26.07.2025 27.07.2025 28.07.2025 29.07.2025 30.07.2025 31.07.2025
INT001 284.15 681.29 237.57 -293.34 -398.19 221.59 415.14
INT002 347.12 90.19 104.26 752.50 419.61
INT003 762.62 726.30 716.34
INT004 248.23 101.15 -2,140.25 140.91 976.68 716.35
INT005 755.10 703.05 -415.08 2,784.79 678.93 420.00
INT006 302.54 120.42 702.58 893.30 208.65 810.05 729.46
INT007 270.29 741.27 392.91 547.97 196.03
INT008 134.32 675.58 126.33 731.83 423.16 495.61 165.04
INT009 398.80 7.37 314.06 685.74
INT010 0.40 102.29 103.95 -1,187.77 739.55 823.88 345.22 587.13
INT011 284.83 88.38 157.35
INT012 324.50 120.04 812.21
INT013 79.46 590.01 1,093.90 434.85
INT014 87.80 591.01 210.30 236.55 390.00 707.65 422.00 639.84 820.22 116.44
INT015 128.60 684.00 104.01 268.38 682.80 612.37 0.00 755.12 774.76
INT016 235.67 219.59 752.65 770.37 703.42 738.54 865.59 250.36 259.40 109.22
INT017 332.87 684.32 0.00 547.79 67.15 657.92 734.00
INT018 390.00 -2,513.83 238.73 715.65 751.31 373.83
INT019 134.83 374.61 206.01 142.00 735.60 390.00 717.52 581.95 371.68 754.21 707.11 144.11
INT020 169.61 142.00 124.62 127.89 711.89 414.27 328.62 927.38
INT021 371.47 149.00 699.88 102.92 728.36 -164.91 830.07 195.06 848.70
INT022 384.00 233.09 702.38 739.76 433.60 721.74 758.92
INT023 257.86 757.96 550.00 755.75
INT024 318.38 730.60 227.17 880.52 224.47 503.49 751.69 735.33
INT025 119.00 349.47 500.00 517.92
INT026 392.13 727.74 679.79 746.89 243.00 686.81 705.19 350.19
INT027 389.47 69.04 114.19 121.75 550.00 719.96
INT028 89.63 208.06 531.02 559.05 2,634.89 0.00
INT029 -162.98 313.37 241.35 284.09 733.82 213.79
INT030 -164.29 352.41 420.00 400.33 105.31
INT031 193.72 0.96 717.52 390.00 928.68
INT032 309.08 136.80 3.95 370.64 122.63 784.67
INT033 31.76 3.50 807.62 603.16
INT034 2,332.00 -2,047.60 742.78 453.52
INT035 -18.97 -3,060.38 194.26 11.88 -62.90 151.22 67.51 409.43
INT036 -5,582.22 93.46 152.73 386.13 123.01
INT037 301.10 474.85 379.39
INT038 -2,713.35 564.67 -952.73 -308.52 550.00
INT039 216.20 -3,625.29
INT040 -2,645.81 543.36 120.96 362.66 207.19
INT041 -22.21 -160.76 194.65
INT042 104.35
INT043 581.76 309.42 550.00 -3,302.29
INT044 -3,355.08 113.58 -592.14 217.30 238.58 -4,432.08
INT045 -3,223.27 129.25 -33.20 -1,755.91 -5,373.82
INT046 -4,541.46 104.70 112.39 2.97 -1,855.90 -3,616.07 491.63
INT047 -2,188.80 103.16 -318.84 749.53
INT048 -2,016.44 1.67 -458.45 -4,994.45 -1,319.24
INT049 -422.92 -360.76 -5,746.26 181.05 -5,086.10
INT050 -1,028.36 -7,298.96 6.93
INT051 194.51
INT052 116.83 547.06
INT053 169.93 -122.79 57.33 -1,167.96
INT054 -226.27
INT055 101.68 666.28 -996.93
INT056 9.61 -84.45
INT057 248.10 -2,691.74
INT058 581.88 -5,237.71
INT059 578.44 204.04 -4,120.84
INT060
INT061 -4,831.26 -6,979.55
INT062 194.10 -1,234.64
INT063 -3,912.79 109.11 -1,693.39
INT064 192.78 670.53 390.00 622.54
INT065 0.31 -618.67 -175.55 -5.88 -3,101.31 -6,967.33 558.30 103.83
INT066 31.17 -5,756.72
INT067 145.36 831.78 -2,293.34 395.96
INT068 -176.61 358.72 120.62 187.01 7.54 2.53
INT069 -4,347.65 661.87 -389.42 216.12 716.74 312.53 -3,629.13
INT070 100.39 319.00 0.39 390.00 40.27 197.95 -237.08 504.84
INT071 575.18 230.63 67.10 219.95 0.30 398.16 360.41
INT072 3,082.49 294.47 0.64 374.65 0.30 -63.01 315.02
INT073 -2,331.47 -799.33 -879.17 105.70 0.00 -6,406.55 390.00 390.00
INT074 254.48 20.06 164.46 -2,781.47
INT075 30.22 0.84 390.00
INT076 390.00 318.70 312.80 0.77
INT077 276.81 -1,894.58 250.59 355.43 253.24 80.58
INT078 -219.54 272.34 9.69 236.36
INT079 382.42
INT080 481.39 2,169.76 289.24
INT081 378.35 604.77 140.07
INT082 119.42 -233.31 407.38 245.89 251.00
INT083 82.36 251.00 390.00
INT084 694.10 -200.14 400.62 579.05
INT085 104.80 154.14 272.76 976.64
INT086 324.96 744.92 324.72 151.00 420.00
INT087 0.00 711.37 151.00 711.34
INT088 315.29 390.00
INT089 88.88 750.17 312.55 0.00
INT090 122.32 874.91 750.19 722.55 243.76 390.00 701.02 901.92
INT091 92.62 698.60 211.51 717.86 416.67 409.00
INT092 195.30 -709.92 273.43
INT093 248.06 390.00 219.07 200.96 380.99 168.10 356.42 622.93
INT094 303.52 695.24 753.84 783.18 739.22 744.54 141.13
INT095 317.42 304.40 305.46 359.68 256.36 227.35 420.00 -248.03
INT096 127.55 109.23 -530.46 226.19 115.30 138.16 264.14
Pret final de excedent din luna Iulie 2025
1/1