PDF PAGE 1
Data: 28.09.2026
lei/MWh
Interval/Data 01.09.2025 02.09.2025 03.09.2025 04.09.2025 05.09.2025 06.09.2025 07.09.2025 08.09.2025 09.09.2025 10.09.2025 11.09.2025 12.09.2025 13.09.2025 14.09.2025 15.09.2025 16.09.2025 17.09.2025 18.09.2025 19.09.2025 20.09.2025 21.09.2025 22.09.2025 23.09.2025 24.09.2025 25.09.2025 26.09.2025 27.09.2025 28.09.2025 29.09.2025 30.09.2025
INT001 730.94 289.80 344.02 625.15 121.20 793.98 106.68 156.39
INT002 368.84 699.77 391.25 312.21 376.99 332.36 353.39 866.08
INT003 383.98 367.77 125.45 162.90 749.25 252.61 336.75
INT004 289.25 115.24 124.18 49.51 45.71 55.62 142.90 124.34
INT005 690.35 859.71 1,667.86 692.00 365.46 100.31
INT006 674.10 396.39 699.05 699.53
INT007 1,123.51 699.91 827.97 679.41 718.62 199.46
INT008 698.75 418.40 699.04 111.98 106.05 74.36 129.94 153.75
INT009 699.45 332.28 248.38 311.10 145.24 268.47 799.68
INT010 333.24 699.21 352.76 699.55 152.60 254.49 554.03
INT011 699.92 699.61 394.80 198.46 153.76 74.34
INT012 696.70 95.04 145.09 785.95 141.00
INT013 630.00 362.93 337.79 95.57 226.58 159.48 72.04 294.75 320.06 209.19
INT014 698.74 347.97 54.00 450.00 122.63 299.04
INT015 385.83 82.51 114.60 120.21 365.09 334.92 713.53
INT016 41.47 86.75 109.33 695.36
INT017 271.36 128.54 521.00 511.54 106.28 355.87
INT018 699.79 109.61 87.16 117.24 416.80 136.11
INT019 119.58 699.25 296.42
INT020 228.36 664.09 126.96 53.23 96.25 221.73 113.03 106.57
INT021 485.00 129.46 612.40 116.77
INT022 317.94 698.99 360.75 330.49 699.39 99.61 582.00 111.47
INT023 183.08 396.94 327.69 698.64 698.54 699.85 539.00 325.47
INT024 219.76 308.31 431.87 377.00 692.91 266.18 425.67
INT025 699.30 664.00 109.39 -103.38 475.00 178.68 794.43 415.93 55.55
INT026 127.10 699.80 125.70 139.14 231.76
INT027 265.93 698.72 699.44 294.81
INT028 686.31 695.01 796.98 288.27 721.00 776.20
INT029 222.08 453.52 -85.22 598.00 30.52
INT030 698.91 439.32 396.55 328.25 249.08 775.51
INT031 371.38 477.22 309.04 849.86 418.36 528.00
INT032 608.78 774.37 438.31 431.18 672.56
INT033 453.14 383.31 258.51 691.89 799.00 799.00
INT034 466.72 350.24 278.94 232.29 386.55
INT035 299.04 496.39 197.59 65.18 234.31 145.03
INT036 156.00 1,043.33 147.47 141.06 129.37 226.90
INT037 260.09 242.10 143.06
INT038 469.48 206.17 -1,305.78 474.75 114.99
INT039 531.93 -127.22 -1,427.73 194.42 41.96 125.35
INT040 115.66 182.97 240.31 199.91 176.47
INT041 397.20 0.00 715.00
INT042 284.12 395.03 -183.07 58.58 390.78
INT043 -41.80 173.89 182.23 -622.15 87.29
INT044 219.17 -98.16 1,743.30 221.48 1,621.68 -242.27 -777.25 87.71 170.57
INT045 254.77 80.50 137.65 -226.15 -463.20 96.65 116.02 181.77
INT046 254.06 138.13 169.09 109.14 -702.24 113.32
INT047 241.95 183.82 133.59 119.55 20.34 396.95 101.24 170.39
INT048 225.30 181.20 -483.66 123.13 -1.12 131.41
INT049 241.06 -980.65 64.43 450.47 110.90
INT050 248.71 142.88 201.39 125.03 458.16
INT051 -66.06 450.00
INT052 217.72 462.03 565.22 -967.10
INT053
INT054 336.80
INT055 0.00
INT056 -367.41
INT057 -41.62 170.48
INT058 -165.52 -54.39 142.39
INT059 -307.68 38.90 -1,559.71
INT060 62.68 27.23 477.64
INT061 428.42 172.19 -1,174.90 -19.06 430.43 -1,883.92 54.75 129.88
INT062 256.33 43.71 88.46 141.22 295.95 247.27
INT063 38.20 94.62 121.64 199.61 34.86 999.00
INT064 102.08 39.21 -12.85
INT065 498.76 -80.34 323.76 -2,115.30 4.21 -318.89 -762.07 287.08
INT066 301.42 98.87 257.31 182.96 -789.29 153.69
INT067 223.36 176.20 198.00 155.67 1,543.52
INT068 143.15 530.59 172.71 315.44 266.10 345.65
INT069 609.21 183.90 77.29 392.12 128.79 0.00 -133.15 978.40 129.74
INT070 185.95 116.58 257.27 349.95 938.65
INT071 429.90 382.24 273.72 514.85 450.69 963.16
INT072 609.01 1,090.50 468.46 167.14 400.39
INT073 126.40 343.01 185.93 193.43 461.70 46.19 95.56
INT074 354.10 336.85 490.31 524.12 398.99 422.39 345.47 282.08
INT075 373.34 430.39 399.36 621.37
INT076 5,012.05 430.97
INT077 839.20 370.61 144.85 56.91 368.10 2,404.26
INT078 396.72 561.18 1,322.98 758.59
INT079 371.15 966.55 380.08 496.45 365.03 914.05 1,693.73
INT080 412.53 25.05 314.82
INT081 331.08 799.91 314.16 488.41
INT082 444.04 148.66 1,040.56 420.15 174.18
INT083 432.53 1,367.58 400.18 1,629.63 408.70 1,627.45
INT084 477.45 1,842.90 807.15 724.26 763.44
INT085 -35.91 759.97 134.50
INT086 429.06 348.88 198.85 215.01 201.17 334.83 323.41 190.93 797.90
INT087 699.83 154.37 700.00 345.04 442.36 800.00 195.42 144.79 798.09 928.20
INT088 699.25 1,491.57 149.07 160.41 180.11 703.43 150.54 136.38 131.35
INT089 90.61 797.43
INT090 162.84 423.15 700.00 407.56 392.17 798.31 852.02
INT091 699.97 380.97 107.76 180.52 700.00 317.09 825.10 797.00
INT092 700.00 700.00 85.12 156.33 300.16
INT093 163.21 141.12 120.84 163.07 411.26 152.06
INT094 320.18 760.24 353.06
INT095 146.59 312.22 800.00 506.46
INT096 700.00 151.56 222.36 -214.56 272.65
Pret final de deficit din luna Septembrie 2025
1/1