PDF PAGE 1
Data: 23.07.2026
MWh MWh
Interval/Data 01.06.2026 02.06.2026 03.06.2026 04.06.2026 05.06.2026 06.06.2026 07.06.2026 08.06.2026 09.06.2026 10.06.2026 11.06.2026 12.06.2026 13.06.2026 14.06.2026 15.06.2026 16.06.2026 17.06.2026 18.06.2026 19.06.2026 20.06.2026 21.06.2026 22.06.2026 23.06.2026 24.06.2026 25.06.2026 26.06.2026 27.06.2026 28.06.2026 29.06.2026 30.06.2026
INT001 -31.954 -3.499 -17.611 -16.884 -13.392 -32.275 -32.921 -5.982 -3.892 -3.611 -0.264 -44.467 -67.132 -10.072 8.214 -13.514 -2.862 -20.096 5.388 8.796 -17.263 -21.748 -29.518 -103.967 -15.914 -21.733 -50.492 -13.972 -70.209 -64.202
INT002 -28.807 0.097 -25.381 1.375 -8.420 -4.423 -25.309 -13.510 20.379 -9.255 2.040 -11.442 -63.915 1.207 -0.602 -15.146 -2.800 -21.281 10.065 -18.585 -12.886 -21.121 -38.590 -64.171 -20.065 -18.377 -53.703 -28.635 -71.510 -49.616
INT003 -36.779 7.179 -36.598 -9.030 -11.649 15.712 -31.467 -4.540 36.703 -7.366 4.786 2.169 -48.859 14.643 0.118 -10.949 0.457 -11.090 22.710 -16.263 -11.456 -25.714 -57.770 -53.193 -3.171 0.017 -47.250 -9.841 -51.352 -26.382
INT004 -14.189 13.066 -29.626 -8.993 5.545 4.581 -31.856 -19.335 24.087 -0.785 -0.785 -16.096 -49.695 15.453 -7.622 -8.884 -2.152 1.109 17.513 -31.315 -6.358 -28.915 -50.523 -34.154 0.269 -33.897 -51.380 7.367 -44.179 -33.126
INT005 11.443 19.606 -45.475 4.852 -6.301 -4.829 -28.239 -11.727 36.831 -8.651 -11.905 -3.667 -5.180 -3.958 -7.489 -9.204 13.931 -0.386 4.096 -27.722 -16.707 -27.330 -35.468 15.858 31.324 -69.041 -39.401 -26.357 -39.144 -54.572
INT006 16.079 16.755 -53.235 21.040 -8.792 -21.453 -36.069 -6.948 37.476 -9.957 -7.958 3.255 -19.895 -10.622 -1.221 -16.936 7.754 -0.913 1.090 -27.554 -22.069 -28.520 -41.929 -1.546 10.039 -71.571 -22.496 -24.991 -29.469 -61.010
INT007 4.442 29.161 -33.245 4.651 1.175 -12.494 -21.520 -13.872 22.784 -17.967 -16.075 13.789 -5.515 -4.621 -1.626 -18.525 0.941 0.811 4.107 -23.554 -31.507 -16.461 -33.385 3.736 7.881 -60.009 -17.771 -30.961 -20.552 -41.131
INT008 16.425 20.734 -39.765 5.874 -5.432 -16.303 -22.185 -5.937 19.370 -5.410 -17.841 8.027 -4.175 6.294 -3.268 -23.324 1.247 4.486 5.594 -25.055 -45.586 -19.509 -39.454 5.477 5.389 -63.022 -5.639 -25.506 -3.627 -26.795
INT009 15.829 10.190 -46.966 -0.496 -6.357 -22.038 -18.170 -6.385 35.431 -8.274 -9.428 13.006 -1.995 8.249 -0.593 -26.963 -4.654 -12.012 12.544 -27.653 -47.880 -20.312 -35.931 18.959 15.834 -52.996 -5.687 -40.712 -15.166 -23.512
INT010 1.125 9.025 -33.671 -0.966 -2.565 -31.712 -21.254 -22.099 20.639 -2.817 -20.511 6.380 -26.449 8.112 -6.371 -27.109 -3.279 -15.736 14.250 -21.388 -67.465 -13.185 -47.257 11.886 6.705 -62.949 2.819 -40.358 -10.663 -20.384
INT011 -0.436 0.647 -29.800 7.719 -8.804 -28.196 -23.431 -19.209 26.732 8.275 -10.887 3.736 -16.883 15.841 7.964 -25.532 -6.085 1.767 14.340 -11.703 -82.136 -7.653 -35.757 10.150 9.868 -30.913 -1.988 -46.179 -16.624 -19.016
INT012 -3.125 -1.482 -35.092 12.824 -3.791 -15.635 -12.437 -28.581 21.519 -2.021 -13.537 8.306 -7.106 28.367 3.580 -20.708 -3.196 7.042 17.492 -11.134 -65.296 -9.350 -42.731 8.539 8.554 -20.037 8.536 -39.229 -14.088 -31.037
INT013 -3.391 -4.285 -22.121 17.409 -13.740 -26.125 -16.465 -11.446 35.575 3.719 -20.717 3.224 1.791 9.666 18.328 -18.970 -2.755 10.619 24.494 -9.846 -53.766 -3.923 -30.953 -2.092 26.883 -33.473 26.510 -10.831 -19.841 -43.521
INT014 -0.949 -9.734 -21.264 20.843 -10.193 -29.282 -10.940 -8.851 25.957 10.628 -0.847 13.828 -5.559 7.695 50.558 -28.089 -2.775 15.981 25.229 -7.922 -19.966 -5.034 -38.158 -2.730 15.515 -32.170 31.655 -13.264 -20.958 -22.371
INT015 -2.140 -11.783 -10.703 29.196 -4.202 -27.385 -15.723 -23.473 16.385 -6.053 -10.401 15.575 -2.392 5.670 76.136 -32.079 -2.115 4.585 13.348 -3.147 -10.861 -7.420 -37.718 -3.889 18.701 -45.511 54.024 -18.707 -22.934 -21.338
INT016 -4.640 -30.424 -16.694 24.764 -11.993 -18.389 -16.937 -7.857 41.054 -15.389 -18.335 0.325 -10.332 18.315 60.203 -40.327 -8.370 -5.248 8.230 -7.748 -7.603 -2.087 -36.216 5.645 23.745 -22.708 62.222 -16.558 -35.728 -39.694
INT017 -7.043 -21.429 -8.065 28.212 -17.981 -6.525 -1.121 -4.187 14.715 -16.791 -0.852 13.235 -9.772 18.988 78.694 -25.680 -5.280 -17.416 -23.071 -6.617 -7.951 2.562 -20.618 -0.498 34.317 -18.144 80.934 -10.073 -2.851 -26.875
INT018 -9.292 -24.947 -19.298 20.369 -24.396 -10.042 -13.906 -11.561 7.949 -16.918 -2.397 19.330 -9.850 9.590 82.479 -18.430 -8.431 -14.712 -29.645 -12.070 -9.226 -7.024 -17.024 -6.425 22.194 -17.420 63.492 -1.870 -4.197 -31.773
INT019 -6.093 -3.987 -4.748 3.911 -14.291 -13.325 -14.946 -35.022 -18.104 -15.931 -12.335 21.721 -10.472 17.450 61.126 -2.020 -6.604 -7.213 -43.511 -13.162 -13.485 -3.681 -20.186 -9.642 5.405 -18.271 64.431 -14.358 -6.940 -35.623
INT020 -1.525 17.776 17.015 18.897 -12.256 -0.151 -28.733 -41.642 -13.848 -39.029 -26.865 24.477 -1.882 16.151 42.403 -1.449 -3.280 -5.103 -37.232 -12.018 -5.856 -4.097 -14.999 7.606 -1.000 -18.125 45.328 -24.644 -15.202 -28.262
INT021 6.164 29.531 4.877 8.071 -25.725 -1.592 -28.015 -35.229 2.432 -13.893 -9.069 15.848 -20.228 2.054 8.447 18.933 -8.491 -5.160 -20.702 -15.987 -5.362 0.700 -24.908 -13.678 7.481 -34.875 59.813 -32.084 -12.682 -24.480
INT022 5.472 34.792 12.634 12.357 -33.584 -12.837 -14.712 -15.179 -10.373 -5.333 4.981 26.056 -15.563 -8.317 7.045 7.675 -11.252 2.268 -19.006 -13.932 0.304 2.514 -16.460 -9.757 1.768 -18.873 59.227 -12.015 -0.669 -21.709
INT023 12.365 32.708 6.198 11.719 -25.031 -8.834 -10.923 -22.143 1.603 -17.703 15.110 19.294 -10.829 -0.367 8.672 6.825 -1.847 -3.507 0.553 -2.960 1.101 -3.031 -29.451 -18.274 -1.091 -23.994 56.058 -1.925 -7.276 -25.675
INT024 20.567 46.922 17.989 14.580 -21.317 -2.382 -10.138 -34.406 2.428 -15.172 -0.059 1.704 -5.978 -5.222 3.423 2.058 -0.396 -12.823 5.649 0.728 6.421 -12.225 -29.261 -23.234 -4.064 -14.883 47.266 2.916 -17.385 -7.695
INT025 18.890 38.170 28.878 18.109 -0.972 -3.249 -2.450 -19.236 1.487 -5.902 5.227 29.206 -44.978 -3.881 37.069 4.527 2.380 -28.506 8.971 -18.941 -0.635 -3.470 -26.314 -27.999 19.249 -30.998 49.639 5.991 -38.224 2.346
INT026 25.821 15.930 30.793 17.415 8.985 -15.903 3.782 -34.879 23.321 -0.867 -7.121 13.084 -36.876 -3.726 35.356 10.148 0.785 -13.746 10.634 -21.783 -5.104 -9.756 -36.569 3.501 14.032 -29.670 22.284 8.667 -58.344 -3.701
INT027 34.116 -30.547 34.372 40.685 6.810 -11.313 13.842 -32.737 22.759 -13.395 0.739 8.458 -35.722 -1.715 4.765 8.285 2.969 -13.398 15.162 -20.722 -9.681 -12.760 -40.674 27.947 15.348 -28.547 1.248 30.581 -55.784 -5.372
INT028 43.515 -76.668 44.544 40.060 25.046 -13.308 29.090 -26.647 12.765 -13.143 -7.726 -6.853 -37.840 0.055 -5.151 8.986 8.976 -13.526 14.964 -13.952 -17.456 -21.497 -40.028 15.782 7.743 -3.224 -15.704 22.856 -86.305 -16.137
INT029 48.179 -86.562 54.581 63.479 44.436 -9.420 24.738 -39.779 19.858 -7.891 -8.422 -12.605 -53.376 -37.732 2.042 10.655 17.168 -4.551 -7.645 -54.461 -43.470 -17.600 -45.476 23.761 9.122 10.181 -57.910 -12.481 -56.538 -24.551
INT030 42.550 -106.125 48.156 60.563 35.834 -19.394 31.447 -34.198 19.416 -26.418 -15.213 -17.977 -51.831 -44.604 -3.755 1.009 14.473 -12.837 -1.974 -57.136 -44.052 -14.480 -48.980 26.541 11.526 6.673 -84.011 -11.149 -46.554 -43.812
INT031 46.450 -118.458 62.535 40.324 36.376 -5.975 25.596 -34.080 27.156 -2.707 -30.423 -23.476 -32.144 -40.780 -20.191 2.744 19.015 -13.498 -7.006 -48.245 -40.157 -5.956 -64.498 19.940 -12.929 0.799 -108.970 -8.934 -26.903 -36.379
INT032 55.809 -73.269 57.788 23.215 19.134 -5.776 16.714 -39.219 36.336 -7.130 -0.055 -6.845 -14.464 -21.649 -34.142 3.952 24.161 -25.856 -2.840 -42.782 -44.408 -29.616 -75.802 22.979 -15.954 18.384 -93.898 -13.956 -14.288 -33.853
INT033 29.555 -69.131 32.966 40.496 18.388 2.070 -16.426 2.752 38.602 2.878 -26.728 25.272 -37.353 -57.704 -26.672 -7.747 14.633 -25.497 -9.473 -63.506 -66.343 -74.453 -113.127 -1.446 -22.427 12.451 -79.141 -44.038 -7.884 -66.723
INT034 23.708 -56.328 35.079 40.370 7.238 -10.581 -28.682 -7.916 46.824 26.543 -17.270 13.804 -43.039 -56.202 5.588 -8.787 5.815 -8.053 7.035 -64.853 -51.150 -64.816 -105.084 -7.690 -12.980 15.762 -59.781 -50.296 -16.446 -59.864
INT035 8.928 -38.105 40.256 20.450 19.361 4.784 -22.747 8.992 50.618 4.327 -32.049 29.815 -36.205 -12.725 13.517 9.363 10.340 33.379 7.577 -61.720 -42.386 -50.061 -103.228 10.777 -7.242 25.216 -40.541 -56.869 6.693 -61.638
INT036 -4.562 -53.943 63.596 5.353 29.292 -10.426 -19.929 26.803 51.878 12.246 -48.808 15.476 -17.555 6.381 -5.951 33.535 5.443 54.062 20.879 -49.004 -41.135 -67.829 -41.379 21.191 2.893 27.430 -10.418 -42.408 6.226 -78.466
INT037 -35.235 -46.357 51.060 -21.113 22.147 -31.668 -47.591 6.635 45.243 0.885 -51.350 50.287 -32.552 -3.126 -8.759 -0.529 1.191 -5.314 -0.880 -65.232 -37.210 -69.031 -33.389 1.542 55.437 39.042 -17.736 -53.201 -11.053 -77.501
INT038 -35.744 -38.487 52.880 -50.723 30.253 -23.536 6.740 7.653 33.253 -2.011 -64.757 37.056 5.428 -3.220 15.827 25.564 4.076 15.662 31.478 -60.283 -22.872 -94.577 -34.650 9.567 49.288 38.359 -21.252 -51.420 7.516 -61.996
INT039 -43.160 -49.834 41.050 -59.224 48.431 -35.138 7.219 1.137 53.612 -8.089 -48.837 44.574 24.741 18.086 11.803 49.771 11.601 23.855 40.088 -57.921 -10.274 -94.343 -33.739 57.323 39.059 40.750 -14.799 -32.866 -10.596 -52.462
INT040 -24.834 -24.113 48.055 -60.535 76.821 -34.278 -9.036 14.683 83.276 -27.807 -48.027 39.808 -0.165 15.457 1.682 53.435 -1.796 27.605 52.839 -48.325 7.701 -61.869 -10.786 53.465 45.147 38.214 -34.147 -23.269 -11.537 -38.559
INT041 -6.357 -46.469 62.563 -78.884 58.831 -71.912 0.351 -7.964 72.423 5.439 -73.125 53.481 8.335 -2.216 -11.550 29.917 12.135 -11.459 49.768 -33.907 -30.105 4.258 -16.127 19.498 43.853 11.317 -16.915 -68.451 -3.934 -52.342
INT042 4.794 -41.923 73.902 -71.915 36.340 -82.463 21.387 -9.439 75.089 6.617 -48.896 51.070 13.584 14.502 -2.356 27.307 6.070 5.606 48.571 -36.895 -14.877 28.324 -23.659 46.426 21.597 6.129 -22.299 -41.135 -7.348 -49.587
INT043 19.440 -24.187 70.164 -67.073 42.574 -55.382 33.502 -0.761 67.605 22.229 -28.355 51.822 37.440 18.559 10.169 37.226 16.241 15.731 53.992 -20.735 -11.174 49.206 -2.096 35.085 23.917 12.370 -21.662 -22.985 5.834 -39.985
INT044 35.040 -19.708 70.682 -46.411 45.784 -32.352 40.142 2.709 74.879 21.665 -2.556 42.513 24.951 43.465 39.391 29.067 18.239 15.968 52.483 -7.678 -3.003 84.679 22.501 53.127 8.433 5.652 -3.216 -14.246 -7.207 -34.399
INT045 39.724 14.988 37.341 -30.784 51.520 -24.502 19.047 2.081 72.982 22.926 0.908 54.855 -25.076 0.317 21.559 15.253 14.566 24.940 1.697 -33.561 -20.358 118.808 -9.909 77.450 -0.601 -4.000 -12.757 -15.214 -24.583 -87.261
INT046 40.497 21.314 57.158 -10.516 37.733 -16.620 12.543 25.795 76.197 24.630 -7.690 54.025 -14.169 -1.821 12.374 52.514 17.140 33.346 16.330 -27.259 -23.704 72.638 -8.089 89.627 -9.316 18.635 -19.939 1.221 0.254 -86.820
INT047 47.825 0.732 56.023 0.442 41.736 -54.531 14.273 32.115 85.642 31.160 17.350 28.268 -6.033 8.598 42.979 34.435 2.399 12.963 15.683 -19.605 6.239 62.301 -3.076 98.559 -33.922 33.726 -18.076 -2.481 -18.211 -74.727
INT048 38.294 16.172 53.798 26.234 28.042 -49.727 -1.033 68.197 86.992 32.112 46.291 51.869 3.529 3.507 52.612 39.486 6.465 6.989 16.533 -22.768 12.278 53.848 0.773 96.538 -58.504 58.612 -11.389 -11.233 -9.784 -79.913
INT049 22.057 -8.055 13.303 55.935 18.731 -94.970 -8.961 23.942 91.780 32.118 43.773 42.233 -3.789 -3.187 23.865 5.257 21.730 15.929 36.909 -18.962 8.348 52.344 20.914 76.138 -84.072 47.674 -7.790 -14.593 6.779 -33.593
INT050 19.377 -1.014 9.108 78.019 8.041 -97.039 -2.066 17.918 87.982 30.246 27.056 68.091 1.167 -6.135 -16.104 -1.666 45.657 28.558 40.351 -5.195 16.413 -17.931 21.613 76.240 -55.998 63.131 -11.217 -18.873 5.179 -49.723
INT051 25.575 -33.685 8.288 79.486 8.800 -87.646 -12.588 -0.165 120.698 30.015 17.723 55.764 -0.042 -1.591 -12.329 7.547 25.931 25.169 42.711 -3.863 15.879 -10.067 19.644 69.930 -63.292 39.670 -3.511 17.295 26.945 -49.027
INT052 56.089 -44.668 -26.533 82.927 10.104 -83.998 16.009 -20.504 104.751 11.547 22.290 19.338 -1.553 -5.678 -21.212 -8.971 -26.499 34.697 28.874 -10.877 -13.691 8.573 72.966 78.749 -40.985 38.713 3.097 17.335 30.576 -31.957
INT053 66.273 -3.995 -18.330 125.351 37.327 -75.447 -3.963 -39.387 53.781 32.148 4.018 3.742 8.904 5.097 8.305 -16.199 8.970 10.468 26.446 -10.031 -32.652 9.252 7.651 80.005 -29.247 3.515 18.173 23.509 36.011 12.094
INT054 34.076 17.904 -25.689 57.402 12.324 -43.968 0.463 -21.763 49.451 43.133 23.685 9.990 3.162 6.480 4.882 -34.612 1.625 32.461 17.539 -7.972 -13.835 2.671 -50.805 99.769 -4.918 26.508 14.060 20.213 45.468 1.672
INT055 13.546 22.229 -12.977 17.236 2.028 -14.047 -13.496 -0.964 50.221 66.677 42.878 10.698 -12.385 -12.926 19.352 -43.566 0.601 37.917 31.565 -12.353 -42.615 -0.780 -44.647 68.833 5.533 27.705 15.040 14.471 61.988 16.713
INT056 21.172 37.003 -7.602 25.759 -9.761 -21.309 -2.531 5.340 22.498 54.077 36.558 8.398 -21.644 -22.766 6.559 8.337 11.041 34.343 24.337 -17.933 -55.014 -10.620 19.603 51.557 -2.095 10.763 18.467 13.936 30.053 10.282
INT057 10.584 64.599 -17.689 28.312 -11.059 6.029 8.109 -27.253 33.460 21.902 9.789 34.979 -14.004 -32.998 23.176 10.833 -47.717 -1.711 45.275 -27.764 -22.566 -9.753 1.746 105.039 35.841 18.618 18.877 13.259 -3.670 -21.960
INT058 -11.383 60.410 -33.337 8.396 -7.857 2.605 -5.599 -7.782 12.849 35.993 14.651 75.680 2.651 23.132 29.143 5.838 -38.136 -17.376 9.981 -20.507 -36.667 -33.420 5.628 99.503 7.901 9.072 15.412 10.742 13.388 5.667
INT059 -26.705 78.327 -46.553 45.821 -6.361 8.834 1.662 4.194 -37.005 24.244 23.084 61.802 -4.612 38.541 20.966 28.881 -52.619 -11.793 -8.380 -27.029 -44.232 -70.194 3.477 74.940 -17.514 5.075 -0.416 17.538 10.549 21.523
INT060 -41.805 86.302 -35.329 78.816 -4.421 -12.455 32.322 -1.571 -82.378 -3.186 32.991 35.840 -13.037 1.360 40.518 24.226 -33.859 9.613 -0.542 -26.830 -21.843 -93.171 -9.601 65.426 -14.375 -4.213 -17.854 6.998 10.343 9.899
INT061 -36.514 65.805 -20.588 50.470 15.880 -45.958 43.117 -11.226 -59.869 -5.586 47.080 6.649 -11.717 15.992 71.833 35.514 -27.635 28.255 10.798 -3.415 5.243 -94.106 -24.405 61.340 -10.316 1.273 -38.255 -9.882 33.824 4.835
INT062 -22.988 68.450 -16.558 102.221 38.834 -39.417 40.179 -18.564 -71.552 -39.462 48.547 6.611 -23.064 19.386 65.715 28.953 -28.273 -12.811 0.453 -21.132 3.455 -90.735 -29.004 12.752 0.142 37.494 -67.258 -10.472 15.590 -8.255
INT063 -27.072 53.466 1.081 104.410 45.324 -39.049 19.991 -19.161 -89.645 -4.979 12.323 6.829 -15.330 -7.009 77.160 23.944 -17.269 -34.300 9.563 -16.569 -22.083 -80.313 -48.780 13.039 6.868 -8.310 -57.983 -21.754 -7.635 13.169
INT064 -40.074 34.276 -5.731 79.476 36.432 -13.899 16.926 -35.643 -98.868 -14.295 -2.010 -27.326 -2.565 -17.991 90.401 0.287 -16.463 -16.410 -19.012 -19.036 -12.922 -60.414 -106.449 -5.530 4.200 0.756 -79.148 -23.736 -4.044 -18.039
INT065 -8.343 -1.179 39.441 36.214 48.755 -39.120 52.423 -32.997 -39.013 -1.348 12.983 -46.169 -11.872 12.632 49.218 31.344 23.864 2.117 5.912 -18.022 -15.301 -12.630 -112.185 -8.385 27.351 19.580 -35.028 8.432 -7.506 -7.339
INT066 -21.551 2.427 39.288 16.935 46.757 -43.193 43.561 -9.420 -44.524 -13.534 -42.297 -63.037 -7.505 -14.790 54.115 30.258 47.351 -12.042 -24.034 -30.703 -23.415 -32.523 -101.795 10.894 15.423 2.421 -13.432 -3.425 -13.169 -19.416
INT067 -31.753 15.177 47.193 23.146 13.688 -15.736 34.066 -0.075 -54.360 -43.372 -80.099 -83.212 -27.577 -19.176 49.968 35.030 75.913 23.043 -11.503 -31.970 -36.828 -19.614 -124.211 1.634 9.798 50.730 -2.502 -34.700 -32.447 -56.282
INT068 -41.738 -4.407 45.373 19.070 -25.970 -23.416 23.409 0.584 -13.275 -2.751 -92.532 -65.923 -15.453 -41.315 25.382 37.302 90.085 37.853 -18.749 -47.652 -55.314 -33.555 -112.524 40.979 -16.735 3.204 -0.355 -49.965 -31.633 -70.352
INT069 -16.192 8.530 30.774 40.739 -45.700 19.584 19.932 -20.099 -17.445 -27.351 -48.167 -43.563 -3.748 -19.389 35.773 61.555 83.278 41.193 -3.339 -38.248 -62.051 -15.989 -100.585 47.840 -38.004 26.399 19.291 -26.325 -54.871 -62.360
INT070 -2.734 14.882 55.133 37.169 -34.706 35.566 16.761 -23.192 -60.225 -42.899 -25.017 -55.448 -6.229 -35.815 26.657 52.963 68.119 53.808 -26.474 -39.588 -61.280 10.035 -105.972 56.552 -35.385 32.532 13.310 -32.627 -81.987 -41.487
INT071 14.255 23.612 39.433 42.257 -71.438 32.094 8.998 -10.829 -66.708 -55.129 9.799 -58.206 -5.518 -56.173 55.512 41.421 50.818 -4.854 -11.179 -37.037 -97.876 26.072 -99.295 46.421 -41.918 38.692 -7.451 -56.504 -111.692 -39.844
INT072 15.435 8.019 30.482 46.084 -78.219 24.277 -0.182 -6.042 -11.471 -60.591 12.649 -8.712 -34.672 -104.963 37.657 15.933 32.496 19.242 -16.235 -38.314 -86.960 -6.791 -105.227 23.570 -62.286 23.527 -22.122 -69.189 -121.811 -37.587
INT073 53.510 38.247 31.782 72.635 -21.421 -27.209 -10.155 5.702 32.369 -54.656 -12.632 32.750 -9.596 -83.598 26.014 36.223 29.038 17.836 -6.413 -9.183 -40.926 14.508 -118.571 15.160 -55.743 61.690 8.173 -28.974 -65.983 17.772
INT074 42.985 26.986 -1.034 45.784 -32.861 -33.100 22.881 12.141 35.404 -73.799 -6.495 23.608 -3.709 -61.852 26.896 16.293 5.350 12.913 2.360 -7.653 -45.044 -15.002 -115.822 24.872 -57.752 30.648 -0.520 -53.021 -95.564 -10.234
INT075 33.566 22.610 -18.434 44.037 -64.468 -48.473 23.092 16.599 24.254 -61.647 -3.721 43.430 -35.171 -64.167 31.115 -9.258 5.379 -21.811 -6.335 -5.158 -52.417 -27.192 -132.409 25.662 -48.776 46.728 -29.361 -60.643 -87.341 -74.121
INT076 26.929 -8.804 -44.630 41.873 -44.819 -56.229 13.506 17.270 6.714 -38.624 -21.311 76.505 -20.316 -93.307 30.393 -38.138 14.055 -32.680 -16.799 -10.984 -36.533 -43.486 -133.321 35.978 -73.301 -0.126 -29.716 -55.465 -107.314 -139.738
INT077 22.882 -3.290 -48.852 66.193 -5.274 -47.818 61.316 66.331 10.126 -21.773 -60.121 91.290 11.690 -29.924 4.905 -13.028 19.376 -5.073 1.540 -5.653 4.055 -27.757 -97.411 53.137 -31.908 -15.675 -27.290 -68.976 -90.927 -130.618
INT078 4.894 7.777 -51.622 56.260 -27.022 -49.232 39.045 69.487 20.752 -5.527 -80.738 87.729 -5.807 -13.918 -6.729 -22.841 14.386 -19.834 -31.505 -18.838 -10.149 -24.379 -101.582 29.197 -47.735 -38.552 -53.553 -82.433 -113.546 -171.070
INT079 -9.073 -18.380 -54.797 33.684 -34.783 -64.012 9.821 64.870 2.732 -4.429 -64.801 53.005 -14.313 -12.275 -15.885 -29.024 16.680 -24.417 -49.139 -33.801 -36.104 -37.319 -84.236 9.544 -60.770 -36.660 -73.650 -101.546 -178.904 -165.506
INT080 -28.020 -38.449 -78.946 0.577 -34.983 -73.375 -7.074 52.592 3.427 0.572 -55.985 8.377 -4.667 -3.356 -9.874 -26.558 -3.332 -27.173 -29.496 -29.392 -38.562 -35.481 -90.517 -13.689 -31.867 -33.548 -84.939 -118.352 -237.911 -167.869
INT081 -18.696 -21.117 1.418 26.912 -20.574 -22.459 2.915 58.372 1.091 0.215 -30.865 16.288 17.671 27.901 25.549 -4.275 0.948 -7.840 -16.974 -17.191 -31.156 -27.885 -124.616 -1.837 -11.832 0.898 -78.067 -110.861 -175.559 -43.755
INT082 -16.178 -38.672 -9.189 17.933 -17.366 -35.805 11.538 34.011 -4.137 -1.143 -11.594 0.977 13.151 12.128 16.938 4.390 -8.854 -28.535 -21.502 -18.089 -17.992 -42.630 -147.764 -17.538 -49.583 -3.328 -79.204 -115.247 -185.113 -7.617
INT083 -25.099 -35.661 -4.508 -11.006 -13.747 -41.266 31.852 32.148 30.741 -6.713 -3.427 9.971 11.436 -3.176 -0.601 6.778 -26.948 -49.791 -29.980 -12.710 -19.932 -49.761 -198.702 -42.551 -45.420 -12.621 -93.286 -136.075 -211.736 1.750
INT084 -39.978 -52.879 -12.627 -6.793 -5.725 -26.470 23.614 30.924 15.488 -10.961 0.020 23.010 -5.553 10.411 -6.099 -1.720 -28.111 -59.247 -30.501 -22.028 -31.376 -50.307 -245.220 -57.420 -31.370 -24.354 -90.306 -137.068 -202.215 -30.404
INT085 -16.412 -51.065 1.132 -3.998 -15.811 -24.675 23.004 23.275 20.839 -18.600 6.764 40.466 15.886 13.454 -12.093 -6.639 -23.830 -17.961 -7.568 -22.005 -16.490 -17.003 -250.524 -32.107 1.294 5.291 -85.695 -123.832 -119.994 -33.030
INT086 -18.552 -73.757 -23.732 -0.915 -18.944 -16.243 7.719 15.864 1.698 -27.999 20.714 39.084 -0.317 12.063 -29.302 -4.789 -25.216 -31.604 -17.835 -28.981 -19.668 -27.002 -297.347 -82.047 -8.885 -2.609 -88.746 -117.308 -119.789 -20.348
INT087 -20.345 -84.800 -29.991 -18.028 -43.579 -0.450 12.208 3.356 12.601 -18.365 36.223 43.253 -11.141 15.903 -37.140 -17.914 -9.354 -39.776 -21.885 -36.727 -31.713 -21.878 -359.116 -105.512 -18.757 -11.919 -93.277 -119.453 -119.062 -12.275
INT088 -26.086 -105.424 -18.763 -10.998 -29.560 -18.214 -5.803 -12.290 26.684 -30.884 29.051 38.003 -14.216 17.068 -36.415 -14.801 6.426 -49.607 -18.574 -32.961 -36.160 -13.097 -389.601 -110.834 -2.293 -22.674 -79.915 -117.481 -113.563 5.589
INT089 -31.309 -118.321 -38.823 -29.282 -29.912 -10.143 -0.716 -26.286 10.071 -29.558 13.248 38.522 -45.777 19.275 -58.267 -32.742 -26.601 -86.401 -36.096 -29.854 -37.664 -26.065 -402.562 -118.206 -28.123 -32.347 -101.104 -123.714 -124.438 23.006
INT090 -13.350 -97.929 -37.288 -22.877 -7.083 10.359 7.904 -12.853 20.522 -27.427 11.856 20.185 -36.641 64.788 -57.069 -28.410 -16.139 -80.224 -33.778 -22.472 -30.298 -22.294 -374.646 -137.533 -34.247 -27.772 -92.610 -129.471 -81.745 48.934
INT091 5.593 -81.222 -41.632 -21.972 1.000 38.164 17.888 -8.261 31.109 -41.302 8.150 28.234 -24.942 58.048 -72.000 -16.052 -9.514 -78.938 -59.889 -17.923 -24.386 -24.839 -361.576 -110.851 -37.088 -12.522 -107.543 -145.218 -83.048 38.128
INT092 4.225 -112.573 -31.545 -16.641 10.627 36.506 34.889 8.766 44.012 -31.963 5.994 25.362 -17.602 23.625 -51.696 -20.857 4.172 -40.625 -45.607 -13.074 -16.581 -3.469 -311.897 -67.215 -35.353 -3.896 -72.048 -129.403 -33.094 69.993
INT093 -9.607 -87.850 -21.735 -12.843 -17.825 13.390 23.719 -2.057 13.710 -30.870 -12.874 17.952 -22.840 -15.213 -11.507 -11.431 -21.574 -53.499 -20.068 -26.415 -34.882 -19.155 -228.979 -53.988 -50.563 -14.284 -57.189 -116.671 -94.879 96.114
INT094 -5.598 -74.111 -10.464 20.148 -2.083 -4.069 15.887 5.109 15.487 -23.268 -22.017 26.228 -16.982 -25.893 -13.379 -11.999 -19.864 -33.453 -26.167 -13.986 -12.231 -21.601 -189.502 -47.707 -29.412 -5.206 -56.598 -106.205 -61.629 105.604
INT095 -6.947 -56.936 -25.494 39.030 -5.006 -4.960 -1.251 19.786 0.311 -17.061 -21.519 2.964 -16.921 -38.148 -10.597 -6.623 -12.825 -4.650 -1.604 -15.612 -28.313 -15.783 -175.877 -56.611 -14.848 -7.906 -41.586 -113.826 -45.708 120.151
INT096 -4.322 -35.611 -10.233 17.736 13.758 -6.979 28.836 25.912 12.079 -13.472 -32.943 -19.341 -1.631 -31.815 -7.909 -0.507 -8.134 11.337 6.165 -8.505 -14.141 -18.601 -156.821 -35.690 -8.972 0.617 -42.658 -101.310 -31.913 129.402
Situatie privind dezechilibrul SEN pentru fiecare interval de decontare din luna Octombrie 2024
1/1