PDF PAGE 1
Data: 14.09.2026
lei/MWh
Interval/Data 01.07.2026 02.07.2026 03.07.2026 04.07.2026 05.07.2026 06.07.2026 07.07.2026 08.07.2026 09.07.2026 10.07.2026 11.07.2026 12.07.2026 13.07.2026 14.07.2026 15.07.2026 16.07.2026 17.07.2026 18.07.2026 19.07.2026 20.07.2026 21.07.2026 22.07.2026 23.07.2026 24.07.2026 25.07.2026 26.07.2026 27.07.2026 28.07.2026 29.07.2026 30.07.2026 31.07.2026
INT001 -1,781.54 114.06 85.34 749.28
INT002 1,064.11 -1,261.25 926.14 150.26 112.14 6.22
INT003 855.26 277.78 -0.78 988.50 779.61 150.12 127.68 713.31 94.42
INT004 49.67 117.76 15.64 784.83 150.28 138.75 62.62 116.02 828.81
INT005 0.00 303.95 -3,444.37 53.27 219.72 693.57 792.64 131.53 755.74 99.03
INT006 254.76 -975.53 51.00 257.82 381.69 316.96 915.09 269.22 318.16
INT007 116.91 127.92 58.73 300.40 855.43
INT008 253.46 93.30 879.67 320.83 784.41 -126.23 118.43
INT009 -1,977.79 360.94 19.97
INT010 260.30 251.33 107.58 88.59
INT011 67.77 288.53 68.98 101.53
INT012 139.73 155.15 -58.97 142.93
INT013 151.00 260.32 -26.66 265.88
INT014 328.87 151.00 21.15 23.42 878.19
INT015 232.66 22.65 103.13 925.36
INT016 267.16 117.58 88.82 164.89 137.12 113.59 119.15 580.06
INT017 866.16 281.10 266.31 797.46 121.17
INT018 912.87 400.00 207.46 137.30
INT019 900.77 273.27 822.49 315.68 123.31
INT020 -114.57 -107.37 52.64 -262.40
INT021 167.95 -780.47 140.49 322.43 54.32 852.17
INT022 270.00 -281.40 952.23 914.93 87.02 12.29 104.57
INT023 -234.83
INT024 105.91 284.22 868.67 844.01 833.04 389.05 109.77 914.71
INT025 252.00 978.99 12.74 52.01 975.87 361.91 332.10 136.60
INT026 983.07 400.00 251.83 1,069.69 152.00 151.00 1,083.19 307.92 774.23 83.15
INT027 -42.60 159.65 251.01 256.46 907.59 106.75 282.35 760.38
INT028 251.93 253.52 -10.30 -16.94 119.74 40.31 9.99 148.90 763.70 86.67 39.90
INT029 -10.06 -25.64 153.79
INT030 332.20 -143.26 -157.92 -14.09
INT031 -97.15 -254.41 -129.17 1.32 930.39 -563.78 137.61
INT032 1.52 158.95 126.70 -2,810.05
INT033 1.64
INT034 -132.79 -106.77
INT035 831.82 -105.89 47.44
INT036 -1,857.05 132.77 -225.40
INT037
INT038 -194.10 698.40
INT039 391.69 -90.61
INT040 -938.45 -3,916.58 17.70 -3.50
INT041 501.24 -7,660.33 -134.81
INT042 772.99 473.34
INT043 -138.56 819.31
INT044 -1,427.83 -7,051.99
INT045 -527.80 297.29
INT046 -103.26 93.17 7.07
INT047 -3,904.85 0.91
INT048
INT049 -258.51 247.80 -19.07
INT050 125.30 472.69 72.81
INT051 477.53
INT052 695.97 61.76
INT053 477.36 517.45
INT054
INT055 10.10 494.18
INT056 19.11 419.02
INT057 446.15 667.63
INT058 6.36 103.60 517.49 -108.18
INT059 23.68 137.60 -6,799.69 -29.95
INT060 27.60 -11,328.26 6.66
INT061 76.16
INT062 20.57
INT063 107.90 190.16
INT064
INT065 145.20 -3,046.09
INT066 -21.86 -29.50 -115.72
INT067 -1,487.00 -6,720.05 529.55 67.24
INT068 -157.22 -3,341.35 0.77
INT069
INT070 522.98 80.70
INT071 -280.57 44.24 767.49
INT072 586.60 102.32 -547.93 577.34 847.79
INT073 101.00 124.80 -80.54 -14,718.66 1,412.31 -763.85 32.94 -2,809.54
INT074 9.93 -8,008.39 1,133.18
INT075 -73.44
INT076 552.53
INT077 -1,932.36 -7,733.88 -88.44 87.52 109.48 -7,271.43 -3,109.30
INT078 -1,127.37 481.98 -272.61 101.06 -9,300.22 -1,242.44
INT079 0.81 151.00 6.31 52.45 320.42 101.00
INT080 -486.22 151.00 311.10 759.18 83.68 353.41
INT081 406.00 49.20 450.00 1,084.28 152.00 321.15
INT082 0.40 13.98 319.67 87.21 323.39 273.51 373.30
INT083 891.00 313.92 -30.75 450.00 0.00 888.91 318.24 450.00 1,098.76
INT084 410.00 737.09 850.95 1,178.14 380.18 450.00 376.66 863.16 739.32
INT085 1,107.80 265.71 254.42 381.13
INT086 309.96 -6.80 400.00 377.26
INT087 121.11 294.02 1,018.44 268.09 942.40 371.55 374.82
INT088 -222.31 368.91 409.09 151.00 61.06 1,220.27 56.67
INT089 284.36 181.74 310.58
INT090 -95.16 12.42 695.19 410.00 401.00
INT091 88.51 361.50 386.32 -307.08 400.00 410.00 145.76 1,023.07
INT092 105.00 -46.52 -458.14 450.00 353.74 99.44 148.26 319.82
INT093 1,204.59 395.62 401.00 123.78 92.11 683.54 103.71
INT094 -5,858.25 3.79 108.34 1.61 102.79 1,085.09 925.22 177.42 128.86 838.18 85.36
INT095 11.46 36.36 809.15 854.57 255.88 784.67 819.28
INT096 -18.50 -11.74 106.15 144.18 894.66 139.10
Pret final de excedent din luna Iulie 2026
1/1