PDF PAGE 1
Data: 15.04.2026
lei/MWh
Interval/Data 01.02.2026 02.02.2026 03.02.2026 04.02.2026 05.02.2026 06.02.2026 07.02.2026 08.02.2026 09.02.2026 10.02.2026 11.02.2026 12.02.2026 13.02.2026 14.02.2026 15.02.2026 16.02.2026 17.02.2026 18.02.2026 19.02.2026 20.02.2026 21.02.2026 22.02.2026 23.02.2026 24.02.2026 25.02.2026 26.02.2026 27.02.2026 28.02.2026
INT001 1,349.37 -307.48 -104.53 -628.62 314.52 -130.51 -198.83 -4,877.16 -118.23 -20.32 -118.39
INT002 -1,809.21 171.21 169.35 553.78 112.34 682.83
INT003 303.73 101.25 809.54 0.10 114.41 761.99
INT004 120.26 626.44 332.48 65.18 61.80 -102.80
INT005 1,062.68 884.81 606.47 305.76 32.66 731.23 7.71
INT006 702.47 305.96 42.36 83.18
INT007 784.09 300.27 269.24 32.89 -64.64 681.29
INT008 753.81 668.76 140.35 37.95 714.46 -5.57
INT009 753.59 471.35 -74.57 742.61 719.73 68.80 -238.19 259.98 589.00 649.97
INT010 480.02 634.64
INT011 768.61 238.04 400.00
INT012 164.51 767.07 162.36 1.91 652.95 0.23 132.28 771.86
INT013 369.37 462.11 655.85
INT014 274.20 285.34
INT015 281.44 377.59
INT016 -310.19 445.38 -249.61
INT017 1,096.92 59.26
INT018 -101.82 640.71 549.88
INT019 0.94 785.99 129.52 -14.66 -340.08 -382.94
INT020 393.53 164.13 85.86 306.57 41.51
INT021 58.56 269.87 -70.39 -53.13
INT022 163.64 500.00 322.03 140.23 131.58 651.78 -364.44
INT023 184.44 147.47 -76.89 118.09 280.57
INT024 183.03 285.49 150.77 687.28
INT025 711.62 309.58 324.28 128.36 591.03 635.04
INT026 605.42 752.05 789.90
INT027 651.11 500.00 713.74 134.06 0.00 205.72
INT028 99.49 399.16 638.22 22.02 247.75
INT029 -19.30 265.63 305.24 -572.99 300.05 -197.10 289.94
INT030 751.56 117.48 335.66 380.50 350.00
INT031 183.78 -1,021.68 300.62 850.38 -390.35 774.17 52.76
INT032 432.74 740.68 968.07 637.79 325.13 173.86 1.66 -69.05 -154.02
INT033 -27.18 347.45 307.68 329.03 400.03
INT034 386.22 500.00 0.00 401.00 550.43 2.50 -2,125.50
INT035 466.05 500.00 381.03 400.18 260.22 386.17 7.06 -227.34 305.64 208.62 0.83 -987.32
INT036 299.65 500.00 665.61 829.14 400.21 -1,076.44 210.35 52.56 -806.39 -1,178.50 -2,050.16
INT037 278.55 0.00 -472.89
INT038 500.00 0.00 -50.28 -773.64 272.31 -133.11 -1,486.41
INT039 348.40 500.00 -221.14 -44.50 -2,480.54
INT040 500.00 -193.64 358.54 -576.59 -5,055.45
INT041 -126.55 -222.35 -120.69 -506.53
INT042 226.74 317.31 73.75 -237.19 83.36 -143.28
INT043 330.32 314.13 -867.13 -2,618.32 -132.20
INT044 331.43 272.08 -635.97 -247.56 -3,676.17 -5.59
INT045 329.29
INT046 241.46 493.64 -9.11
INT047 500.00 335.34 726.08 560.01
INT048 500.00 -2,123.29 464.04 -72.47 -1,748.84
INT049 128.33 -748.37 367.03 707.57 -264.99 556.01
INT050 -64.01
INT051 -3,562.88 571.92
INT052 -85.70 -4,504.96 -31.31 -1,070.68
INT053 -69.65 343.13 759.02 -288.95 462.19 -2,358.33
INT054 -82.45 -384.28 -153.38 127.46 -580.06
INT055 -153.81 45.11 -289.49 -2,112.48 -191.00 -225.17
INT056 19.23 356.35 143.91 162.43 -2,044.64 -104.85 -11.67 -303.88
INT057 13.02 -403.32 -1,718.73 11.49 -355.82
INT058 1.99 -153.97 -150.02 -371.15 -3,330.63
INT059 3.84 -228.27 358.04 0.75 -1,649.03 -206.28
INT060 500.00 -291.95 393.09 799.96 61.81 -246.50 0.99 -288.44 -211.49
INT061 32.09 -6.62 384.43 3.05 -2,347.95 -2,535.34 37.02 -1,249.45 38.47 -195.21 -5,716.58
INT062 0.60 146.29 373.16 126.18 -1,257.36 219.02 -224.27 -7,188.59
INT063 362.73 251.38 268.13 0.00 284.20 -220.26 315.15 -738.22 -321.66 -4,340.55 -153.86 -5,709.22
INT064 253.47 218.33 468.78 127.12 -165.00 -2,449.76
INT065 340.21 300.92 0.00 953.09 -81.24 107.70 -6,662.57 -167.49 -603.32
INT066 358.88 -465.05 369.71 0.00 -84.12 51.11 500.00 -442.21 382.41 4.91 -164.71
INT067 1,317.75 -252.97 -217.63 372.13 0.62 268.14 500.00 -105.94 401.00
INT068 674.08 -306.50 0.00 0.40 76.26 311.08 -106.00 -2,162.15 162.21
INT069 -553.23 362.28 -720.09 0.00 530.77 708.38 289.38 -133.84 -82.31
INT070 -1,318.77 357.14 -1,917.71 291.77 293.85 1,086.97 443.83 263.33
INT071 0.00 -1,841.10 -2.46 283.24 0.30 0.40 400.00
INT072 360.31 -384.68 166.02 726.24 0.30 2.23 743.86
INT073 -216.35 356.81 0.00 72.97 250.58 759.74 -361.59
INT074 392.50 500.00 85.18 216.30 -72.05 897.56 950.90 0.40 1.10 758.60 119.10
INT075 -5,447.61 993.30 351.59 0.40 0.00 591.73
INT076 363.86 500.00 369.37 401.00 250.00 589.61 721.87 0.40 365.94
INT077 1,011.80 308.58 342.92 341.60 500.00 200.00 139.58 0.85 493.64 29.05
INT078 297.73 303.99 154.30 5.65 303.47 30.09 109.83
INT079 358.45 156.27 326.96 1.10 560.22 769.31 588.52 132.42
INT080 150.93 394.31 253.56 6.76 294.74 400.00 120.72 669.68 521.45 670.99
INT081 382.75 535.88 771.87 1.96 -106.00 511.85
INT082 795.07 -290.13 542.83 683.92 -297.63 636.08 400.00
INT083 -3.93 443.96 612.88 113.58 620.18 580.98 158.66
INT084 962.17 293.41 34.20
INT085 804.17 369.60 709.59 166.65 3.86
INT086 1,141.00 770.13 322.95 101.00 595.32
INT087 1,284.78 304.80 649.06 766.43 167.27
INT088 354.58 -63.10 678.79 357.07 674.57
INT089 701.23 801.74 150.30 38.37 1.50 8.74
INT090 169.30 715.51 651.04 309.82 110.46
INT091 155.65 -3,321.78 154.62 0.40
INT092 349.02 635.42 80.31 248.97
INT093 597.29 386.65 312.91 -532.52 763.06 514.22 52.89 87.97 657.35 478.56 568.13
Pret final de excedent din luna Februarie 2026
1/1