PDF PAGE 1
Data: 15.01.2026
lei/MWh
Interval/Data 01.01.2025 02.01.2025 03.01.2025 04.01.2025 05.01.2025 06.01.2025 07.01.2025 08.01.2025 09.01.2025 10.01.2025 11.01.2025 12.01.2025 13.01.2025 14.01.2025 15.01.2025 16.01.2025 17.01.2025 18.01.2025 19.01.2025 20.01.2025 21.01.2025 22.01.2025 23.01.2025 24.01.2025 25.01.2025 26.01.2025 27.01.2025 28.01.2025 29.01.2025 30.01.2025 31.01.2025
INT001 37.28 93.99 774.91 285.09 706.86
INT002 818.46 263.56 629.66 704.07
INT003 112.92 31.71 224.38 697.14 826.49 233.70
INT004 717.66 227.27 739.73 81.31 399.39 76.09
INT005 746.35 2,725.10 627.67 530.12 36.55 1,080.57 -29.47
INT006 299.00 290.00 2,924.43 644.97 656.17 173.47 1,059.06 183.58
INT007 297.98 727.99 714.59 5.10 314.88 -8.31 58.28
INT008 26.42 -64.50 293.16 -32.36 2,627.31 23.80 -61.93 -118.95 935.59
INT009 687.71 698.38 16.02 145.75 65.75 740.58 228.60
INT010 0.00 728.54 213.35
INT011 299.00 699.86 653.84 350.00 -70.62 29.37
INT012 18.15 686.15 -82.83 582.37
INT013 299.00 725.96 107.46 -59.23 54.65
INT014 299.00 94.80 30.92 66.26 -33.21 85.62
INT015 34.35 24.89 254.92 670.17 604.88
INT016 -11.43 24.86 478.26 51.42 386.46 19.65 690.27
INT017 -0.14 521.77 717.16 631.78 792.70 39.01 764.66
INT018 218.49 15.38 0.10 78.09 211.82
INT019 -19.02 519.22 654.63 64.38 302.00 117.08 246.03 636.27 105.21
INT020 693.57 48.45 600.65 38.82 44.70 686.79
INT021 43.73 36.29
INT022 39.10 710.99 276.42 904.76
INT023 29.66 581.91 666.92 730.11 769.84
INT024 143.99 47.38 873.61 255.79 1,310.05 602.17 -1,393.96
INT025 662.56 3.48
INT026 712.53 672.69 31.73 167.34 63.95 101.64
INT027 644.59 16.10 1,124.76 95.08 974.06 -155.48
INT028 730.44 122.10
INT029 -837.82 581.38 886.04
INT030 121.69 109.16 -44.59 591.46 231.68 316.31
INT031 639.69 -603.32 148.06 18.95 898.07 866.54 898.35
INT032 0.00 136.21 768.04 152.41 846.93 312.41
INT033 -2,148.36 608.31 185.55 616.03 -1,046.12 127.51
INT034 -126.84 602.72 268.05 808.35 774.47 703.44
INT035 191.39 247.85 747.00 154.62 740.68
INT036 0.10 278.49 176.40 257.80 1,306.61 50.17
INT037 -464.03 235.27 129.95 132.89 111.80 121.80 0.00 138.55
INT038 301.00 269.67
INT039 244.46 154.20 193.67 1,724.65 26.86
INT040 -76.95 109.99 154.43 301.00 157.52 301.66
INT041 -102.58 40.66 -694.92 1,008.09
INT042 68.07 -265.77 132.19 936.36 0.00 169.76 934.70 0.66
INT043 -148.29 35.47 194.59 -381.70 111.07 301.00 80.27 924.11 49.86 122.90
INT044 -1,214.16 -165.81 -118.99 261.39
INT045 -18.30 8,706.36 -88.34 1.15
INT046 -18.72 -321.70 48.21 1,051.38 290.00 0.64 -17.09
INT047 167.69 -58.79 -74.12 98.69 11.51 4.26 1,042.00
INT048 13.02 -61.65 301.00 21.52 879.21
INT049 269.43 -18.46 2.49 -163.74 1,218.23 5.68 -737.03
INT050 107.05 4.04 0.89
INT051 -260.62 -123.45 106.19
INT052 0.30 855.36 -104.33
INT053 0.20 -103.42 -261.26 18.26
INT054 0.00 279.89 -98.41 109.95 2.34 98.82
INT055 744.54 -9.97 962.13 301.00 98.90 0.63
INT056 -178.01 538.81 33.49 146.82
INT057 92.71 1.17 -137.28 478.40
INT058 0.20 581.64 0.10 301.00
INT059 -21.63 62.21 0.20 100.46 0.30
INT060 -1,059.24 -48.34 290.00 6.83 1,109.46
INT061 853.37 -1.38 0.30 -9.92 326.05
INT062 151.50 3.20 17.96 35.00 0.30 323.82 1,043.57 -0.39
INT063 0.20 35.00 -967.77 871.23 1,261.00 324.08 -59.54 178.43
INT064 -315.33 645.01 312.00 0.30 248.51
INT065 104.86
INT066 1.35 24.94 150.12 96.92 301.00 0.30
INT067 91.61
INT068 561.50 193.37
INT069 547.25 702.76 621.65 1,565.08 77.83
INT070 65.38 0.40 631.54 -256.85
INT071 299.00 644.69 290.00 301.00 967.60 0.10 -18.94 692.03
INT072 796.52 60.00 242.26 522.50 -71.42 320.76 876.67
INT073 155.48 695.51 103.00 240.67 31.83 301.00 651.22 -74.29 1,237.24 271.55 854.55
INT074 155.07 45.67 298.31 295.70 301.00 676.00 695.62 301.00 306.00
INT075 3.00 28.65 51.93 298.97 0.00 590.47 299.51 301.00 284.89
INT076 3.82 600.94 576.71 301.00 668.93 615.56
INT077 184.91 -45.32 0.80 18.81 678.67 302.00 652.28 306.00
INT078 11.73 337.75 569.18 698.40 187.40 819.43 882.76 939.17 305.51 347.11
INT079 44.05 275.02 176.02 301.00 678.12 619.32
INT080 3.00 684.05 400.04 179.55 239.93 301.00 623.02 347.45 322.04
INT081 3.00 132.26 108.01 157.57 350.00 330.19 317.00 299.16 829.41 702.31
INT082 3.00 576.60 681.54 75.70 659.10 152.30 329.18 326.31 204.00 350.00 725.70
INT083 508.81 175.37 781.32 207.23 607.79 301.00 106.12 682.62 328.06
INT084 -11.21 114.74 41.52 128.76 100.22 236.80
INT085 -82.11 136.48 172.01 106.44 1,161.13 579.15 0.92 148.50 707.85 211.62
INT086 207.40 96.80 87.84 708.08 811.41 199.12
INT087 57.39 0.00
INT088 290.00 631.36 356.72 -288.01 193.05
INT089 126.57 1,053.28 478.72 -273.14 1,120.89 102.34 757.88 683.07
INT090 664.72 703.52 78.37 722.65 720.72 651.71 246.96
INT091 287.77 52.08 43.34 259.26 -63.72 207.21
INT092 13.00 744.59 493.06 -3,345.29 1.71 772.93 427.89
INT093 36.55 -42.12 2.22 -984.50 -920.33 486.90 -408.32
INT094 49.81 0.30 687.37 297.31 725.21 829.25 706.12
INT095 52.81 0.30 101.61 -358.32 565.90 851.65 289.63 359.34 926.27 182.57
INT096 701.59 14.08 572.83
Pret final de excedent din luna Ianuarie 2025
1/1