PDF PAGE 1
Data: 01.07.2025
lei/MWh
Interval/Data 01.05.2025 02.05.2025 03.05.2025 04.05.2025 05.05.2025 06.05.2025 07.05.2025 08.05.2025 09.05.2025 10.05.2025 11.05.2025 12.05.2025 13.05.2025 14.05.2025 15.05.2025 16.05.2025 17.05.2025 18.05.2025 19.05.2025 20.05.2025 21.05.2025 22.05.2025 23.05.2025 24.05.2025 25.05.2025 26.05.2025 27.05.2025 28.05.2025 29.05.2025 30.05.2025 31.05.2025
INT001 349.07 73.24 -1,193.73 97.89 28.81 -216.94 -37.39 115.88
INT002 -6,255.18 -6,218.41 858.69 365.70 168.22 96.11 219.95 0.76 152.44 686.33
INT003 851.80 193.53 324.86 100.85 256.95 222.39
INT004 905.03 675.68 -4.83 53.34 140.13 38.19 73.19 917.62
INT005 193.40 710.26 1,214.40
INT006 963.58 319.97 879.53
INT007 740.83 87.75
INT008 1,104.07 686.58 -4,177.75 1.78 196.86
INT009 961.18
INT010 390.00 151.34 251.91 390.00
INT011 0.47 76.78 257.77 85.67
INT012 288.14 73.88 159.34 138.47 746.87
INT013
INT014 801.50 0.70 219.61
INT015 1,158.50 340.14
INT016 339.70 385.17 182.89 728.58
INT017 892.17 0.00 165.78 99.75
INT018 881.26 931.30 203.41 390.00 843.74 93.93 393.00
INT019 862.12 15.26 1,052.53 242.59 737.54 820.53 131.15 828.86
INT020 45.82 39.13 103.45 153.43 88.46 -779.16
INT021 766.56 130.30 817.77 840.97
INT022 772.02 -53.84 871.98 872.78 0.00
INT023 235.53 0.00 0.00
INT024 314.62 395.55 818.04 220.28 390.00 376.28 116.00 802.19
INT025 592.64 912.12 808.91 620.10
INT026 0.00 191.12 761.80 279.98 221.31
INT027 958.77 216.58 200.02
INT028 641.07 0.00 846.68 227.10
INT029 200.98 88.17 936.49 -42.08 192.11
INT030 400.00 200.00 125.57 4.85 69.41 804.17
INT031 -17.51 374.55
INT032 250.08 -234.06 20.05 108.72 286.72
INT033 18.33 11.33 280.75 372.27 -97.27 16.05 283.57
INT034 -75.87 123.23 -1,260.52 450.88
INT035 -1,435.04 -2,304.03 -171.91 0.10 -171.13
INT036 -233.68 825.93 -780.24 -2,372.01 -379.98 1,588.68 356.11 -1,314.81
INT037 371.10 262.13 -448.34
INT038 -390.57 357.78 0.40
INT039 63.51 -1,864.41 -1,222.36 -324.53
INT040 -3,440.74 283.47 -951.95 -2,643.77 -2,463.67 -1,750.34 -2,892.90
INT041 -7.12 -354.91 0.38 -2.26 -13.09
INT042 -4,611.13 -500.84 -1,148.56 15.34
INT043 -4,581.89 -792.37
INT044 -7,164.41 -6,492.75 859.51 -298.48 -973.58 -1,073.29 -4,715.74
INT045 -7,123.91 -286.88
INT046 -7,654.65 -1,010.19 -163.34 -607.16 -289.84
INT047 62.69 390.49 -202.58 83.12 -32.13 7.69 -667.13 -4,741.47 -5,221.75
INT048 -3,710.46 0.30 0.10 -8.06 5.64 -343.59 -438.95 -440.76 -5,599.43 102.83
INT049 -1,132.21 16.70 -297.34 -597.80 -760.59 -400.41
INT050 460.55 -511.36 110.25 -4,499.00 -1,238.21 10.95
INT051 54.12 463.97 -1,129.77 294.95 -117.21 196.73
INT052 390.00 -3,278.17 9.11 67.42 -0.08 313.61
INT053 148.73 -759.07 186.44
INT054 5.79 469.55 -130.82 219.64 261.52 478.78
INT055 190.00 2.84 0.40 159.86 2.17 297.69
INT056 133.34 0.57 -294.09
INT057 0.40 214.65
INT058 140.09 0.40 -1,006.95 2.01 272.25
INT059 78.81 0.35 -176.29 -140.84
INT060 486.07 -1,654.30
INT061 114.05 3.61 -158.64
INT062 -90.86 -3,401.24
INT063 41.38 0.00 -3,011.68
INT064 0.02 -3,376.27 -111.05
INT065 -6,069.76 391.12 -145.51 -5,359.86 -400.83 -523.97 -2.25 -340.72 -215.71 -4,334.83
INT066 -193.66 203.44 -333.42 -503.65 -93.66 -39.71 -203.18 -446.00
INT067 -12.41 -813.25 7.19
INT068 1.42 11.47 -1,143.95 -738.41 -41.51
INT069 -869.96 55.26 -3,423.03 -4,848.64 -853.23
INT070 361.00 -3,617.81 -1,545.19 -362.90 33.34 -878.00
INT071 -1,676.17 190.03 1.38 164.06
INT072 -2,364.09
INT073 -1,456.28 13,314.22 28.39 -3,598.77 -2,418.49 -1,654.58 251.38 -5,622.27
INT074 0.42 41.32 6.54 14.93 91.32 -1,593.04 -180.75
INT075 390.00 447.94 394.90 0.60 -140.09 1.00 191.34 0.00 -2,572.85
INT076 509.89 -1,259.73 0.24 1,987.49 0.60 213.07 -144.01
INT077 696.60 110.30 -848.37 290.24 45.18 0.70 -92.68 220.15 -113.24 198.01 8.09
INT078 208.15 1.15 38.33 61.69 294.15 309.25
INT079 257.95 892.09 200.01 390.00 361.69
INT080 282.54 200.00 318.92
INT081 0.00 203.09 306.92 57.83 257.70 251.02
INT082 393.58 -185.55 373.00 162.18 303.19
INT083 -265.95 1,162.84 374.38 252.01 1,040.30 303.34
INT084 375.50 -12.57 200.00 390.00 1,538.24 390.00
INT085 382.47 870.97 17.73 334.51
INT086 390.00 396.25 390.00 76.07 -9,066.87 -1,460.36 140.40 369.25 302.53
INT087 -1,167.09 293.99
INT088 772.77 390.00
INT089 773.42 396.25 397.19 390.00 200.83 -287.77
INT090 363.65 837.80 250.19
INT091 811.73 21.79 1,306.21 293.81 146.15
INT092 1,013.68 665.22 130.63
INT093 576.33 698.94 0.60 198.75
INT094 247.88 208.17 491.67 -2,083.66 937.99 786.85 211.45
INT095 849.09
INT096 -6,107.62 -1,393.56 206.29 310.31 1,100.62 114.05 814.22 208.24
Pret final de excedent din luna Mai 2025
1/1