PDF PAGE 1
Data: 24.03.2025
MWh
Interval/Data 01.02.2025 02.02.2025 03.02.2025 04.02.2025 05.02.2025 06.02.2025 07.02.2025 08.02.2025 09.02.2025 10.02.2025 11.02.2025 12.02.2025 13.02.2025 14.02.2025 15.02.2025 16.02.2025 17.02.2025 18.02.2025 19.02.2025 20.02.2025 21.02.2025 22.02.2025 23.02.2025 24.02.2025 25.02.2025 26.02.2025 27.02.2025 28.02.2025
INT001 -34.710 -39.969 -37.987 -24.345 -39.588 -3.644 -45.356 -44.138 5.865 -66.951 -31.445 -31.082 -33.550 27.156 0.678 -53.389 -8.511 -18.607 -66.012 -46.506 -92.383 -87.280 -40.707 20.612 -40.870 -4.549 -24.006 -1.380
INT002 -14.244 -34.954 -36.066 -24.353 -41.667 4.836 -35.083 -45.543 8.967 -40.815 -14.489 -32.692 -32.636 -1.181 10.417 -43.946 -13.805 -18.772 -46.582 -63.529 -88.973 -89.941 -47.218 42.394 -22.045 -4.887 -24.953 15.957
INT003 -10.239 -17.400 -44.973 -5.260 -42.687 11.210 -24.561 -34.772 17.721 -30.902 1.567 -35.669 -28.026 3.818 16.895 -39.505 -0.429 -8.723 -49.285 -46.686 -71.157 -102.990 -38.297 51.041 -27.451 -20.358 -5.476 34.751
INT004 -3.932 5.842 -37.684 2.358 -55.344 21.071 -10.393 -21.448 33.673 -16.425 -14.793 -39.092 -9.802 1.270 5.697 -36.882 1.625 -2.473 -40.249 -47.791 -72.936 -94.228 -34.733 60.214 -61.648 -4.770 -2.566 33.270
INT005 -5.250 33.515 -52.428 8.410 -94.674 34.736 -34.346 -26.730 -3.505 -57.021 -9.463 -24.892 -40.767 2.952 -16.530 -45.584 8.967 -24.111 -84.929 -29.991 -80.581 -91.244 -52.180 9.358 -45.850 -20.592 1.075 27.529
INT006 -13.821 31.433 -31.410 16.611 -89.667 32.206 -45.873 -22.128 -0.306 -48.546 1.346 -38.199 -42.506 -15.804 -20.925 -48.327 19.251 -34.839 -67.991 -29.623 -87.197 -82.118 -46.412 7.086 -48.272 -38.601 1.546 34.197
INT007 -5.012 35.051 -43.628 17.485 -73.821 36.174 -29.522 -18.295 6.219 -40.785 -3.942 -4.797 -33.894 -4.598 5.654 -37.704 21.272 -28.008 -72.880 -15.725 -67.609 -90.105 -36.383 13.008 -46.767 -25.538 19.764 41.491
INT008 -20.207 36.554 -48.985 21.403 -68.272 33.140 -41.307 -2.967 19.480 -37.223 0.773 2.201 -24.493 -10.068 18.066 -41.223 34.283 -13.454 -60.283 -13.563 -65.842 -84.233 -39.438 22.160 -35.684 -27.243 25.296 39.289
INT009 -22.601 31.217 -25.634 15.416 -71.431 -6.986 -54.083 -19.909 -10.939 -48.705 -8.902 2.347 -37.509 -10.803 2.862 -43.696 28.338 -32.552 -75.431 -6.967 -78.001 -104.299 -48.354 14.658 -50.013 -17.976 4.375 29.478
INT010 -14.906 38.899 -39.623 29.907 -65.925 -3.551 -58.691 -17.427 -22.206 -65.237 5.391 1.903 -33.446 -16.259 6.691 -56.214 31.810 -14.322 -62.861 -14.297 -71.549 -107.015 -47.182 19.565 -57.747 -33.739 -1.788 45.012
INT011 -3.854 52.184 -27.514 29.047 -44.091 1.151 -44.295 -13.290 -7.542 -62.828 -0.210 -3.989 -36.515 -31.445 24.390 -43.630 33.034 -8.188 -63.666 2.068 -37.329 -98.477 -40.102 16.000 -34.107 -28.178 -17.845 58.221
INT012 -21.467 45.004 -40.080 10.340 -21.783 7.505 -43.756 -7.392 3.628 -52.543 19.929 -9.193 -28.189 -38.670 24.556 -49.888 28.687 10.027 -65.743 -14.653 -49.664 -100.854 -41.681 20.535 -27.739 -29.594 -10.340 43.859
INT013 -33.484 32.561 -17.649 -3.869 -34.766 13.911 -38.606 -39.782 -14.095 -55.444 4.174 -18.096 -23.098 -24.470 23.913 -63.698 18.199 5.220 -66.663 -14.735 -71.981 -106.752 -47.085 21.969 -30.022 -17.839 -11.993 41.563
INT014 -28.436 16.681 -4.642 -17.462 -35.517 12.953 -36.596 -43.178 -11.003 -59.434 -9.973 -17.439 -29.320 -34.386 27.998 -43.666 0.482 9.486 -64.092 -14.296 -75.100 -109.963 -51.167 14.077 -25.245 -13.621 -10.798 35.287
INT015 2.949 21.454 0.050 -24.191 -51.550 9.821 -31.466 -42.792 -16.412 -56.482 -7.972 -27.506 -31.795 -38.356 32.679 -46.242 7.088 4.778 -74.868 -21.059 -76.084 -110.686 -59.026 16.408 -29.645 -23.589 -26.394 50.081
INT016 -17.203 26.975 -2.447 -13.675 -50.817 4.643 -29.511 -55.188 -4.981 -55.844 0.847 -32.506 -43.246 -46.178 16.661 -43.571 2.614 -1.449 -77.507 -23.982 -84.688 -110.630 -56.179 16.481 -25.383 -20.434 -27.152 39.316
INT017 -11.815 27.724 -3.133 4.729 -72.688 -0.921 -10.551 -50.748 -14.876 -56.165 -8.325 -31.000 -43.559 -5.755 9.196 -38.429 1.605 11.211 -74.300 -32.870 -80.469 -101.607 -65.161 14.561 -19.553 -26.402 -55.535 34.620
INT018 -20.239 8.977 -7.650 -3.804 -72.580 15.866 0.217 -60.135 -17.009 -59.792 -8.705 -26.030 -31.136 -7.667 12.506 -47.073 -1.894 -8.074 -73.307 -23.930 -89.949 -109.177 -50.663 14.929 -26.573 -14.599 -48.566 19.629
INT019 -26.635 0.589 16.122 3.199 -77.626 42.182 -2.131 -58.010 -20.530 -64.465 -2.128 -19.676 -35.301 -11.404 13.479 -38.005 -11.625 -9.407 -71.973 -15.478 -78.493 -106.599 -55.630 19.933 -38.355 -29.792 -54.798 12.794
INT020 -14.327 8.076 14.347 1.581 -85.506 51.738 -6.706 -61.904 -23.900 -67.074 -9.786 -23.591 -34.936 -18.607 19.926 -44.203 -9.125 -11.802 -72.928 -23.288 -83.207 -109.225 -51.797 21.060 -39.642 -25.972 -46.092 19.276
INT021 -24.674 5.301 40.703 -7.396 -98.807 45.867 13.759 -61.685 -19.402 -68.599 -17.162 -6.632 -28.432 1.581 0.048 -28.900 0.927 -13.203 -49.404 3.249 -59.042 -93.433 22.196 57.087 -12.570 -39.007 -35.902 13.930
INT022 -30.157 3.775 33.013 -2.536 -101.519 45.404 9.234 -57.719 -30.611 -67.084 -42.707 -9.871 -41.293 5.550 29.333 -24.368 10.605 -34.572 -40.228 -2.637 -64.154 -105.715 9.567 37.786 -5.081 -29.336 -26.805 15.420
INT023 -11.053 4.796 34.423 5.499 -79.557 49.055 -6.976 -55.977 -14.492 -73.374 -52.978 -7.818 -34.183 -1.900 36.360 -19.473 22.849 -24.514 -29.271 -11.197 -65.193 -112.672 -28.122 26.126 -11.963 -29.115 -10.651 34.217
INT024 -4.585 3.118 7.476 4.123 -75.585 41.070 -14.335 -47.192 -30.675 -84.470 -76.289 -25.771 -58.132 -7.807 49.649 -22.084 5.151 -46.622 -28.314 -26.666 -74.692 -126.245 -63.000 12.473 -28.915 -22.756 -26.461 50.501
INT025 -6.677 19.402 38.425 21.081 -51.618 47.967 32.195 -56.283 -13.426 -12.121 -36.826 27.034 -14.210 27.728 39.897 -11.030 38.875 8.089 26.135 52.790 -22.672 -98.119 -70.293 61.700 19.159 1.718 30.562 43.895
INT026 -17.832 11.992 26.269 14.109 -57.999 40.661 4.212 -37.549 -25.055 -45.035 -67.463 -12.043 -32.646 26.718 29.254 -12.954 17.259 -25.465 12.647 8.688 -37.523 -109.176 -81.423 18.858 4.736 -13.066 38.985 31.617
INT027 -4.113 3.202 -4.394 -4.940 -65.689 27.382 -5.391 -36.192 -19.287 -97.887 -98.691 -38.804 -67.100 6.860 27.287 -14.449 23.409 -55.621 -14.881 -8.672 -66.164 -90.817 -89.820 -0.468 -41.684 -25.858 41.635 25.341
INT028 5.392 14.008 -29.797 -21.101 -74.491 3.025 -22.753 -39.331 -42.075 -144.271 -135.094 -61.779 -102.294 -23.763 20.150 -17.850 1.315 -53.311 -49.751 -43.112 -107.551 -105.055 -84.171 -15.729 -62.850 -41.882 10.946 16.146
INT029 -3.040 37.630 38.943 32.222 -19.007 45.198 28.045 -25.182 -6.040 -23.308 -71.266 5.195 7.269 11.867 23.016 -21.984 29.567 17.797 -2.866 32.302 -33.672 -74.479 -76.573 27.046 -23.889 -22.231 82.083 43.031
INT030 4.240 30.983 32.312 -10.638 -52.953 30.347 -3.205 -34.604 -4.093 -81.702 -88.984 -14.584 -23.446 -7.148 17.418 -18.340 6.283 -12.353 -32.798 3.395 -42.605 -94.403 -80.825 -6.470 -47.446 -30.217 40.686 26.191
INT031 -3.585 45.244 0.633 -23.328 -22.747 18.900 -17.417 -67.958 -20.372 -86.543 -106.173 -50.234 -47.543 -18.631 13.240 -27.348 -34.589 -39.828 -56.519 -9.436 -77.814 -93.881 -86.807 -20.380 -65.287 -24.509 37.556 21.034
INT032 -16.576 32.765 14.737 -22.537 10.987 9.314 -21.310 -96.719 -13.395 -90.393 -98.264 -61.013 -53.435 -29.050 -20.355 -24.330 -68.415 -65.176 -67.279 -29.167 -94.857 -99.203 -73.082 -32.592 -68.634 -37.462 35.880 -9.180
INT033 -4.854 44.498 32.960 -4.852 36.558 26.117 1.676 -90.139 -31.215 -72.706 -62.324 -17.611 -19.751 -6.860 -22.724 -31.279 5.244 -26.605 -6.861 29.353 -73.800 -102.374 -74.211 15.587 -37.663 -38.190 58.263 0.634
INT034 -11.672 47.041 -13.566 -37.415 40.952 28.603 -10.199 -85.659 -43.576 -65.121 -61.609 -12.782 -0.095 -15.077 -47.351 -29.354 -27.458 -49.317 -18.381 38.799 -58.373 -73.492 -46.903 44.832 -22.650 -21.065 42.921 -33.980
INT035 -27.802 59.744 -38.052 -64.897 22.381 17.061 -12.295 -92.985 -20.912 -48.416 -34.851 -15.673 11.985 -11.886 -49.774 -35.625 -42.150 -50.032 -32.167 41.484 -42.702 -53.318 -20.259 52.025 5.257 14.986 58.757 -72.999
INT036 -19.147 74.278 -52.883 -45.497 19.977 4.292 4.243 -109.409 8.590 -21.800 3.394 6.015 18.797 12.600 -49.497 -37.328 -42.086 -65.865 -13.942 51.585 -49.673 -28.558 4.457 58.211 6.706 52.050 56.371 -72.006
INT037 -54.532 68.800 -59.849 -55.226 -32.716 -33.939 -13.849 -106.466 -3.795 -19.047 -40.132 -47.815 41.982 -31.431 -64.841 -54.049 -25.137 -67.115 -43.171 35.953 -101.471 -38.294 -16.988 42.215 -38.142 30.436 -3.106 -42.233
INT038 -33.381 12.891 -75.950 -60.786 -31.464 -21.563 -2.002 -99.259 12.649 11.432 -16.277 -32.088 30.245 -31.158 -50.319 -47.034 -16.140 -64.386 -40.353 41.054 -63.529 -5.470 0.974 36.169 -27.548 36.341 -10.484 -66.586
INT039 -31.037 -6.146 -62.108 -45.309 -42.860 -2.762 34.313 -92.873 28.284 23.248 27.840 -26.566 43.818 -23.969 -63.277 -31.867 -16.976 -67.407 -32.642 31.775 -22.562 9.304 21.895 48.708 2.060 57.762 3.580 -78.624
INT040 -32.863 -8.396 -17.507 3.983 -77.012 29.867 56.122 -75.135 32.627 63.310 42.950 4.982 67.949 -6.685 -45.756 -34.360 -12.389 -65.997 -2.016 80.761 25.165 14.116 33.568 44.175 19.500 76.127 -13.261 -52.721
INT041 -29.863 -53.297 -59.524 -35.928 -135.273 3.141 2.052 -96.979 -5.425 18.542 -20.303 -46.483 50.456 -52.070 -56.569 -56.064 -19.825 -91.862 -23.169 -17.893 -5.539 -37.908 -27.467 -3.250 -56.223 33.749 -71.948 -36.408
INT042 -36.118 -48.637 -78.896 12.537 -119.094 53.196 5.820 -92.658 14.643 51.961 20.626 -29.495 70.219 -25.323 -52.320 -47.154 -51.460 -75.466 9.806 -36.841 25.590 -19.663 -4.821 28.730 -46.415 36.754 -66.403 -14.229
INT043 -27.964 -53.479 -56.165 37.131 -40.031 90.657 16.265 -72.439 35.537 53.083 34.753 -22.518 96.177 -12.661 -47.121 -45.921 -33.214 -69.949 23.288 -24.957 72.270 -12.230 12.396 38.494 -13.674 43.969 -51.316 -7.931
INT044 -25.709 -23.719 -53.260 36.706 -6.983 123.715 25.815 -71.544 55.696 81.580 43.298 -21.925 107.696 20.493 -37.199 -32.910 -7.545 -70.695 52.860 -7.116 82.870 -6.302 26.189 39.960 2.264 65.241 -19.564 12.853
INT045 -42.843 -33.773 -68.710 10.208 -20.001 76.584 -3.244 -73.334 25.795 0.154 -15.816 -41.244 66.825 36.667 -35.378 -54.271 2.048 -73.554 24.532 -32.519 55.054 -46.721 -16.478 16.314 -28.819 29.677 -35.020 -5.740
INT046 -34.757 -10.929 -27.310 26.281 -36.827 78.490 8.035 -87.220 32.101 23.185 -2.877 -26.703 73.594 53.143 -45.062 -54.938 7.146 -67.193 36.435 -33.755 37.770 -38.775 2.037 19.597 -19.862 26.346 -28.781 -8.077
INT047 -0.902 0.535 -8.554 33.030 -23.205 92.160 51.170 -79.854 31.930 21.179 33.505 -24.850 77.370 59.521 -38.358 -44.455 2.876 -68.970 29.325 -20.810 38.872 -36.417 7.625 22.202 -7.686 48.053 -11.060 -27.702
INT048 12.895 7.474 34.677 34.904 -28.411 95.782 66.422 -54.220 29.148 27.643 59.604 -2.647 76.050 77.651 -39.225 -25.843 29.115 -54.127 24.510 5.418 44.807 -33.470 -4.259 16.018 5.826 54.918 12.504 -11.255
INT049 -16.526 3.228 -11.846 -1.799 -32.954 83.069 79.410 -48.840 37.874 12.982 25.667 2.988 28.788 47.720 -44.171 -21.813 -18.553 -43.626 23.432 32.848 6.407 -30.628 -33.619 -80.082 4.956 38.362 -3.995 -16.784
INT050 -7.299 -12.886 1.297 3.286 -46.210 82.916 89.575 -60.164 30.581 19.305 42.041 5.053 59.609 36.182 -44.655 -34.587 -3.666 -38.737 14.598 48.142 12.195 -21.702 -31.380 -94.824 21.430 47.192 -11.483 -38.156
INT051 13.899 -16.870 7.950 13.440 -60.331 76.801 88.500 -41.473 42.760 25.376 36.682 28.182 52.958 37.781 -54.621 -35.145 7.807 -27.613 0.333 51.482 22.772 -18.861 -41.323 -86.188 10.902 54.318 -15.341 -33.094
INT052 21.603 -34.217 -15.058 6.507 -62.738 56.985 83.125 -35.246 71.275 29.208 43.256 18.523 77.148 34.298 -54.218 -35.894 9.846 -17.365 -0.081 65.153 0.690 -14.306 -41.423 -65.261 32.124 45.099 2.305 -27.837
INT053 25.328 -48.739 -25.451 -12.054 -91.110 45.414 79.762 -7.194 73.786 33.814 49.482 82.843 69.810 11.861 -51.918 -20.887 -13.747 -14.125 -6.241 64.223 31.858 20.859 -25.355 47.349 47.725 26.121 36.008 -6.360
INT054 28.912 -47.341 -38.740 -25.606 -128.154 51.295 75.693 -23.296 75.278 28.507 54.870 83.901 55.387 5.444 -55.497 -39.210 -41.325 -4.028 -19.117 55.798 20.534 21.851 -19.866 43.325 39.219 65.513 40.505 -20.657
INT055 52.336 -65.648 -14.174 -38.889 -139.281 29.795 57.931 -30.664 85.340 41.177 55.437 83.185 58.308 -5.370 -62.376 -30.682 -37.697 -8.796 -6.721 68.874 23.010 21.166 -18.197 58.845 59.979 61.757 41.788 -10.315
INT056 49.563 -51.419 -9.015 -49.731 -146.669 15.453 53.749 -14.538 87.207 39.757 65.741 87.629 60.021 -11.578 -64.480 -27.492 -66.851 -5.883 -25.292 72.136 18.560 18.507 -16.236 87.272 38.303 62.999 24.575 -31.294
INT057 61.548 -63.128 -14.221 -25.249 -144.344 21.142 53.286 2.645 113.563 45.033 71.410 87.619 16.184 -32.051 -31.296 -25.822 -36.017 -25.962 -6.509 48.634 25.294 55.348 -1.248 105.183 41.834 32.348 18.421 -50.504
INT058 76.029 -52.965 -12.261 -52.188 -144.918 25.090 48.035 16.126 104.271 43.044 48.215 70.441 -3.636 -26.850 -35.086 -21.131 -42.594 -37.680 2.400 25.199 29.918 50.408 -1.405 97.809 37.196 55.782 17.116 -54.416
INT059 89.418 -34.795 -4.640 -66.076 -179.141 10.160 40.673 9.976 74.072 41.474 58.116 59.910 -8.387 -45.075 -53.399 -33.165 -37.886 -26.857 16.396 36.903 26.300 39.822 -9.434 73.551 18.320 50.181 8.570 -49.719
INT060 95.154 -38.197 -7.274 -46.984 -145.650 -3.729 46.761 11.536 75.655 43.137 47.401 59.401 -18.373 -27.079 -69.212 -26.481 -12.048 -29.562 29.825 33.827 39.723 28.919 -8.846 75.920 22.715 49.991 26.728 -51.672
INT061 103.769 -24.016 26.552 -25.447 -153.621 22.423 97.195 21.322 100.527 105.123 90.132 103.881 -2.721 12.042 -39.800 -11.518 -7.183 -30.779 36.589 87.601 59.272 73.434 14.496 92.128 22.701 77.503 31.266 -66.547
INT062 81.030 -19.078 24.474 -23.456 -138.978 5.634 98.930 14.226 74.814 68.455 81.145 62.712 -14.793 -4.647 -39.448 2.256 -19.208 -25.774 20.403 77.178 62.250 55.534 -0.435 64.395 24.798 55.564 6.431 -77.626
INT063 43.713 -24.098 25.682 -39.654 -114.218 -13.722 86.957 -16.213 30.261 57.383 49.619 26.430 -7.612 -4.420 -57.994 -6.921 -35.663 -49.093 17.800 61.601 52.197 22.647 -17.628 53.277 11.534 34.444 -38.288 -47.238
INT064 0.514 -21.395 17.271 -60.104 -57.894 -26.430 45.845 -36.428 -4.091 48.826 11.770 -6.897 -9.243 -28.671 -77.453 -17.602 -31.856 -51.340 4.457 28.265 20.732 -16.802 -35.415 8.075 -10.633 23.958 -60.946 -78.394
INT065 51.052 10.309 21.279 26.398 54.400 24.018 103.708 -8.325 72.389 100.715 103.952 58.657 23.566 29.315 -28.621 -12.231 7.897 -21.188 26.611 71.459 92.352 78.136 5.270 64.229 88.636 81.605 3.152 -56.673
INT066 22.803 -9.697 -8.623 16.674 57.238 -13.405 61.006 -36.542 6.385 53.722 64.823 9.362 23.610 17.278 -37.444 -22.981 -10.629 -25.071 12.523 31.303 68.143 39.720 -32.961 14.413 50.383 48.516 -39.484 -38.921
INT067 -5.208 -20.504 -20.633 -21.975 34.491 -21.617 23.582 -65.831 -69.822 7.785 9.504 -49.789 7.262 -3.830 -50.820 -10.142 -20.599 -32.959 -3.079 5.837 51.893 -14.604 -69.620 -13.960 33.987 20.665 -46.379 -29.293
INT068 -26.128 -16.801 -53.343 -53.839 -3.665 -36.791 -14.877 -92.086 -118.232 -16.621 -21.777 -81.217 7.474 14.540 -61.940 -10.765 -65.493 -59.449 -17.545 -7.869 9.663 -60.492 -130.370 -36.466 7.654 23.471 -66.977 -13.319
INT069 18.453 -1.451 -48.976 23.283 64.314 26.716 69.218 -30.649 -8.146 52.513 51.976 2.534 61.160 52.633 1.531 12.278 -34.959 -21.007 43.366 70.670 64.358 23.907 -53.335 14.345 102.309 76.560 -41.346 17.455
INT070 -5.764 -17.685 -59.719 -8.271 56.278 14.803 32.368 -43.306 -37.889 29.373 45.051 -21.348 49.061 54.041 -19.352 16.894 -61.518 -16.850 24.513 41.839 25.730 -8.735 -82.470 -2.280 51.652 51.055 -45.233 9.828
INT071 -30.651 -39.110 -89.145 -44.331 49.090 5.168 1.636 -50.588 -48.935 1.957 8.570 -40.046 46.091 67.325 -29.202 2.521 -52.634 -19.914 0.776 10.101 -13.608 -35.889 -98.348 -20.957 26.827 56.941 -62.979 -20.476
INT072 -37.274 -59.784 -107.676 -74.541 43.069 -2.731 -4.099 -62.286 -84.283 -17.941 -11.060 -88.018 18.462 86.449 -80.425 -13.622 -83.408 -31.560 -32.596 -46.759 -68.717 -54.586 -120.865 -36.184 11.759 29.760 -59.282 -9.213
INT073 -24.348 -56.377 -87.626 -37.885 63.989 43.007 11.258 -15.311 -48.927 -1.448 4.851 -44.954 50.094 102.830 -17.063 14.121 -24.743 -13.648 13.004 20.572 -43.360 -9.497 -79.032 -13.726 42.463 53.578 -38.386 -3.272
INT074 -28.479 -49.147 -83.230 -53.183 67.752 10.394 24.879 -14.022 -57.622 -20.807 -6.475 -53.062 67.374 105.280 -39.908 3.251 -22.614 -25.046 -16.324 -21.816 -68.918 -27.338 -114.485 -41.576 10.569 10.720 -50.111 -5.155
INT075 -7.508 -43.804 -65.239 -51.256 47.095 15.606 0.270 -6.093 -49.835 -19.494 19.451 -68.390 64.868 97.334 -58.031 -2.832 -14.309 -36.746 -27.573 -46.223 -93.821 -58.605 -131.748 -65.064 -11.939 -11.508 -55.968 -36.031
INT076 -5.406 -20.366 -43.194 -44.166 57.792 23.508 -10.463 9.651 -42.973 -12.570 13.787 -66.108 73.959 97.934 -62.763 -0.128 -10.890 -35.085 -2.495 -43.105 -91.869 -60.331 -131.172 -52.307 0.614 9.138 -64.275 -38.428
INT077 1.285 -27.783 -37.675 -43.824 71.500 44.574 -16.758 1.516 -20.394 2.371 5.824 -61.110 43.531 68.825 -60.758 -6.795 2.198 -34.383 7.408 -18.101 -48.837 -45.747 -83.210 -36.365 27.361 -11.778 -30.905 -4.582
INT078 -5.610 -31.119 -37.334 -44.577 78.470 42.440 -9.307 18.642 -24.923 6.201 4.504 -72.967 40.755 63.075 -61.584 7.133 -12.502 -31.612 -1.210 -28.183 -69.087 -32.878 -80.403 -36.224 17.660 4.783 -37.645 7.188
INT079 -37.463 -39.920 -33.251 -58.959 75.925 27.671 -17.325 -4.837 -15.730 -22.977 -0.742 -66.083 19.855 57.139 -73.152 7.416 -29.591 -56.956 -4.435 -34.015 -74.095 -41.133 -66.282 -41.872 11.863 8.000 -32.973 -6.300
INT080 -46.410 -33.819 -19.645 -57.011 63.353 4.153 -31.965 7.677 -13.683 -10.408 -8.693 -63.388 30.657 66.122 -93.685 -3.139 -42.647 -61.908 8.890 -25.755 -59.201 -35.246 -64.660 -41.954 17.360 18.962 -56.872 -7.319
INT081 -25.079 -48.553 -34.544 -47.323 31.337 17.264 -21.239 -5.959 -16.676 -25.359 -15.821 -47.974 33.498 41.028 -91.687 -16.286 -29.150 -88.787 -17.515 -12.892 -44.479 -54.943 -60.635 -100.351 6.275 9.101 -31.179 -18.332
INT082 -19.993 -42.289 -31.715 -61.260 62.599 -1.474 -25.524 0.374 -1.537 -25.817 -15.495 -44.754 31.583 27.991 -86.805 -1.991 -26.746 -81.193 -11.208 -6.284 -26.567 -31.339 -55.915 -91.293 7.795 27.752 -39.326 -10.959
INT083 -22.659 -36.726 -16.193 -71.839 52.159 -16.405 -27.628 -17.740 -9.493 -29.384 -20.931 -41.183 40.357 32.306 -93.168 -13.699 -18.775 -85.620 5.191 1.581 6.670 -42.437 -52.443 -75.562 10.014 37.578 -37.502 -14.999
INT084 -16.647 -37.943 -25.160 -50.658 65.631 -5.806 -10.931 -0.581 -24.092 -22.246 -3.220 -51.413 46.338 36.092 -84.729 5.448 -18.290 -73.456 21.704 29.295 15.122 -37.427 -46.198 -66.866 24.098 33.478 -34.596 -5.708
INT085 -37.186 -56.048 -64.964 -62.404 53.331 -11.274 -14.468 -6.206 -36.299 -41.775 -26.847 -52.905 35.016 39.239 -107.069 -6.955 -54.111 -95.957 -1.780 15.394 -3.227 -67.592 -75.229 -72.739 -4.965 4.348 -57.892 -28.374
INT086 -39.859 -51.514 -82.052 -39.864 47.895 -11.123 -15.274 0.436 -37.585 -42.373 -5.366 -33.543 40.512 24.955 -79.047 -15.341 -27.795 -77.790 0.934 24.225 1.213 -49.902 -69.667 -59.937 2.782 31.763 -49.673 -10.362
INT087 -32.690 -35.453 -57.690 -33.707 59.783 -14.032 -6.536 15.652 -19.205 -23.854 1.159 -19.227 45.111 29.948 -73.130 -16.541 -16.683 -82.113 8.277 21.955 23.463 -51.981 -73.306 -29.333 11.498 32.027 -37.350 -6.737
INT088 -23.044 -23.381 -33.483 -22.426 47.401 21.024 12.548 34.486 -7.228 -6.821 19.983 15.990 45.812 26.563 -59.448 14.674 -5.699 -65.052 19.730 15.721 20.897 -32.586 -67.530 -10.072 37.308 46.343 -2.669 6.730
INT089 -42.684 -42.951 -57.858 -68.709 28.211 -10.364 -21.515 26.908 -52.404 -72.686 -17.683 -48.092 30.694 -12.398 -89.857 -43.477 -58.383 -127.829 -20.319 -61.106 -35.671 -81.934 -124.325 -34.671 -34.079 2.426 -37.520 -36.172
INT090 -41.030 -26.575 -46.162 -37.044 30.867 -7.698 3.274 9.271 -38.417 -57.867 -18.532 -25.043 39.606 -7.270 -58.828 -33.498 -31.082 -79.490 -14.647 -29.684 -24.992 -45.103 -99.038 -26.826 -8.796 53.963 -14.407 -4.211
INT091 -10.822 -20.446 -25.716 -13.862 47.839 15.406 8.689 19.016 -35.250 -23.512 6.303 -0.767 57.347 -10.364 -37.398 -17.261 -8.779 -70.369 -4.156 -24.343 -8.046 -41.725 -80.688 -3.103 3.552 68.072 4.111 10.724
INT092 -10.011 -8.040 -2.179 1.980 73.238 35.259 15.731 39.165 -19.015 -12.823 39.640 19.205 66.842 6.309 -37.500 -19.249 12.916 -48.009 -6.027 -10.759 -7.981 -36.983 -75.183 1.428 22.171 79.323 24.950 31.328
INT093 -42.978 -42.152 -29.003 -78.356 23.223 -5.624 -31.699 21.090 -52.806 -33.832 -19.477 -46.441 9.477 -22.252 -83.515 -44.240 -17.714 -76.546 -25.826 -68.826 -64.241 -67.484 -97.196 -39.199 -27.976 -2.755 -0.678 -26.500
INT094 -28.472 -43.573 -19.788 -53.807 41.263 11.254 -23.656 29.105 -54.533 -27.186 -17.021 -23.338 23.655 -16.633 -68.254 -21.781 -5.550 -35.881 -28.904 -70.901 -59.771 -36.461 -65.432 -26.332 -12.079 -5.502 11.336 -9.967
INT095 -20.657 -35.095 -17.226 -34.287 17.760 17.716 -17.911 35.268 -57.262 -5.528 -5.612 -24.579 29.744 1.936 -53.602 -29.933 -1.933 -39.710 -24.377 -47.181 -53.906 -23.399 -46.870 -1.137 18.565 13.117 19.498 16.323
INT096 -31.578 -52.693 -28.502 -11.375 26.937 16.900 -5.117 46.179 -45.584 -16.929 9.244 -15.658 41.357 6.592 -31.526 -16.943 2.456 -24.055 -29.415 -36.384 -45.807 -31.097 -29.796 17.387 24.361 13.426 47.997 16.543
Situatie privind dezechilibrul SEN pentru fiecare interval de decontare din luna  Februarie 2025