PDF PAGE 1
Data: 08.05.2026
lei/MWh
Interval/Data 01.05.2025 02.05.2025 03.05.2025 04.05.2025 05.05.2025 06.05.2025 07.05.2025 08.05.2025 09.05.2025 10.05.2025 11.05.2025 12.05.2025 13.05.2025 14.05.2025 15.05.2025 16.05.2025 17.05.2025 18.05.2025 19.05.2025 20.05.2025 21.05.2025 22.05.2025 23.05.2025 24.05.2025 25.05.2025 26.05.2025 27.05.2025 28.05.2025 29.05.2025 30.05.2025 31.05.2025
INT001 349.07 73.24 -1,171.52 97.89 28.81 -216.94 138.58
INT002 -6,417.14 -6,285.81 863.39 365.70 102.16 0.76 664.19
INT003 848.59 324.86 163.20 256.95
INT004 911.42 677.67 87.82 46.24 1,112.46 929.45
INT005 193.40 628.49 1,094.28
INT006 972.18 319.97 880.82
INT007 742.50 98.14
INT008 1,005.76 624.79 -4,299.71 664.09 196.86
INT009 906.16 858.00 870.88 682.77
INT010 390.00 181.40 251.91 390.00
INT011 0.47 76.95 157.14 85.08 806.37
INT012 286.82 73.88 193.20 140.20 713.36
INT013 956.25 225.16
INT014 805.08 0.70 219.61
INT015 1,109.63 340.14
INT016 339.70 385.17 182.89 733.95
INT017 906.18 0.00 99.78 766.08
INT018 896.19 941.04 203.41 390.00 850.07 108.38 393.00
INT019 877.22 15.43 1,068.82 242.59 739.98 779.41 120.85 842.02
INT020 46.09 39.42 103.45 989.29 147.90 88.46 -908.84
INT021 771.07 130.96 809.83 835.95
INT022 776.73 -54.08 871.97 870.95 0.00
INT023 235.53 0.00 0.00
INT024 314.62 395.55 817.71 220.28 390.00 376.28 114.11 803.45
INT025 598.16 916.48 814.14 620.62
INT026 0.00 191.12 765.38 279.98 221.31
INT027 967.95 200.02
INT028 636.79 0.00 848.44 227.10 167.51
INT029 200.98 952.20 -63.17 192.11
INT030 400.00 200.00 112.48 4.85 50.37 807.03
INT031 -22.39 374.55
INT032 250.08 -236.75 20.05 108.72 286.72 36.39
INT033 18.33 11.00 280.75 372.27 -99.83 16.05 283.57
INT034 -77.64 123.23 451.10
INT035 -1,367.73 -2,304.03 -220.48 0.10 -330.92 -175.32
INT036 -238.23 829.79 -862.99 -2,397.87 -427.57 1,630.08 -1,247.20
INT037 371.10 262.13 -541.01
INT038 -495.47 0.40
INT039 63.72 -1,889.38 -410.69
INT040 -3,440.74 278.32 -951.95 -2,671.22 -2,572.34 -1,871.90 -2,301.33 -2,973.85
INT041 -10.99 -334.51 0.38 -7.70 33.66
INT042 -4,683.54 -519.04 15.34
INT043 -4,611.20 -813.21 -674.84
INT044 -6,640.02 -6,551.70 872.66 -306.44 -994.69 -977.25
INT045 -7,303.32 -269.79
INT046 -7,673.30 -916.88 -317.71
INT047 62.69 390.49 -202.58 83.12 -6.16 7.69 -5,212.40
INT048 -3,642.23 0.30 0.10 -8.06 5.64 -5,583.70 101.97
INT049 -1,132.21 16.48 -295.69 -687.81 -808.77 -400.41
INT050 464.59 -514.79 -4,499.00 -1,339.62
INT051 55.45 467.88 -1,150.63 294.95 -117.21 196.73
INT052 390.00 -3,278.17 9.11 66.76 313.61
INT053 148.73 -814.34 171.34
INT054 5.79 466.41 -119.48 219.64 477.65
INT055 190.00 2.84 0.40 297.69
INT056 133.34 0.57 -294.09
INT057 0.40 221.01
INT058 140.09 0.40 2.01 272.05
INT059 79.06 0.35 -184.92 -140.84
INT060 489.30 -1,643.74 -1,833.82
INT061 114.05 -54.35 -210.58
INT062 -84.01 -3,479.43
INT063 -5.84 0.00 -3,011.68
INT064 0.02 -3,376.27 -220.84
INT065 -6,069.76 381.34 -206.38 -5,634.74 -412.13 -557.69 -11.96 -438.42 -214.78 -4,416.62
INT066 -193.66 203.44 -323.05 -104.35 -198.15 -475.40
INT067 -26.61 -859.35 7.19
INT068 1.42 -1,200.96 -850.71 -50.34
INT069 -869.96 55.26 -3,423.03 -2,464.93 -5,129.03 -847.95
INT070 361.00 -3,617.81 -1,608.91 -406.51 -878.00
INT071 -1,676.17 1.38
INT072 -2,364.09
INT073 -1,375.41 13,393.21 28.39 -3,644.93 -2,519.03 251.38 -5,622.27
INT074 0.42 41.32 6.54 14.93 45.15 -1,593.04 703.81 378.89 -180.75
INT075 390.00 447.64 394.90 0.60 -145.95 1.00 191.34 0.00 -3,266.21
INT076 512.56 -1,317.82 0.24 1,865.43 0.60 213.07 367.62 -249.94
INT077 698.77 110.30 -848.37 290.24 57.48 0.70 -67.83 210.63 -58.53 59.44 198.01 8.09
INT078 208.15 1.15 38.33 61.69 294.15 309.25
INT079 257.95 894.66 200.01 390.00 361.69
INT080 282.54 200.00 318.92
INT081 0.00 203.09 306.92 57.83 251.02
INT082 393.58 -139.69 373.00 177.08 303.19
INT083 -206.59 1,157.50 374.38 981.00 303.34
INT084 375.50 -44.05 200.00 390.00 1,398.84 390.00
INT085 382.47 876.73 334.51
INT086 390.00 396.25 390.00 107.24 929.16 -9,308.95 -1,741.80 369.25 923.33 302.53
INT087 -1,208.33 188.17
INT088 713.41 390.00
INT089 761.27 396.25 397.19 390.00 200.83 -401.46
INT090 363.65 837.35
INT091 736.16 812.32 21.79 384.82 1,137.97 268.90
INT092 1,019.21 666.03 1,078.63
INT093 583.04 705.97 0.60 198.75
INT094 247.88 208.17 485.62 -2,071.19 946.50 790.79 14.01 781.32
INT095 853.85
INT096 -6,321.91 -1,399.75 206.29 310.31 1,094.58 789.48 953.19 706.81 208.24
Pret final de excedent din luna Mai 2025
1/1