PDF PAGE 1
Data: 23.07.2026
lei/MWh
Interval/Data 01.06.2026 02.06.2026 03.06.2026 04.06.2026 05.06.2026 06.06.2026 07.06.2026 08.06.2026 09.06.2026 10.06.2026 11.06.2026 12.06.2026 13.06.2026 14.06.2026 15.06.2026 16.06.2026 17.06.2026 18.06.2026 19.06.2026 20.06.2026 21.06.2026 22.06.2026 23.06.2026 24.06.2026 25.06.2026 26.06.2026 27.06.2026 28.06.2026 29.06.2026 30.06.2026
INT001 366.17 596.18 701.22 724.80 92.28 367.45
INT002 278.17 255.27 15.40
INT003 58.93 331.88 410.00
INT004 131.62 95.43 948.56 989.25 304.47
INT005 293.91 97.84 -99.47 277.28 869.52 82.55 260.65
INT006 272.27 777.49 90.80
INT007 298.78 277.19 -59.36 302.31 92.89 400.00
INT008 221.90 374.67 -34.27 292.93 813.40 641.83
INT009 376.62 93.14 721.66
INT010 394.47 400.00 91.81 400.00 270.00
INT011 816.15 140.01 83.06 208.98 256.60 847.83
INT012 831.39 330.69 975.44 41.62 49.94
INT013 265.67 0.00 166.89 400.00 283.30 2.04
INT014 890.48 251.00 -63.57
INT015 934.01 737.32 268.85 241.48 127.13 251.00
INT016 264.68 23.77 3,396.00 3.51
INT017 949.84 903.36 3,998.50 316.84 969.01
INT018 626.17
INT019 112.27 895.86 983.51 251.00
INT020 834.48 756.23 713.87 881.69 599.06 -34.99
INT021 305.64 231.74 118.12 899.97 260.85 263.05 0.78 490.06 400.00 1.98
INT022 270.78 324.04 121.55 400.00 398.31 1,538.86
INT023 101.63 270.96 701.20 3.48 392.00 94.63 895.99 400.00 896.97 116.83
INT024 939.30 50.54 735.47 1.95 384.87 855.44 79.39 119.69 330.23 134.53
INT025 770.75 118.94 -78.74 254.78 52.37 784.78 -113.69 265.10 404.00
INT026 390.00 400.00 732.07 165.76 363.14 89.54 -35.20
INT027 283.78 -11.01 46.83 163.94 38.49 123.84 -305.04 123.48
INT028 -12.85 -2.78 258.22 367.50 -79.70
INT029 -50.21 -304.72
INT030 343.13
INT031 -282.12 882.96 829.72
INT032 3.24 844.71 301.72
INT033 -1.60 18.14 266.78
INT034 12.55 0.88 283.82
INT035 0.50 -18.57
INT036 873.37 312.48 0.50 808.95 266.34 -19.58
INT037 416.60
INT038 -398.49 -518.86
INT039 -3,826.02 763.28 -889.80
INT040 49.40 566.56 -76.80
INT041 878.15 178.21 -437.24 -19.60 506.25
INT042 -4.92 -308.57 -2,066.56 -0.84
INT043
INT044 125.59
INT045 44.31 560.85
INT046 -105.26 -27.25
INT047 -105.10 192.39 408.02
INT048 342.27 7.66 -532.09
INT049 -632.18 554.81
INT050 -1,176.94 -103.05
INT051 -509.37 -258.40 662.63 441.82 537.45
INT052 -2,000.21 -104.06 68.18
INT053 495.83 0.23
INT054 252.84 64.15 0.00
INT055 172.19
INT056 15.28
INT057 18.21 146.13
INT058 801.71 24.26 260.02
INT059 30.09 664.06
INT060 -3,399.94 -4.07
INT061 83.57
INT062 -44.78
INT063
INT064 -142.29 503.41 -1,733.47
INT065 680.91 -155.61
INT066 672.25
INT067 425.93
INT068 22.46 391.91
INT069 536.45 -78.02
INT070 740.90 -7.79
INT071 373.00 4.46 747.24
INT072 11.05 627.84
INT073 -784.49
INT074 -166.41 505.18 954.13
INT075 5.53 -346.97 -1,735.94 255.86
INT076
INT077 218.78
INT078 133.93 325.14 302.59 397.29
INT079 7.65 1.19 138.84
INT080 267.55 -104.09
INT081 143.56 1.10 26.14 -5,987.69
INT082 320.82 -1,298.21 258.28 -5,453.74
INT083 -141.47 901.29 400.00
INT084 1,252.42 1,228.02 930.60 950.40
INT085 400.00 400.00
INT086 400.00 270.15 852.64
INT087 571.18 263.08 342.98
INT088 772.56 321.40 272.93
INT089 801.46 177.13 281.70
INT090
INT091 274.68
INT092 267.32 166.97 -102.71 281.72
INT093 989.30 812.50 -423.05 -326.17 -159.58 1,371.76
INT094 -105.25 811.47 257.35 21.23 945.13
INT095 59.61 296.28 405.72
INT096 267.81 893.91 30.68 177.86 873.51 109.93
Pret final de excedent din luna Iunie 2026
1/1