PDF PAGE 1
Data: 25.02.2026
lei/MWh
Interval/Data 01.01.2026 02.01.2026 03.01.2026 04.01.2026 05.01.2026 06.01.2026 07.01.2026 08.01.2026 09.01.2026 10.01.2026 11.01.2026 12.01.2026 13.01.2026 14.01.2026 15.01.2026 16.01.2026 17.01.2026 18.01.2026 19.01.2026 20.01.2026 21.01.2026 22.01.2026 23.01.2026 24.01.2026 25.01.2026 26.01.2026 27.01.2026 28.01.2026 29.01.2026 30.01.2026 31.01.2026
INT001 759.04 579.08 224.43 -784.37 418.96 689.83 788.25
INT002 -74.93 615.43 304.44 341.78 682.11 391.90 782.30 707.84 305.88 592.91
INT003 73.93 722.47 851.02 816.39 380.69 560.21 789.37 157.76 685.87
INT004 401.61 364.06 481.92 -151.69 309.05 242.28 274.99 299.79 793.35
INT005 -12.04 397.66 652.56 431.68 -1,272.00 847.92 1,294.19
INT006 506.09 370.69 796.10 690.14 -7,101.13 0.00 244.43
INT007 616.26 745.18 177.34 921.16 4,987.96
INT008 482.07 650.35 389.28 660.15 670.06 -404.42 154.76
INT009 766.22 328.07 368.00
INT010 502.23 767.29 368.90 602.93 400.74
INT011 286.71 142.39 604.29 264.76 320.51 1,133.99
INT012 450.03 152.27 311.39 348.70 593.09 438.67 798.93 616.59 1,030.06
INT013 630.22 516.24 204.83 191.13 251.00 676.17 767.52 141.26
INT014 176.03 165.54
INT015 0.33 946.05 877.64 146.79 267.98
INT016 330.42 275.83 824.80 19.38 1,028.55 301.65
INT017 3.79 778.28 761.05 464.63 288.79 303.17 137.85
INT018 2.07 319.47 328.17 0.00 160.63
INT019 145.34 329.34 360.23 723.04 318.34 128.99
INT020 251.28 1,012.78 349.72 729.04 880.19
INT021 625.34 789.55 825.39 244.00 321.57
INT022 635.94 724.67 0.00 22.63 133.45
INT023 666.75 648.27 913.29 1.28 328.85
INT024 278.87 271.11 751.83 1,021.03 331.91
INT025 441.09 482.55 -577.51 673.61 343.61 308.50 176.97 1,078.81 326.60
INT026 0.00 772.32 300.31 852.40 2.68 0.20 336.11 735.99
INT027 905.29 92.94 1,516.88 0.20 661.99
INT028 770.94 0.71 588.89 400.00 782.94 316.71 793.08 1,104.53
INT029 758.61 2,801.29 56.61 758.96 0.00 1,132.02 -259.14 261.58 29.48
INT030 357.63 848.44 -136.39 0.30
INT031 151.41 371.20 881.35 500.00 -369.95 334.02
INT032 95.88 612.91 407.00 437.71 -6,022.80
INT033 579.77 212.22 639.07 256.97 794.02 -7,861.90 357.50 500.00 312.42
INT034 75.50 407.00 200.17 360.81 363.26
INT035 251.00 -47.74 500.00 200.00 358.80 317.97
INT036 718.97 370.49 500.00
INT037 -50.31 85.96 1,164.13 0.00 410.00 353.65 0.50
INT038 0.20 574.63 405.57 0.00 342.41
INT039 396.49 407.00 410.00
INT040 192.29 748.23 407.00 256.04 308.60
INT041 200.00 708.13
INT042 708.28 667.51 639.47 878.80
INT043 594.91 717.56 243.92 767.03
INT044 549.64 664.21 691.57 -1,944.77 -155.63
INT045 530.58 -779.84
INT046 74.56 0.00
INT047 44.73 690.72 531.33 163.16 977.04
INT048 -148.65 537.75 286.37 694.47
INT049 722.67 -658.79
INT050 8.12
INT051
INT052 290.45
INT053 385.71
INT054 0.00
INT055 0.00
INT056 -423.03 353.33
INT057 203.62 69.32 -41.65 -4,159.66 637.66
INT058 0.11 200.71 760.95 405.00 -133.29 -1,317.14 700.00 466.88 20.09
INT059 0.35 741.10 -62.85 -3,061.15 -2,819.99 700.00 643.28 -198.84
INT060 0.16 -125.43 -330.38 -444.70 617.87 228.45 111.14
INT061 205.29 -335.30 -1,012.11 535.68 154.17
INT062 200.10 0.20 4.80 441.91 -234.55 0.10 0.00 -3.13 283.98 47.86
INT063 378.46 0.10 373.55 327.22 0.50 -15.67 -429.53 246.96 0.30 6.17
INT064 265.74 789.27 206.99 -143.93 -334.29 -80.68 0.30 6.01
INT065 497.51 681.80 598.68 335.54 310.20 -900.69 26.27 67.87 3.55
INT066 801.79 579.20 639.14 1,530.59 700.00 40.52 410.00 242.77 1,511.01 1.10
INT067 641.50 405.00 407.00 673.18 410.00 -554.60
INT068 49.39 798.59 641.32 405.00 535.36 274.81 0.00 500.00
INT069 480.22 348.26 597.61 353.74 779.25 194.68 880.97 239.72 405.00 696.97 0.00 300.71
INT070 588.62 381.51 521.94 649.53 405.00 704.50 405.00 1,568.09 306.36
INT071 459.01 442.28 536.37 602.54 115.45 200.00 451.11
INT072 399.10 496.62 630.41 144.51 586.84 1,840.91 590.16 310.00
INT073 556.03 405.00 407.00 405.55 407.15 700.00 619.13 350.00
INT074 370.25 603.69 405.00 405.00 407.00 7.36 588.08 1,692.95
INT075 120.66 629.10 842.65 405.20 868.47 324.52 -56.25 569.98 -58.91 16.53
INT076 618.23 566.97 405.00 405.00 406.00 408.24 203.34 12.23 542.11 245.97 1,153.11
INT077 405.00 405.00 729.72 355.81 644.26 156.03 279.57 689.63
INT078 450.19 617.64 603.86 405.00 410.00 406.96 585.31 68.39 1,711.11 517.15
INT079 797.09 611.97 592.45 0.00 405.00 405.00 373.13 216.69 835.51 143.71
INT080 692.72 605.39 405.00 358.01 405.00 395.09 -503.06 714.55 1,052.01 737.02
INT081 109.65 497.06 1,552.96 368.65 553.04 1,629.39 323.41 162.71
INT082 743.17 381.53 379.93 1,552.67 707.58 -1,224.65 0.00 408.20 817.01 689.69
INT083 832.49 2,068.32 -1,538.03 0.00 883.74 814.68
INT084 127.69 878.73 29.69 138.44 356.31 779.63 729.50 1,905.47 589.23
INT085 90.30 713.06 -738.64 377.60 835.99 385.65 406.35 358.17 852.72 680.41 210.42 4.41 734.04
INT086 3,477.52 627.27 -4,416.29 936.58 326.80 405.00 407.06 634.15 604.89 1,039.64
INT087 607.70 487.87 583.18 312.04 351.02 719.78 358.70 533.97 192.12 915.60 319.16
INT088 1.10 144.63 159.27 768.33 735.08 362.00 1,328.49 356.63 1,319.69 196.12 91.72 243.52 989.87 100.53
INT089 2,276.53 509.44 998.23 353.11 175.60 153.57 349.68 828.09
INT090 661.76 700.02 1,122.54 17.76 332.69 963.67 932.47
INT091 300.11 4,433.38 896.43 320.89 309.31 0.56 660.77 255.22 371.42 688.39 718.16
INT092 482.80 100.13 729.38 151.25 145.73 595.32 720.79 137.59 437.05 217.74 -134.45
INT093 535.35 414.61 320.85 -118.36 629.94 567.73 532.42 -81.75 715.58
INT094 351.78 327.88 747.87 918.86 388.28 980.37 905.50
INT095 170.13 0.00 141.55 -322.77 795.64 429.53 401.00 564.06 -152.41 897.13
INT096 575.29 187.97 498.05 210.95 630.12 1,399.11 788.75
Pret final de excedent din luna Ianuarie 2026
1/1