PDF PAGE 1
Data: 16.03.2026
lei/MWh
Interval/Data 01.01.2026 02.01.2026 03.01.2026 04.01.2026 05.01.2026 06.01.2026 07.01.2026 08.01.2026 09.01.2026 10.01.2026 11.01.2026 12.01.2026 13.01.2026 14.01.2026 15.01.2026 16.01.2026 17.01.2026 18.01.2026 19.01.2026 20.01.2026 21.01.2026 22.01.2026 23.01.2026 24.01.2026 25.01.2026 26.01.2026 27.01.2026 28.01.2026 29.01.2026 30.01.2026 31.01.2026
INT001 800.00 1,086.23 -918.29 922.16 991.51 909.05
INT002 57.03 461.46 777.03 356.71 334.93 665.00 410.99 956.48 700.00 298.53 700.00
INT003 522.55 281.05 752.21 796.42 436.97 863.59 700.00 148.93 700.00
INT004 871.53 700.00 281.48 588.83 313.34 255.71 220.09 241.97 793.02
INT005 37.58 667.00 900.00 753.30 833.59 797.92 -2,123.77 799.52 1,052.73
INT006 784.38 763.47 631.00 796.70 16,842.07 131.12 1,010.84
INT007 -183.64 779.79 144.80 914.70 8,012.10
INT008 412.01 700.00 898.59 -343.14 870.61 154.63
INT009 568.85 266.87 472.85
INT010 642.06 447.67 427.04
INT011 154.43 900.00 808.98 987.80 882.22
INT012 631.00 898.69 900.00 795.77 569.00 954.17 1,071.86 887.27
INT013 700.00 891.81 798.83 292.40 569.00 987.44 956.18 175.14
INT014 133.29 133.57
INT015 516.34 122.68 784.48 990.65 155.63 278.87
INT016 1,069.93 1,039.03 1,066.25 289.92 325.27
INT017 111.18 778.91 822.16 1,045.07 938.25 124.30
INT018 68.01 397.20 343.79 365.27 23.72 473.72 941.25
INT019 134.38 155.12 343.60 757.68 357.37 332.88 128.74
INT020 278.11 359.67 796.57 730.30 341.76 720.69 700.00
INT021 673.24 787.62 721.05 393.18
INT022 776.62 -56.72 279.45 127.47 901.89
INT023 731.74 631.79 770.77
INT024 618.20 762.84 794.73 746.64
INT025 763.43 604.00 -19.06 766.11 423.94 278.33 172.02 794.56 337.69
INT026 284.64 302.00 808.51 162.52 656.61 700.00
INT027 765.35 97.17 2,100.05 1,137.53 975.81
INT028 209.50 593.66 861.24 992.82 1,243.55
INT029 76.32 1,548.55 26.05 315.10 859.39 186.86 544.56
INT030 364.02 1,297.43 993.31 1,434.16 1,035.63 741.05
INT031 62.19 768.66 590.34 1,533.05 376.70
INT032 863.64 700.00 795.45 -26.33 710.72 1,927.97 1,010.40
INT033 872.87 700.00 278.46 3,440.67 279.14 595.29
INT034 110.29 780.71 488.58
INT035 325.63 2,412.36 470.46 793.00 207.65
INT036 776.11 872.79 473.63
INT037 74.42 118.32 1,323.27 1,058.09 1,092.36 422.91 538.89
INT038 230.06 2,046.01 442.75 12.45 107.55 411.83
INT039 393.51 333.17 426.76 371.35 448.05 294.27
INT040 938.03 304.92 357.11 226.94 388.74 216.82
INT041 453.10
INT042 784.20 776.58 269.66
INT043 997.00
INT044 777.74 771.03 412.25 997.00 133.15
INT045 782.09 1,320.92 3,508.89
INT046 920.74 2,292.27
INT047 1,381.47 -27.20 2,132.24
INT048 580.03 702.57 528.94 161.93 175.17 361.80
INT049 631.00 410.51 197.47
INT050 646.07 297.69 421.52
INT051
INT052 835.82
INT053 237.26 544.36
INT054
INT055 151.61
INT056 225.09 382.16 376.42 146.86
INT057 301.11 651.45 172.46 940.48 1,441.40 516.90 739.05
INT058 55.10 405.90 170.96 940.48 701.73 1,076.06 601.12
INT059 19.23 144.59 -1,496.46 -163.77 1,173.91 2,009.45 248.93 199.92 204.54
INT060 141.39 159.13 156.35 351.97 402.84
INT061 250.15 219.82 554.50 631.00 166.52 150.86
INT062 478.63 442.43 251.25 4.89 4,759.48 1,668.97 1,602.12 256.70 400.68
INT063 556.43 919.40 5,780.50 389.36 282.62 2,146.30 1,146.88 1,832.19 199.37 557.54 171.21
INT064 630.63 140.74 425.68 2,424.50 1,178.58 342.23
INT065 705.48 815.83 768.00 425.50 318.96 314.84 1,600.46 3,102.31 1,196.22 135.09 92.18
INT066 704.40 772.06 2,676.31 411.10 1,257.32 606.34 199.15 1,766.43 670.00 987.01
INT067 313.73 1,534.27 427.79 931.99 625.65 863.66 999.05 5,705.89
INT068 668.00 2,121.29 64.67 847.62 449.83 998.86 1,317.84 662.37
INT069 736.94 -102.37 353.65 386.43 1,186.43 343.06 728.82 257.26 1,798.40 -124.02
INT070 631.00 1,193.99 339.45 442.88 414.12 1,288.77 1,115.99 350.25
INT071 763.39 1,005.62 1,194.06 189.30 300.63 380.12 451.78 993.74
INT072 292.71 631.00 235.14 1,354.57 1,862.70 1,993.08 831.55
INT073 404.98 1,243.04 822.37 1,371.09 1,250.62 2,647.87 886.31 361.89
INT074 150.54 1,285.21 1,566.33 2,369.76 1,406.49
INT075 166.60 599.00 714.43 812.08 1,414.58 807.38 1,760.55 1,501.48 1,514.00
INT076 319.35 144.57 279.35 758.92 356.93 1,466.92 1,977.98 1,537.71 273.81 1,293.29
INT077 -15.64 434.18 400.36 790.71 795.96 1,808.86 1,402.40 387.74 1,380.79
INT078 700.00 772.34 783.23 391.59 797.50 1,718.46 1,481.97 1,395.81 1,591.24
INT079 423.41 760.66 783.59 771.75 860.98 -22.36 407.13 368.68 1,225.82 1,722.20
INT080 465.94 346.27 783.13 427.62 879.07 1,172.97 700.00 1,736.64 1,082.64
INT081 751.89 1,206.19 783.50 1,274.18 1,178.94 1,151.29 1,412.67
INT082 147.15 402.82 2,693.40 999.00 1,203.62 51.57 396.59 700.00 1,339.92
INT083 160.39 3,914.64 -427.65 50.32 1,996.03 700.00
INT084 149.96 736.76 775.00 289.39 1,198.62 344.57 700.00 1,322.19 1,616.62 977.59
INT085 2,804.04 371.81 701.52 766.00 514.27 934.63 940.88 191.29
INT086 747.30 3,429.78 786.29 287.69 434.35 700.00 1,057.89
INT087 700.00 838.84 358.46 754.29 1,173.58 133.04 2,021.67 338.93
INT088 129.61 335.41 207.54 751.54 98.42 369.85 1,902.44 1,099.41 183.41 137.72 99.74 1,194.86 252.71
INT089 1,218.23 714.40 999.71 192.20 184.71 333.76
INT090 771.75 700.00 700.00 1,115.93 911.29 341.17 906.17
INT091 779.93 344.81 2,435.32 787.13 331.12 426.38 148.99 700.00 280.64 334.20 700.00 906.29
INT092 298.09 1,103.24 1,119.00 799.04 47.90 156.99 700.00 796.09 196.79 1,876.63 42.73 -154.24
INT093 778.00 11,527.56 1,058.98 733.34 378.87 -24.94 705.17 700.00 780.95 57.49 1,107.94
INT094 697.14 393.96 329.08 753.93 1,157.68 395.57 949.39
INT095 743.34 715.67 1.68 165.24 1,258.57 796.72 789.67 436.65 430.81 959.85
INT096 120.38 709.86 214.80 1,320.40 978.67
Pret final de deficit din luna Ianuarie 2026
1/1