PDF PAGE 1
Data: 23.09.2025
lei/MWh
Interval/Data 01.08.2025 02.08.2025 03.08.2025 04.08.2025 05.08.2025 06.08.2025 07.08.2025 08.08.2025 09.08.2025 10.08.2025 11.08.2025 12.08.2025 13.08.2025 14.08.2025 15.08.2025 16.08.2025 17.08.2025 18.08.2025 19.08.2025 20.08.2025 21.08.2025 22.08.2025 23.08.2025 24.08.2025 25.08.2025 26.08.2025 27.08.2025 28.08.2025 29.08.2025 30.08.2025 31.08.2025
INT001 655.53 287.30 587.15 167.58 402.09 768.86 225.49 720.57 298.89
INT002 724.27 104.28 649.01 420.00 97.81 683.23 701.18 -3.74 142.39 198.86 404.00 278.11 707.44
INT003 420.01 420.00 420.00 177.67 319.86 158.13 646.21 670.71 0.30 0.00 67.45 661.71
INT004 634.48 312.75 196.15 99.49 129.05 60.12 496.59 52.81 139.59 130.38 79.36
INT005 697.80 0.00
INT006
INT007 1,017.44 404.08 240.67 492.61 183.68
INT008 764.31 699.23 107.46 7.51 697.38 147.39 324.97
INT009 637.47 388.57 677.08 646.25
INT010 701.91 647.98 248.08 420.00 397.50 390.00 89.49 132.47 634.01
INT011 420.25 322.98 178.94 400.00 252.46
INT012 101.85 121.37 174.72 711.34 164.29 681.27 113.75 122.81 247.36
INT013 420.09 220.69 390.00 420.00 648.43 134.25
INT014 421.00 628.82 118.32 673.76 665.33 420.00 130.41 91.25 723.58
INT015 1.21 35.34 420.00 151.15 119.33 716.68
INT016 420.13 730.76 2,614.03 125.60 799.97 114.86
INT017 0.00 179.42 658.89 169.14
INT018 0.00 300.74 94.68 165.18 133.09 149.58 111.51 120.72
INT019 420.69 282.93 640.66 130.60 420.00 551.46 666.99 185.68 56.86 624.85
INT020 638.84 176.23 303.04 97.29 143.60 700.37 531.55 684.10 96.90
INT021 0.00 120.18 66.05 692.76 0.00 161.80
INT022 420.00 60.91 643.01 0.00 390.00 95.59
INT023 827.89 203.67 697.62 420.00 246.13 374.96 716.50
INT024 759.88 177.26 99.46 242.99 420.00 390.00 364.31 61.00 124.20
INT025 420.01 88.90 563.81 651.56 110.73 232.75 420.00 292.71 491.89 420.00 724.53
INT026 420.01 128.44 614.77 228.39 102.74 420.00 289.03 579.22 702.89
INT027 234.84 274.48 248.69 420.00 390.00 390.00 169.35 390.00
INT028 704.51 448.84 420.06 686.16 686.94 594.88 431.25 565.74
INT029 243.48 219.76 106.58 48.67 279.97 747.26 377.22 -114.20
INT030 90.85 294.23 593.91 641.96 0.00
INT031 283.91 58.48 728.16 732.17 301.23 390.00 390.00
INT032 152.34 34.06 658.00 305.55 -24.55 225.80 382.63 420.00
INT033 793.07 413.58 207.46 -47.79 97.97
INT034 420.00 0.40 107.61 370.22
INT035 0.69 3.27 55.04 -3,600.70 -268.39
INT036 -1,387.66 -60.59 -503.21 117.58 109.85 467.43 -4,599.54 126.30 96.86
INT037 -1,217.24 35.33 690.04 369.79 459.48 -54.99
INT038 -1,908.11 196.67 -398.29 -122.26 -4,459.90 176.28
INT039 -171.57 -491.08 -148.89 404.00 101.95
INT040 -3,606.49 -5,306.59 300.14 -3,883.52 -4,728.24
INT041 225.84 556.56
INT042 -76.41 285.12 235.10 468.68 -1,873.94
INT043 -323.55 -95.19 12.26 -305.30 -4,254.90
INT044 -163.30 241.23 -3,642.24 -2,665.01 -234.81 -7,077.13
INT045 96.65 -4,668.11 356.41 -15.19 7.48 -771.67 -2,614.93
INT046 -6,828.09 2.00 -2,947.90 -182.88 -3,661.40 -3,578.15 -21.31
INT047 -262.47 76.77 -3,007.47 10.81 -219.69 -129.63 -97.30
INT048 -99.87 430.00 -3,931.84 -135.31 8.93 -90.83 -125.60
INT049 -4,364.94 7.74 -317.07 605.87 -86.51 455.46
INT050 -2,840.71 -7,001.00 588.62 -5,074.38 206.40 -79.56
INT051 519.41 -2,002.27 -1,941.97 -1,589.67 533.10 592.34 503.79 -1,895.55 -88.01
INT052 -670.29 152.70 -264.03 -90.26 92.04 362.44
INT053 -716.01 -161.86 -911.29 482.13 542.58 -8,942.25 -186.30 -4,465.13 17.08 176.98 -30.01 -3,948.48 359.19
INT054 -138.33 -16.07 380.35 190.62 -2,368.22 -46.93
INT055 -19.13 284.24 120.79 550.82 -31.62 -2,227.47 -26.74 336.04
INT056 384.05 503.39 -341.43 -146.20 44.81
INT057 526.66 -4,660.12 -56.97 -88.35
INT058 104.22 -108.00 504.28 -87.64
INT059 87.12 -1,402.43 -89.05 143.13
INT060 -51.76 120.91 594.95 -4,436.87 -91.98
INT061 -1,017.61 -4,999.00 390.00 -206.92 -4,953.00
INT062 -5,533.10 -4,999.00 -4,313.71 114.68 649.11 -165.00 -67.73 -4,094.15
INT063 -4,926.13 -4,047.66 464.53 -137.33
INT064 105.76 -4,560.80 511.58
INT065 -6,599.43 225.00 -3,988.99 -2,925.97 -164.97 -4,990.43 -1,620.24 0.38 -153.94 598.16
INT066 220.42 75.31 126.52 197.30 -3,870.81 3.28 280.67
INT067 242.19 90.19 -304.46 506.57 17.73 15.20 454.26
INT068 -949.83 1.12 -165.51 94.93 4.96 2,309.52
INT069 -4,763.14 -4,763.00 522.06 268.38 -130.08 -3,544.32 -6,004.20
INT070 -233.37 -3,913.23 -6,578.85 -2,428.29 -121.46 -656.49 -5,713.68 2.91 393.26
INT071 -106.00 -2,892.47 201.95 -284.94 648.67 -7,858.24 1.38
INT072 390.00 228.40 -335.55 201.80 1.00
INT073 373.46 -2,225.54 -3,651.20 190.45 242.71 -1,815.50 49.89 390.00
INT074 379.57 -612.91 507.10 189.24 -224.78
INT075 529.16 103.66 251.31 268.66 387.31 695.52 -401.16 371.00
INT076 314.11 325.41 390.00
INT077 2,250.38 -4,523.96 778.86 195.68
INT078 390.00 308.22 306.47 -4,696.99 -1,633.83
INT079 0.00 0.00 346.51 375.79 362.61 -890.77 557.02
INT080 -1,452.44 629.48 1,009.01 387.53 528.52 904.06 705.48
INT081 0.00 967.93 2,124.59 264.11 658.12 0.00 208.16
INT082 409.00 347.14 380.66 354.17 651.26 100.00
INT083 617.51 571.90 571.36 390.00 613.60
INT084 654.47 656.66 518.47 149.40 742.65
INT085 458.64 409.00 323.86 378.19 692.27 682.67 160.84
INT086 719.04 659.64 409.00 320.84 537.72 388.33 389.54 647.25 176.29
INT087 390.00 745.32 356.43 379.13 346.79 318.47 689.97
INT088 390.00 855.54 597.79 695.44 186.16 728.92
INT089 675.97 415.58 957.38 412.21 387.53 571.98 664.58 82.20 283.63
INT090 644.84 377.17 756.36 315.69 652.22 98.57
INT091 697.06 325.02 177.49 698.98 155.52 4.12
INT092 341.99 759.61 -337.94 641.30 771.28 221.76 168.03 -1,834.08 -5.34
INT093 211.32 589.61 -2.61 163.97 300.51 -0.27 3.83 192.50 96.74
INT094 420.00 394.82 324.44 176.67 181.85 567.48 387.64 622.67
INT095 740.33 870.41 741.25 378.46 215.82 119.38 391.85
INT096 171.35 -335.08 190.44 636.30
Pret final de excedent din luna August 2025
1/1