PDF PAGE 1
Data: 04.11.2025
lei/MWh
Interval/Data 01.09.2025 02.09.2025 03.09.2025 04.09.2025 05.09.2025 06.09.2025 07.09.2025 08.09.2025 09.09.2025 10.09.2025 11.09.2025 12.09.2025 13.09.2025 14.09.2025 15.09.2025 16.09.2025 17.09.2025 18.09.2025 19.09.2025 20.09.2025 21.09.2025 22.09.2025 23.09.2025 24.09.2025 25.09.2025 26.09.2025 27.09.2025 28.09.2025 29.09.2025 30.09.2025
INT001 390.00 258.93 346.25 670.01 -19.21 752.44 92.01 134.25
INT002 371.60 672.51 390.00 308.91 357.35 309.99 334.69 800.66
INT003 390.00 353.38 137.17 150.81 839.15 201.09 313.31
INT004 378.00 154.56 142.43 -42.07 52.42 53.10 160.33 173.15
INT005 640.63 467.93 1,396.14 614.44 305.10 57.01
INT006 723.74 390.18 698.44 660.93
INT007 199.63 705.18 799.01 774.18 795.00 222.23
INT008 706.59 390.00 743.49 137.30 95.19 61.95 95.59 41.42
INT009 756.26 337.06 260.09 256.19 159.05 310.41 818.78
INT010 313.47 731.62 339.88 746.81 156.27 566.27
INT011 776.19 690.01 349.32 223.83 153.37 126.87
INT012 701.72 70.51 48.73 797.52 127.51
INT013 581.12 365.57 342.99 129.05 206.43 48.22 57.57 317.97 307.71 158.04
INT014 689.70 326.86 -82.63 490.31 22.93 145.50
INT015 378.91 49.86 83.00 70.60 373.59 320.94 890.39
INT016 -20.28 101.44 118.69 630.27
INT017 248.81 151.72 120.89 494.10 110.43 225.28
INT018 724.04 4.49 103.05 68.62 358.20 61.47
INT019 82.16 712.44 289.99
INT020 199.87 687.07 146.35 51.97 46.41 213.52 77.43 227.46
INT021 483.57 136.85 548.75 73.98
INT022 304.62 731.66 347.31 301.92 708.85 92.46 659.27 92.45
INT023 175.88 390.00 314.87 740.77 707.75 716.54 517.35 325.02
INT024 231.24 370.98 386.15 225.56 652.22 265.05 400.00
INT025 675.63 645.26 112.60 -256.64 434.18 130.97 775.47 193.11 96.92
INT026 109.69 708.32 113.17 160.09 235.05
INT027 248.73 741.50 716.05 300.51
INT028 580.07 534.23 757.50 200.98 781.36 597.65
INT029 234.01 370.00 -123.38 667.36 0.00
INT030 724.45 389.04 390.00 323.59 232.88 732.06
INT031 378.10 392.50 358.78 448.65 392.50 532.90
INT032 640.43 802.11 389.09 398.48 390.00
INT033 384.19 353.78 313.63 737.36 782.38 940.97
INT034 371.35 314.33 243.60 120.18 195.44
INT035 209.62 350.05 153.60 119.94 81.83 169.98
INT036 -235.02 -6,892.22 -29.00 21.72 61.21 328.05
INT037 10.45 -243.69 -199.06
INT038 386.60 -25.00 -3,170.70 480.53 125.06
INT039 -1,085.75 -1,371.12 -6,842.96 206.79 -353.45 131.74
INT040 91.53 -1,181.74 -3,359.28 -17.88 -55.51
INT041 -1,174.96 -206.11 917.56
INT042 -100.99 391.61 -228.77 67.09 78.35
INT043 -843.91 185.16 -197.97 -683.60 108.07
INT044 -2,391.50 -1,456.29 -661.99 -1,206.52 -4,896.24 -1,193.13 -1,072.12 79.61 -33.16
INT045 -342.12 26.61 316.90 -1,372.54 -542.74 -68.51 102.25 219.88
INT046 -437.22 1.35 75.83 -34.37 -2,909.03 56.65
INT047 -339.63 16.31 -48.43 -114.25 -278.32 -4,583.87 23.37 -32.91
INT048 -215.12 31.46 -1,919.65 -2,651.74 -7.64 26.78
INT049 -231.78 -3,474.63 89.69 489.71 -97.54
INT050 19.17 13.36 -3,668.07 4.24
INT051 -2,005.98 489.52
INT052 5.10 483.64 -4,977.23 -4,059.91
INT053
INT054 183.65
INT055 -425.83
INT056 -1,620.80
INT057 -161.27 104.47
INT058 -184.62 -161.27 5.95
INT059 -2,789.45 43.79 -1,931.54
INT060 -3,220.16 39.97 -987.38
INT061 -2,115.59 -175.33 -2,806.06 -10.82 -2,529.10 -6,983.70 54.26 -18.46
INT062 179.12 -164.43 -42.24 54.02 -54.33 203.07
INT063 4.12 102.03 132.47 126.43 6.52 866.69
INT064 2.65 -98.40 -3,480.09
INT065 -1,879.71 -2,125.35 -758.25 -6,547.24 -386.29 -456.10 -611.17 191.44
INT066 -306.19 -17.65 63.71 220.76 -4,100.20 47.87
INT067 -729.97 22.01 200.29 0.60 -8,357.28
INT068 -90.19 465.60 7.01 193.03 0.10 391.93
INT069 -64.84 22.45 -172.90 390.00 110.11 -101.40 -695.37 233.58 78.04
INT070 -170.53 -58.92 252.16 225.14 13.02
INT071 339.52 344.39 262.66 -652.89 400.00 960.43
INT072 0.46 298.14 390.00 130.86 356.21
INT073 -42.28 326.15 209.47 39.23 390.01 -232.42 13.23
INT074 307.23 392.00 330.62 1.13 390.00 393.34 202.08 214.45
INT075 355.17 328.31 391.37 592.25
INT076 -210.08 400.00
INT077 782.45 266.39 200.84 0.00 365.73 -108.28
INT078 345.44 251.24 1,334.78 781.30
INT079 374.91 902.13 251.00 251.00 400.00 844.33 1,663.31
INT080 251.00 0.00 390.00
INT081 334.73 697.06 390.00 396.67
INT082 300.69 157.69 1,055.02 390.00 214.58
INT083 392.03 1,340.55 390.00 1,432.51 400.00 342.34
INT084 390.00 430.65 749.04 728.04 681.61
INT085 0.00 824.62 173.56
INT086 390.00 333.35 167.61 177.31 173.79 331.76 323.03 136.88 839.34
INT087 703.56 148.99 679.02 316.33 311.17 786.40 195.15 166.63 857.25 962.87
INT088 629.85 35.61 131.10 143.35 165.29 675.59 186.05 194.21 127.36
INT089 21.12 734.56
INT090 142.41 390.00 727.22 346.89 390.02 763.00 732.71
INT091 673.56 368.02 116.16 208.63 666.37 292.11 763.01 817.16
INT092 762.96 749.87 94.72 171.80 315.73
INT093 115.93 123.42 80.55 125.63 325.84 109.64
INT094 308.71 869.44 341.14
INT095 90.47 290.14 811.08 400.00
INT096 713.02 149.24 225.56 -341.89 254.83
Pret final de excedent din luna Septembrie 2025
1/1