
--- PDF PAGE 1 ---
0 
RAPORT de MONITORIZARE 
Servicii de sistem 
Luna august 2025 

--- PDF PAGE 2 ---
1 
Abrevieri 
 ANRE – Autoritatea Naţională de Reglementare în domeniul Energiei  
 FSE – Furnizor de Servicii de Echilibrare 
 GFR/UFR – grup furnizor / unitate furnizoare de rezerve 
 HHI – Indexul Herfindahl-Hirschman 
 PRE – Parte Responsabilă cu Echilibrarea 
 PE – Piața de Echilibrare 
 OTS – Operatorul de Transport și de Sistem 
 SEN – Sistemul Electroenergetic Național 
 NF – notificare fizică 
 DEN – Dispecerul Energetic Național 
 RSF – Rezervă de Stabilizare a Frecvenței 
 RRFa – Rezerva de restabilire a frecvenței activată în mod automat 
 RRFm – Rezerva de restabilire a frecvenței activată în mod manual 
 RI – Rezerva de înlocuire  
 C1 – Cota de piață a celui mai mare participant la piață 
 C3 – Suma cotelor de piață a primilor 3 participanți 
 NPS – Numărul minim al producătorilor reziduali 
 TTC – Capacitate Totală de Transfer 
 NTC – Capacitatea Netă de Transfer pe liniile de interconexiune 
 ATC – Capacitatea Disponibilă de Transfer 
 
 
Public 

--- PDF PAGE 3 ---
2 
      Transelectrica, în calitate de Operator de Transport și de Sistem, operează și supraveghează activitatea 
desfășurată pe 3 categorii de piețe: piața de echilibrare, piața de servicii de sistem și piața de alocare de 
capacități de transfer pe liniile de interconexiune.  
 Utilizând înregistrările din bazele de date ale celor 3 piețe, Transelectrica realizează rapoarte periodice. O parte 
din datele conținute de aceste rapoarte (cele care nu au caracter confidențial) sunt publicate pe site-ul 
www.transelectrica.ro.  
Public 

--- PDF PAGE 4 ---
3 
 
 
Public 
 
• Contractele încheiate între Furnizorii de servicii de sistem și C.N.T.E.E. Transelectrica S.A. au acoperit 96,94% din necesarul DEN 
la creștere de putere și respectiv 96,28% la reducere de putere.   
• În raport sunt prezentate volumele solicitate de C.N.T.E.E. Transelectrica S.A. prin DEN, cantitățile licitate, precum și cantitățile 
asigurate de producători.  
• 22 FSE au furnizat servicii de sistem: CE Oltenia, Hidroelectrica, Bepco, Electro Energy Sud, Nova Gas & Power SA, Nova PS 
170, Nova PS 110, Megalodon S.R.L., Glyptodon, OMV Petrom, Energy Innovative Solutions, True Energy Management, Elektra 
Green Power, Elektra Wind Power, Ground Investment Corp, Monsson, Electrocentrale Craiova, Ingka Investments Renewable 
Energy Romania, Alive Wind Power One, Catalan Electric, Enex Nalbant Renewables, Galicsud. 
• Începând cu luna septembrie 2024, la licitațiile organizate pentru acoperirea necesarului de servicii de sistem se aplică metoda 
“pay as bid”, participanții primind în cazul acceptării totale sau parțiale a cantității ofertate, prețul de ofertă. 
• Începând cu luna iunie 2025, s-au achiziționat în regim concurențial, prin organizarea de licitații zilnice, Rezerve de Stabilizare a 
Frecvenței (RSF). Contractele încheiate între Furnizorii de RSF și Transelectrica au acoperit 78,40% din necesarul stabilit în 
conformitate cu normele ENTSO-E. 
• Pierderile în rețeaua de transport au fost acoperite prin achiziții de pe piețele organizate la nivelul operatorilor de piață (inclusiv 
PZU, PI, PE) și piața contractelor bilaterale negociate direct. 
 
Servicii de sistem 
Observații generale 

--- PDF PAGE 5 ---
4 
Servicii de sistem 
 
Date statistice 
Public 
În luna august 2025 s-au încheiat contracte STS ca urmare a licitațiilor zilnice organizate de C.N.T.E.E. Transelectrica S.A. Cantitățile necesar a fi 
achiziționate pentru RRFa și RRFm la creștere, respectiv reducere, s-au menținut la nivelul lunii anterioare. În cazul RI nu s-au organizat licitații. 
Participanți
Solicitate Contractate Realizate Nerealizate med min max Numar HHI
RSF bandă simetrică 346.68 23,456,500.00 0 23,456,500.00 116 90.94 90.94 0 2 6008
RRFa crestere, la vârf /în afara 
vârfului de consum* 24.82 3,693,678.00 19,528.58 3,674,149.42 *200,00/200,00*200,00/200,00 *198,67/199,18 *1,33/0,82 *259,19/266,38 *198,00/205,00 *352,00/370,00 11 1777
RRFa reducere, la vârf /în 
afara vârfului de consum* 31.82 4,715,338.37 3,728.22 4,711,610.15 *200,00/200,00*200,00/200,00 *199,45/198,67 *0,55/1,33 *365,84/294,29 *207,00/197,00 *511,00/466,00 11 1733
RRFm creștere 37.72 14,149,137.85 9,348.80 14,139,789.05 504.17 504.17 503.82 0.35 10 2438
RRFm reducere 367.16 90,094,622.88 506,360.20 89,588,262.68 350.00 329.52 327.96 1.56 20 1685
RI creștere 0.00 0.00 0.00 0.00 0.00 0.00 0.00 0.00 0 0
RI reducere 0.00 0.00 0.00 0.00 0.00 0.00 0.00 0.00 0 0
Pierderi în rețea (contracte) 474.22 21,169,180.80 0.00 21,169,180.80 60 60 60 0.00 5 2639
Pierderi în rețea (total)** 497.49 31,423,018.24 0.00 31,423,018.24 0 0 0.00 0.00 0 0
Prețurile medii au fost calculate prin raportarea costurilor totale ale serviciilor de sistem, la cantitățile realizate.
Penalizări pentru 
servicii 
contractate și 
nerealizate [lei]
Costuri totale 
STS [lei]
Prețuri medii 
ponderate 
[lei/hMW]
Rezerve
Prețuri medii  [lei/hMW] și Costuri [lei] Cantități  [hMW/h]
Cost Servicii 
contractate   
[lei]
Rezerve Energii de reglaj disponibile
*  RRFa la vârf /în afara vârfului de consum

--- PDF PAGE 6 ---
5 
Public 
Servicii de sistem 
 
Cota de Piață a Celui/Celor 3 mai mari Participanți la 
Piața Serviciilor de Sistem 
(Rezerve contractate la creștere) 
C1 C3 
27.9%
43.3%
0.0%
72.5%
0%
10%
20%
30%
40%
50%
60%
70%
80%
90%
100%
RRFa_crestere RRFm_crestere RI_crestere RSF
66.1%
72.3%
100.0%
0%
10%
20%
30%
40%
50%
60%
70%
80%
90%
100%
RRFa_crestere RRFm_crestere RI_crestere RSF

--- PDF PAGE 7 ---
6 
Public 
C1 C3 
Servicii de sistem 
 
Cota de Piață a Celui/Celor 3 mai mari Participanți la 
Piața Serviciilor de Sistem 
(Rezerve contractate la reducere) 
22.8%
30.4%
0.0% 0.0%
0%
10%
20%
30%
40%
50%
60%
70%
80%
90%
100%
aFRR Up mFRR Up RR FCR
63.1%
60.7%
0.0% 0.0%
0%
10%
20%
30%
40%
50%
60%
70%
80%
90%
100%
aFRR Up mFRR Up RR FCR

--- PDF PAGE 8 ---
7 
Public 
Servicii de sistem 
 
Prețul mediu de ofertă (ponderat la cantitatea 
contractată) [lei/hMW] – RRFa creștere 
Raportat la cantitatea contractată pentru RRFa la creștere, în 100% din intervalele orare din luna august prețurile medii de ofertă la 
licitațiile organizate s-au situat între 10 lei/hMW și 50 lei/hMW. 
Obs: prețurile disponibile în secțiunea de rapoarte publice a platformei informatice PE reprezintă media aritmetică a prețurilor de ofertă 
(https://newmarkets.transelectrica.ro/uu-webkit-maing02/00121011300000000000000000000100/tenderStatisticList)  
          
RRFa creștere
ziua 1 2 3 4 5 6 7 8 9 10 11 12 13 14 15 16 17 18 19 20 21 22 23 24 Max
1 20.81 20.85 20.81 19.42 19.39 18.84 20.89 31.22 31.20 20.00 20.07 20.19 20.17 20.11 20.07 20.07 20.07 20.00 19.90 26.34 30.67 31.50 26.38 21.99 31.50
2 22.26 22.26 22.19 19.37 19.37 26.18 27.54 22.81 27.23 19.59 19.67 20.13 20.12 20.07 20.01 20.01 20.01 19.59 19.76 27.89 28.58 30.52 29.30 21.28 30.52
3 22.32 22.30 22.23 19.37 19.37 21.68 23.07 22.44 25.50 19.59 19.59 20.03 20.01 20.01 20.01 20.01 20.01 19.59 19.76 27.89 28.58 30.53 29.27 21.28 30.53
4 22.30 22.30 22.30 19.03 19.03 19.03 22.43 28.73 30.89 19.55 19.55 19.90 19.90 19.90 19.90 19.90 19.90 19.55 19.52 28.38 30.16 30.75 25.98 21.33 30.89
5 22.13 22.13 21.57 20.37 20.37 17.97 20.34 30.80 31.51 20.87 20.55 20.55 20.55 20.55 20.55 20.55 20.55 20.15 20.50 28.99 29.74 30.61 25.49 21.65 31.51
6 23.63 23.63 20.95 21.34 21.34 18.41 21.79 34.21 34.23 21.85 21.84 21.08 21.08 21.08 21.08 21.08 21.08 21.08 21.03 29.54 34.17 34.26 26.59 23.93 34.26
7 23.08 23.08 21.04 21.86 21.90 19.51 21.43 34.60 37.82 21.60 21.60 21.66 21.66 21.64 21.60 21.60 21.60 21.62 21.96 34.24 34.52 34.63 33.46 23.41 37.82
8 23.02 23.02 21.04 21.85 21.81 19.26 21.87 34.51 33.88 21.88 21.17 21.22 21.22 21.19 21.14 21.10 21.10 21.10 21.91 33.18 34.36 34.41 34.12 23.35 34.51
9 22.22 22.22 22.06 22.06 22.06 26.38 29.86 34.47 33.46 20.60 20.59 20.59 20.59 20.59 20.59 20.59 20.59 20.59 22.06 27.61 34.42 34.71 34.47 21.55 34.71
10 22.22 22.22 22.06 22.06 22.06 26.38 29.86 29.63 28.58 20.60 20.59 20.59 20.59 20.59 20.59 20.59 20.59 20.59 21.29 27.61 34.52 34.81 34.62 21.52 34.81
11 22.26 22.26 22.14 22.12 22.12 21.34 25.87 34.93 33.90 21.39 20.61 20.61 20.61 20.61 20.61 20.61 20.61 20.60 22.09 28.66 34.83 34.91 34.64 21.60 34.93
12 23.25 23.25 23.20 23.19 23.19 21.34 29.35 34.83 33.76 22.87 21.33 21.33 21.33 21.33 21.33 21.33 21.33 22.12 22.83 33.54 34.73 34.91 34.62 22.92 34.91
13 23.25 23.25 22.88 22.86 22.86 21.71 35.04 35.20 35.18 22.87 20.80 20.81 20.80 20.80 20.79 20.79 20.79 22.49 22.46 35.05 35.11 35.12 35.01 23.25 35.20
14 23.25 23.25 21.99 21.97 21.97 20.97 35.04 35.20 35.18 21.76 19.88 19.88 19.88 19.88 19.88 19.88 19.88 21.75 21.35 34.71 35.14 35.14 35.06 23.21 35.20
15 23.20 23.22 22.12 22.12 22.12 27.54 35.31 35.30 35.29 20.86 18.90 18.95 18.95 18.92 18.90 18.89 18.89 20.98 21.41 35.13 35.25 35.25 35.21 22.89 35.31
16 23.21 23.22 22.12 22.12 22.12 27.54 35.30 35.30 35.29 20.99 18.95 18.96 18.96 18.96 18.96 18.96 18.96 20.98 21.44 35.13 35.25 35.25 35.20 22.89 35.30
17 23.21 23.22 22.12 22.12 22.12 27.54 30.18 30.20 30.19 20.99 18.95 18.96 18.96 18.96 18.96 18.96 18.96 21.80 21.44 35.12 35.23 35.25 35.23 22.86 35.25
18 23.18 23.20 22.12 22.12 22.12 20.98 35.31 35.31 35.29 21.75 18.87 18.88 18.86 18.88 18.88 18.88 18.88 21.69 21.30 35.08 35.24 35.29 35.17 22.85 35.31
19 22.31 22.31 21.24 21.24 21.24 33.00 34.37 34.41 34.40 21.24 19.34 19.35 19.34 19.35 19.35 19.35 19.35 20.86 20.49 33.20 34.36 34.37 34.34 21.98 34.41
20 22.75 22.75 21.73 21.73 21.73 34.07 34.86 34.91 34.91 21.73 19.05 19.03 19.04 19.05 19.05 19.05 19.05 21.36 20.98 34.70 34.90 34.90 34.81 22.41 34.91
21 22.25 22.25 21.03 21.03 21.03 34.45 34.51 34.55 34.56 22.73 18.92 18.92 18.92 18.92 18.92 18.92 18.92 20.68 20.34 34.41 34.49 34.50 34.46 21.88 34.56
22 22.60 22.60 19.68 19.68 19.68 34.61 34.61 34.64 35.28 33.22 17.86 17.86 17.86 17.86 17.86 17.86 17.86 19.43 19.68 34.53 34.50 34.51 34.47 21.87 35.28
23 23.36 23.64 19.71 19.71 19.71 36.03 38.39 39.44 37.17 35.52 18.81 18.81 19.46 18.91 18.81 18.81 18.81 18.85 18.93 36.95 37.67 39.37 35.97 23.15 39.44
24 23.64 23.65 19.71 19.71 19.71 36.03 38.40 39.45 37.18 35.52 18.81 19.36 19.47 19.03 18.81 18.81 18.81 18.85 18.93 36.96 37.68 39.37 35.98 22.95 39.45
25 23.45 23.65 19.71 19.71 19.71 36.04 36.07 39.46 37.21 35.53 19.55 19.89 19.99 19.56 19.12 19.12 19.12 19.17 18.92 36.92 37.05 39.17 35.94 22.85 39.46
26 22.26 22.29 19.62 19.62 19.62 34.46 34.47 35.93 35.84 34.40 18.86 18.89 18.89 18.87 18.86 18.86 18.86 18.85 18.88 34.32 35.97 36.12 35.89 21.91 36.12
27 22.20 22.23 18.98 18.98 18.98 34.46 34.47 36.00 35.98 34.42 18.83 18.85 18.84 18.83 18.83 18.36 18.36 18.83 18.81 34.36 35.96 35.98 35.93 21.87 36.00
28 21.71 21.73 18.49 18.49 18.49 34.00 33.81 35.86 35.86 32.47 18.35 18.37 18.37 18.36 18.34 17.39 17.39 18.34 18.34 34.00 36.04 36.06 36.02 23.37 36.06
29 21.96 21.96 18.68 18.68 18.68 34.25 34.20 36.02 36.02 32.70 18.58 16.65 16.65 16.64 16.63 16.21 16.21 18.49 18.58 34.27 36.07 36.05 36.04 23.39 36.07
30 23.44 23.44 18.72 18.72 18.72 35.90 35.91 37.17 37.14 34.76 19.29 17.13 17.13 17.13 17.06 17.06 17.06 18.67 18.75 35.90 38.45 40.14 37.17 24.36 40.14
31 23.45 23.54 18.74 18.74 18.74 35.92 35.94 37.20 37.16 34.60 18.87 16.69 16.69 16.69 16.62 16.60 16.60 18.79 18.87 35.88 38.68 40.37 37.15 24.46 40.37
august 2025

--- PDF PAGE 9 ---
8 
Public 
Servicii de sistem 
 
Prețul mediu de ofertă (ponderat la cantitatea 
contractată) [lei/hMW] – RRFa reducere 
Raportat la cantitatea contractată pentru RRFa la reducere, în 42,34% din intervalele orare din luna august prețurile medii de ofertă la licitațiile 
organizate s-au situat între 10 lei/hMW și 50 lei/hMW. 
Obs: prețurile disponibile în secțiunea de rapoarte publice a platformei informatice PE reprezintă media aritmetică a prețurilor de ofertă 
(https://newmarkets.transelectrica.ro/uu-webkit-maing02/00121011300000000000000000000100/tenderStatisticList)   
        
RRFa scădere
ziua 1 2 3 4 5 6 7 8 9 10 11 12 13 14 15 16 17 18 19 20 21 22 23 24 Max
1 2.88 2.78 2.85 2.91 2.90 2.91 2.88 1.47 0.87 2.76 2.90 2.90 2.88 2.88 2.88 2.88 2.81 2.93 2.76 2.75 2.68 2.13 2.58 2.92 2.93
2 2.52 2.41 4.61 4.73 4.61 1.00 1.00 2.21 1.82 1.69 1.76 1.69 1.58 1.65 1.78 2.00 2.04 2.59 2.48 2.34 1.74 0.80 0.91 2.21 4.73
3 2.52 2.41 4.61 4.73 4.61 1.00 1.00 2.30 2.24 2.11 1.94 1.86 1.83 1.90 1.90 2.10 2.11 2.59 2.48 2.34 1.74 0.80 0.91 2.21 4.73
4 2.52 2.41 2.34 7.45 7.34 7.45 2.48 0.80 0.80 2.16 2.21 2.11 1.90 1.90 1.95 2.15 2.16 2.59 2.48 1.60 0.96 0.80 1.68 2.21 7.45
5 9.09 9.09 9.15 9.73 9.75 9.67 9.09 9.67 9.67 8.43 7.91 7.26 7.16 7.33 7.46 8.17 8.69 9.09 9.09 9.09 9.09 9.67 9.09 9.09 9.75
6 8.33 8.33 8.33 8.33 8.33 8.33 8.33 8.33 8.33 8.28 8.28 8.28 8.26 8.28 8.28 8.28 8.28 8.30 8.33 8.32 8.32 8.32 8.32 8.33 8.33
7 11.91 11.91 15.46 12.80 11.60 8.53 8.52 8.52 8.77 11.10 11.10 11.10 14.25 14.25 14.25 8.48 8.48 8.48 10.66 8.52 8.52 8.52 8.52 10.66 15.46
8 8.49 8.49 8.53 8.50 8.50 6.32 6.37 5.08 5.08 8.47 11.97 11.97 12.07 12.05 12.07 8.52 8.50 8.52 5.08 6.32 5.04 5.05 5.04 5.07 12.07
9 8.82 8.82 8.82 8.82 8.82 6.67 6.67 6.64 6.61 12.26 12.30 12.30 12.30 12.30 12.28 8.85 8.85 8.85 6.64 6.64 6.64 6.64 6.64 6.64 12.30
10 8.82 8.82 8.82 8.82 8.82 6.67 6.67 8.83 8.83 12.26 12.30 12.30 12.30 12.30 12.30 8.85 8.85 8.85 8.83 6.64 6.64 6.64 6.64 6.64 12.30
11 8.94 8.94 8.94 8.94 8.94 6.75 6.75 6.75 6.75 8.94 12.44 12.44 12.44 12.44 12.44 8.97 8.97 8.97 6.75 6.75 6.75 6.75 6.75 6.75 12.44
12 5.88 5.88 5.88 5.88 5.88 4.73 4.73 4.73 5.65 5.65 12.65 12.65 12.65 12.65 12.65 12.65 12.65 4.73 4.73 4.73 4.73 4.73 4.73 4.73 12.65
13 5.80 5.80 5.80 5.80 5.80 5.80 5.80 5.80 5.80 5.80 16.65 16.65 18.54 18.54 18.54 18.54 18.54 5.80 5.80 5.80 5.80 5.80 5.80 5.80 18.54
14 11.40 11.40 11.40 11.40 11.40 11.40 11.40 11.40 11.40 11.40 30.18 30.18 59.34 59.34 59.34 59.34 59.34 11.40 11.40 11.40 11.40 11.40 11.40 11.40 59.34
15 19.62 19.47 19.47 19.47 19.47 19.47 19.37 19.37 19.47 51.84 52.04 52.06 68.32 68.32 68.32 68.32 68.32 51.84 19.47 19.47 19.37 19.37 19.47 19.47 68.32
16 19.43 19.45 19.47 19.47 19.47 19.47 19.35 51.74 51.84 51.84 52.02 52.04 68.32 68.30 68.32 68.30 68.32 51.84 32.34 32.34 32.24 32.22 32.34 32.34 68.32
17 32.30 32.32 32.34 32.34 32.34 32.34 51.72 51.74 51.84 51.84 52.02 52.04 68.32 68.22 68.30 68.30 68.28 51.84 51.84 51.84 32.22 32.22 32.34 32.32 68.32
18 19.37 19.39 19.45 19.43 19.47 19.43 19.35 19.37 19.47 19.47 51.98 52.00 68.26 68.20 68.24 68.30 68.28 19.47 19.60 19.62 19.51 19.53 19.62 19.60 68.30
19 17.70 17.70 17.70 17.70 17.70 17.70 17.70 17.70 17.70 17.70 50.32 50.32 67.22 67.22 67.22 67.22 67.22 17.70 17.70 17.70 17.70 17.70 17.70 17.70 67.22
20 18.08 18.23 18.23 18.23 18.23 18.23 18.23 15.00 15.00 18.23 37.68 37.68 67.82 67.82 67.82 67.82 67.82 18.10 18.10 14.98 14.92 14.92 14.98 18.10 67.82
21 17.73 17.73 17.73 17.73 17.73 17.73 17.73 14.95 14.95 17.73 37.18 37.18 68.68 68.68 81.04 68.46 68.46 17.60 17.60 37.00 28.82 28.82 37.00 37.04 81.04
22 30.91 31.06 15.48 15.48 15.48 15.48 15.48 14.37 14.37 15.47 37.18 37.18 68.71 68.71 68.71 68.71 68.71 31.06 15.48 15.39 14.38 14.38 15.48 15.48 68.71
23 54.21 53.96 32.08 32.08 32.08 32.08 30.23 30.35 31.43 31.49 54.12 54.12 74.71 74.71 74.71 74.71 74.71 54.00 31.49 31.49 30.33 30.29 30.40 31.49 74.71
24 106.11 106.13 32.06 32.08 32.08 32.08 30.23 30.33 31.43 31.49 106.31 106.31 127.46 127.48 127.48 127.46 127.48 106.19 31.49 31.47 30.33 30.29 30.40 31.49 127.48
25 53.96 53.94 32.08 32.08 32.08 32.10 31.35 30.35 30.29 31.49 54.10 54.12 74.77 74.81 74.75 74.81 74.81 54.00 31.57 31.59 30.39 30.36 30.40 31.59 74.81
26 17.75 17.75 15.38 15.38 15.38 15.40 15.37 15.37 30.30 30.98 75.37 75.39 96.35 96.37 96.35 96.37 92.53 17.75 15.42 15.42 15.39 15.39 15.40 15.37 96.37
27 34.78 34.47 26.77 26.77 26.77 26.77 26.79 26.75 26.87 33.59 96.71 96.87 113.65 110.52 110.52 110.34 110.25 34.57 26.77 26.77 26.75 26.71 26.77 26.77 113.65
28 28.15 28.15 27.83 27.83 27.83 27.83 27.68 27.63 27.68 35.27 103.63 108.06 125.51 125.31 125.39 125.36 120.96 28.23 27.83 27.83 27.80 27.78 27.83 27.78 125.51
29 27.86 27.93 27.85 27.90 27.90 27.90 27.75 27.70 27.70 84.88 94.05 94.35 113.39 113.39 113.49 113.58 112.55 27.98 27.90 27.64 27.63 27.49 27.64 27.60 113.58
30 32.58 32.55 32.55 32.55 32.55 32.53 32.53 32.45 32.45 135.51 146.85 147.10 164.32 168.21 168.51 168.59 168.59 132.57 117.62 117.57 117.43 123.20 123.25 123.20 168.59
31 143.97 141.08 141.08 141.08 141.08 141.05 135.56 135.47 135.47 128.88 135.36 135.56 153.84 154.18 154.44 151.82 151.43 123.35 114.01 113.67 119.18 119.29 119.34 119.28 154.44
august 2025

--- PDF PAGE 10 ---
9 
Public 
Servicii de sistem 
 
Prețul mediu de ofertă (ponderat la cantitatea 
contractată) [lei/hMW] – RRFm creștere 
Raportat la cantitatea contractată pentru RRFm la creștere, în 100% din intervalele orare din luna august prețurile medii de ofertă la licitațiile 
organizate s-au situat între 10 lei/hMW și 50 lei/hMW. 
Obs: prețurile disponibile în secțiunea de rapoarte publice a platformei informatice PE reprezintă media aritmetică a prețurilor de ofertă 
(https://newmarkets.transelectrica.ro/uu-webkit-maing02/00121011300000000000000000000100/tenderStatisticList)  
 
RRFm creștere
ziua 1 2 3 4 5 6 7 8 9 10 11 12 13 14 15 16 17 18 19 20 21 22 23 24 Max
1 37.88 37.87 37.72 37.72 37.72 37.72 37.82 37.82 37.82 37.82 37.78 37.66 37.66 37.66 37.66 37.66 37.81 37.93 37.83 37.84 37.94 37.94 37.83 37.73 37.94
2 37.73 37.74 37.74 37.74 37.74 37.74 37.83 37.83 37.83 37.55 37.49 37.48 37.48 37.48 37.48 37.48 37.55 37.59 37.84 37.85 37.85 37.95 37.84 37.75 37.95
3 37.75 37.74 37.74 37.74 37.74 37.36 37.55 37.55 37.55 37.55 37.48 37.48 37.48 37.48 37.48 37.48 37.55 37.59 37.84 37.85 37.85 37.85 37.84 37.75 37.85
4 37.74 37.74 37.73 37.73 37.73 37.73 37.83 37.83 37.83 37.83 37.78 37.66 37.66 37.66 37.66 37.66 37.71 37.84 37.84 37.85 37.95 37.95 37.84 37.75 37.95
5 37.88 37.88 37.73 37.73 37.73 37.73 37.83 37.83 37.83 37.83 37.66 37.66 37.66 37.66 37.66 37.66 37.82 37.84 37.84 37.85 37.95 37.95 37.83 37.75 37.95
6 37.74 37.74 37.74 37.74 37.74 37.74 37.83 37.85 37.85 37.85 37.81 37.81 37.81 37.81 37.81 37.81 37.93 37.94 37.85 37.85 37.95 37.95 37.84 37.75 37.95
7 37.74 37.74 37.74 37.74 37.74 37.74 37.83 37.83 37.84 37.73 37.67 37.67 37.67 37.67 37.67 37.66 37.82 37.84 37.84 37.85 37.86 37.95 37.84 37.75 37.95
8 37.75 37.74 37.74 37.74 37.74 37.74 37.83 37.83 37.83 37.86 37.52 37.52 37.48 37.48 37.48 37.48 37.66 37.69 37.84 37.85 37.95 37.95 37.95 37.75 37.95
9 37.75 37.74 37.74 37.74 37.74 37.74 37.83 37.83 37.83 37.55 37.48 37.48 37.48 37.48 37.48 37.48 37.55 37.59 37.84 37.85 37.94 37.94 37.83 37.75 37.94
10 37.74 37.74 37.74 37.74 37.74 37.74 37.83 37.56 37.55 37.55 37.48 37.48 37.48 37.48 37.48 37.48 37.55 37.59 37.59 37.85 37.94 37.94 37.83 37.75 37.94
11 37.74 37.74 37.74 37.74 37.74 37.74 37.83 37.83 37.83 37.83 37.48 37.48 37.48 37.48 37.48 37.48 37.55 37.59 37.85 37.95 37.95 37.95 37.94 37.75 37.95
12 37.74 37.74 37.74 37.74 37.74 37.74 37.83 37.83 37.83 37.83 37.48 37.48 37.48 37.48 37.48 37.48 37.55 37.84 37.85 37.94 37.94 37.94 37.94 37.75 37.94
13 37.75 37.74 37.73 37.73 37.73 37.74 37.81 37.81 37.81 37.80 37.48 37.48 37.48 37.48 37.48 37.48 37.53 37.82 37.82 37.93 37.93 37.93 37.93 37.75 37.93
14 37.74 37.74 37.73 37.73 37.73 37.73 37.81 37.81 37.83 37.80 37.48 37.48 37.48 37.48 37.48 37.48 37.52 37.82 37.84 37.94 37.95 37.93 37.92 37.74 37.95
15 37.74 37.73 37.73 37.73 37.73 37.73 37.80 37.80 37.80 37.52 37.48 37.48 37.48 37.48 37.48 37.48 37.52 37.56 37.82 37.83 37.92 37.92 37.81 37.74 37.92
16 37.74 37.73 37.73 37.73 37.73 37.73 37.80 37.80 37.80 37.52 37.48 37.48 37.48 37.48 37.48 37.48 37.52 37.56 37.81 37.83 37.83 37.93 37.82 37.74 37.93
17 37.74 37.73 37.73 37.73 37.73 37.73 37.64 37.64 37.64 37.63 37.60 37.60 37.60 37.60 37.60 37.60 37.63 37.81 37.82 37.83 37.83 37.93 37.82 37.74 37.93
18 37.75 37.74 37.74 37.74 37.74 37.74 37.81 37.81 37.81 37.81 37.48 37.48 37.48 37.48 37.48 37.48 37.53 37.82 37.83 37.93 37.93 37.93 37.93 37.75 37.93
19 37.74 37.73 37.73 37.73 37.73 37.73 37.80 37.81 37.81 37.81 37.18 37.18 37.18 37.18 37.18 37.18 37.25 37.82 37.83 37.93 37.93 37.93 37.92 37.74 37.93
20 37.74 37.73 37.73 37.73 37.73 37.73 37.81 37.81 37.81 37.81 37.18 37.18 37.18 37.18 37.18 37.18 37.25 37.82 37.82 37.83 37.93 37.93 37.82 37.74 37.93
21 37.74 37.74 37.73 37.73 37.73 37.73 37.81 37.81 37.81 37.81 37.18 37.18 37.18 37.18 37.18 37.18 37.25 37.82 37.82 37.83 37.93 37.93 37.81 37.74 37.93
22 37.73 37.73 37.73 37.73 37.74 37.74 37.81 37.81 37.81 37.81 37.19 37.19 37.18 37.18 37.18 37.18 37.25 37.32 37.82 37.83 37.83 37.83 37.81 37.73 37.83
23 37.74 37.73 37.73 37.74 37.74 37.74 37.81 37.81 37.81 37.80 37.78 37.78 37.78 37.78 37.78 37.78 37.80 37.82 37.83 37.83 37.83 37.83 37.81 37.74 37.83
24 37.74 37.73 37.73 37.74 37.74 37.74 37.81 37.81 37.81 37.80 37.78 37.78 37.78 37.78 37.78 37.78 37.80 37.82 37.83 37.83 37.83 37.83 37.81 37.74 37.83
25 37.74 37.73 37.73 37.73 37.74 37.74 37.81 37.82 37.82 37.82 37.79 37.79 37.78 37.78 37.78 37.78 37.81 37.82 37.83 37.83 37.93 37.93 37.81 37.74 37.93
26 37.72 37.72 37.72 37.72 37.72 37.72 37.80 37.81 37.81 37.91 37.89 37.17 37.17 37.17 37.17 37.17 37.25 37.81 37.82 37.83 37.93 37.93 37.82 37.74 37.93
27 37.72 37.72 37.72 37.72 37.72 37.72 37.80 37.81 37.81 37.80 37.77 37.77 37.77 37.78 37.78 37.18 37.25 37.81 37.82 37.83 37.93 37.93 37.82 37.74 37.93
28 37.74 37.74 37.74 37.74 37.73 37.73 37.81 37.82 37.82 37.81 37.79 37.79 37.79 37.79 37.79 37.19 37.26 37.82 37.83 37.84 37.93 37.93 37.82 37.74 37.93
29 37.74 37.73 37.73 37.73 37.73 37.73 37.81 37.81 37.81 37.81 37.79 37.19 37.19 37.19 37.19 37.19 37.26 37.82 37.84 37.84 37.93 37.93 37.81 37.74 37.93
30 37.75 37.74 37.74 37.74 37.74 37.74 37.81 37.81 37.81 37.82 37.80 37.80 37.80 37.79 37.79 37.79 37.81 37.83 37.84 37.84 37.84 37.84 37.82 37.75 37.84
31 37.75 37.74 37.74 37.74 37.74 37.74 37.82 37.82 37.82 37.82 37.79 37.79 37.79 37.79 37.79 37.80 37.81 37.83 37.83 37.84 37.84 37.84 37.82 37.74 37.84
august 2025

--- PDF PAGE 11 ---
10 
Public 
Servicii de sistem 
 
Prețul mediu de ofertă (ponderat la cantitatea 
contractată) [lei/hMW] – RRFm reducere 
Raportat la cantitatea contractată pentru RRFm la reducere, în 40,73% din intervalele orare din luna august, prețurile medii de ofertă la 
licitațiile organizate au fost mai mari de 100 lei/hMW și în 39,11% din intervalele orare au fost de peste 500 lei/hMW (maxim 851,65 
lei/hMW). 
Obs: prețurile disponibile în secțiunea de rapoarte publice a platformei informatice PE reprezintă media aritmetică a prețurilor de ofertă 
(https://newmarkets.transelectrica.ro/uu-webkit-maing02/00121011300000000000000000000100/tenderStatisticList)  
 
RRFm scădere
ziua 1 2 3 4 5 6 7 8 9 10 11 12 13 14 15 16 17 18 19 20 21 22 23 24 Max
1 14.61 452.04 456.44 447.32 447.32 433.26 433.26 312.76 312.76 324.02 458.84 452.63 452.63 452.63 452.63 452.63 458.84 423.03 278.16 14.69 14.69 14.70 14.68 14.68 458.84
2 312.73 456.18 445.14 445.14 445.14 445.14 445.14 442.16 634.44 635.55 767.44 760.48 754.91 752.28 748.82 741.15 743.07 723.41 393.42 384.09 401.68 427.85 432.41 432.41 767.44
3 531.12 525.02 535.02 531.77 525.39 599.52 620.44 619.04 622.04 788.27 785.37 785.63 780.35 771.04 776.16 780.49 777.97 773.73 524.97 533.69 522.50 528.80 532.02 530.40 788.27
4 531.65 528.70 527.00 528.42 528.42 528.42 528.42 538.70 538.70 532.49 534.46 544.19 544.19 541.16 541.16 537.16 524.34 522.12 288.71 273.35 274.02 279.64 279.64 276.83 544.19
5 45.09 294.88 295.67 301.20 301.52 301.47 301.49 282.00 281.47 301.53 304.27 302.58 299.70 285.46 276.64 270.63 263.58 228.45 133.85 15.27 14.67 14.67 15.28 39.13 304.27
6 155.79 474.09 475.11 475.39 475.55 474.43 472.72 483.55 484.70 482.67 556.36 555.68 581.87 581.87 582.06 561.77 520.22 525.78 341.40 15.26 134.91 139.51 15.25 240.64 582.06
7 234.78 585.39 562.05 551.49 547.42 417.22 417.81 400.58 418.58 540.16 571.31 570.77 572.15 577.75 581.49 589.04 599.22 602.94 216.05 15.52 15.47 15.46 15.43 108.10 602.94
8 233.17 509.00 510.51 511.83 514.49 516.67 519.24 519.17 515.49 494.32 660.79 656.24 658.08 662.02 665.15 674.41 686.41 649.48 267.17 15.51 15.45 15.45 15.45 187.26 686.41
9 69.75 525.27 525.97 526.35 526.46 526.83 525.91 520.35 519.44 660.73 695.81 690.81 690.81 691.95 695.59 708.00 716.76 685.13 423.65 456.74 447.68 449.82 449.82 428.32 716.76
10 424.67 523.49 523.04 523.39 523.50 523.84 523.90 610.08 671.38 660.73 695.81 690.81 690.81 693.51 697.17 709.69 716.19 678.88 614.54 450.44 447.02 433.62 433.62 400.82 716.19
11 512.70 517.00 518.61 520.07 517.91 519.32 518.07 514.60 513.83 492.31 691.31 684.44 682.44 681.87 685.75 690.84 698.08 596.67 269.35 53.51 46.77 49.01 57.99 268.84 698.08
12 254.48 237.75 235.66 233.19 235.02 240.09 244.01 251.17 249.94 238.73 689.16 690.02 692.14 693.67 697.30 709.44 718.81 402.73 171.24 15.35 14.73 14.73 15.33 96.87 718.81
13 251.73 259.59 267.89 267.94 267.94 262.40 261.29 258.46 227.50 223.62 672.16 668.25 666.83 668.08 672.28 682.10 690.69 380.97 15.33 14.67 14.65 14.65 14.66 67.89 690.69
14 65.36 255.57 260.00 260.00 260.00 259.81 259.29 256.99 222.70 224.67 656.14 650.40 642.72 641.53 638.01 644.35 647.59 111.39 15.23 15.14 14.63 15.17 15.17 65.08 656.14
15 15.33 291.41 291.84 291.84 291.84 289.09 283.51 279.75 246.06 508.48 660.55 650.94 645.54 643.61 644.43 649.25 654.85 635.23 96.76 15.26 15.27 15.27 15.28 61.88 660.55
16 281.46 291.41 291.84 289.84 285.84 282.12 278.98 555.59 516.22 691.25 688.43 679.81 672.28 673.58 676.35 684.86 696.62 685.73 343.13 15.60 15.60 15.60 15.60 170.30 696.62
17 449.76 459.14 459.57 459.57 459.57 459.55 562.26 562.90 525.07 693.28 687.21 680.11 678.93 681.05 686.99 694.21 705.10 713.85 474.79 45.60 15.66 15.66 15.66 192.30 713.85
18 271.59 274.15 273.18 282.99 281.00 278.99 271.04 265.61 230.88 233.04 654.46 653.04 651.91 657.75 659.14 668.26 661.34 146.86 15.28 15.30 15.30 15.30 15.30 15.33 668.26
19 49.66 233.36 233.72 236.77 240.24 241.81 241.13 148.29 122.43 117.16 407.00 395.30 759.30 759.42 761.68 737.77 427.04 15.33 15.27 14.68 14.68 14.68 14.68 56.21 761.68
20 15.34 246.98 245.82 249.72 250.89 252.53 248.04 149.74 117.18 106.00 393.91 669.66 756.48 751.58 751.46 741.69 400.14 15.26 15.25 14.61 14.61 14.59 14.59 15.29 756.48
21 15.25 235.94 245.50 243.04 241.97 247.21 245.71 132.14 125.87 120.71 391.96 416.18 775.93 771.12 759.63 746.89 227.86 15.13 15.11 15.73 15.72 15.71 15.72 15.69 775.93
22 15.77 268.60 100.93 100.87 97.56 97.43 95.89 30.71 30.66 38.92 204.90 502.24 615.80 647.35 656.53 642.99 511.77 29.24 15.15 15.20 15.22 15.23 15.23 15.27 656.53
23 24.40 383.35 377.79 363.28 358.70 356.07 349.70 437.48 419.06 636.18 669.64 741.98 747.26 754.11 759.65 766.63 765.31 673.18 365.93 269.48 263.18 263.18 274.43 374.72 766.63
24 368.09 397.46 396.05 396.07 397.38 397.36 397.34 496.62 483.50 689.73 716.43 795.65 790.69 764.88 785.66 775.88 768.77 691.06 675.00 241.37 229.45 226.63 243.50 365.39 795.65
25 360.04 391.19 390.16 392.86 393.36 393.34 391.85 486.54 472.72 452.12 654.46 742.23 745.20 743.86 741.02 739.19 728.81 488.08 36.85 34.97 31.13 32.09 36.87 234.11 745.20
26 15.35 112.29 114.49 116.23 116.51 117.47 118.62 53.13 173.26 170.91 380.16 790.77 788.63 814.07 809.13 807.73 781.01 110.99 15.35 15.32 15.33 15.33 15.33 15.32 814.07
27 15.35 135.28 141.89 145.30 148.10 148.09 144.21 26.96 26.97 182.16 231.44 768.52 766.93 764.58 758.56 753.19 636.84 137.53 15.34 15.39 15.40 15.41 15.44 15.45 768.52
28 15.42 159.55 160.94 163.69 166.26 166.26 166.37 22.24 21.95 174.09 222.05 691.91 681.56 664.69 656.71 649.09 543.55 76.98 21.24 15.42 15.45 15.45 15.47 112.16 691.91
29 15.43 213.27 214.89 214.93 214.89 214.89 214.90 68.36 68.32 162.41 308.80 747.89 747.36 748.45 745.89 740.30 639.98 69.07 29.04 15.47 15.49 15.49 15.51 127.15 748.45
30 28.09 273.46 285.86 285.86 276.59 276.59 369.85 245.70 239.99 629.49 653.32 716.06 851.65 847.01 847.61 842.29 838.49 663.11 396.06 280.12 30.91 30.91 220.60 295.04 851.65
31 424.28 446.36 459.83 459.83 448.07 449.23 564.95 544.97 647.99 740.12 762.86 837.35 829.65 824.42 825.50 828.88 825.71 585.12 479.07 448.45 43.36 40.86 228.62 292.01 837.35
august 2025

--- PDF PAGE 12 ---
11 
Public 
Servicii de sistem 
 
Prețul mediu de ofertă (ponderat la cantitatea 
contractată) [lei/hMW] – RSF bandă simetrică 
Raportat la cantitatea contractată pentru RSF, în 100% din intervalele orare din luna august prețurile medii de ofertă la licitațiile organizate 
s-au situat între 300 lei/hMW și 400 lei/hMW. 
Obs: prețurile disponibile în secțiunea de rapoarte publice a platformei informatice PE reprezintă media aritmetică a prețurilor de ofertă 
(https://newmarkets.transelectrica.ro/uu-webkit-maing02/00121011300000000000000000000100/tenderStatisticList)  
 
RSF
ziua 1 2 3 4 5 6 7 8 9 10 11 12 13 14 15 16 17 18 19 20 21 22 23 24 Max
1 352.70 353.98 353.98 353.98 353.98 353.98 353.98 353.98 353.98 353.98 365.00 365.00 365.00 365.00 365.00 365.00 365.00 365.00 352.70 352.70 352.70 352.70 352.70 352.70 365.00
2 352.70 365.00 365.00 365.00 365.00 365.00 365.00 365.00 315.00 346.94 346.94 346.94 346.94 346.94 346.94 346.94 346.94 346.94 346.08 346.08 346.08 346.08 346.08 346.08 365.00
3 346.08 346.94 346.94 346.94 346.94 346.94 346.94 346.94 346.94 346.94 346.94 346.94 346.94 346.94 346.94 346.94 346.94 346.94 315.00 315.00 315.00 315.00 315.00 315.00 346.94
4 346.08 346.94 346.94 346.94 346.94 346.94 346.94 346.94 346.94 346.94 346.94 346.94 346.94 346.94 346.94 346.94 346.94 346.94 337.55 337.55 337.55 337.55 337.55 337.55 346.94
5 352.70 353.33 353.33 353.33 353.33 353.33 353.33 353.33 353.33 353.33 365.00 365.00 365.00 365.00 365.00 365.00 365.00 365.00 352.70 352.70 352.70 352.70 352.70 352.70 365.00
6 352.70 315.00 315.00 315.00 315.00 315.00 315.00 315.00 315.00 315.00 315.00 315.00 315.00 315.00 315.00 315.00 315.00 315.00 315.00 315.00 315.00 315.00 315.00 315.00 352.70
7 315.00 315.00 315.00 315.00 315.00 338.00 338.00 338.00 338.00 338.00 346.94 346.94 346.94 346.94 346.94 346.94 346.94 346.94 337.55 337.55 337.55 337.55 337.55 337.55 346.94
8 337.55 338.00 338.00 338.00 338.00 338.00 338.00 338.00 338.00 338.00 346.94 346.94 346.94 346.94 346.94 346.94 346.94 346.94 337.55 337.55 337.55 337.55 337.55 337.55 346.94
9 337.55 338.00 338.00 338.00 338.00 338.00 338.00 338.00 338.00 346.94 346.94 346.94 346.94 346.94 346.94 346.94 346.94 346.94 345.26 345.26 345.26 345.26 345.26 345.26 346.94
10 345.26 346.94 346.94 346.94 346.94 346.94 346.94 346.94 346.94 346.94 346.94 346.94 346.94 346.94 346.94 346.94 346.94 346.94 345.26 345.26 345.26 345.26 345.26 345.26 346.94
11 345.26 346.94 346.94 346.94 346.94 346.94 346.94 346.94 346.94 346.94 346.94 346.94 346.94 346.94 346.94 346.94 346.94 346.94 337.55 337.55 337.55 337.55 337.55 337.55 346.94
12 352.70 353.33 353.33 353.33 353.33 353.33 353.33 353.33 353.33 353.33 365.00 365.00 365.00 365.00 365.00 365.00 365.00 365.00 352.70 352.70 352.70 352.70 352.70 352.70 365.00
13 352.70 353.33 353.33 353.33 353.33 353.33 353.33 353.33 353.33 353.33 365.00 365.00 365.00 365.00 365.00 365.00 365.00 365.00 352.70 352.70 352.70 352.70 352.70 352.70 365.00
14 352.70 353.33 353.33 353.33 353.33 353.33 353.33 353.33 353.33 353.33 365.00 365.00 365.00 365.00 365.00 365.00 365.00 365.00 352.70 352.70 352.70 352.70 352.70 352.70 365.00
15 352.70 353.33 353.33 353.33 353.33 353.33 353.33 353.33 353.33 353.33 365.00 365.00 365.00 365.00 365.00 365.00 365.00 365.00 352.70 352.70 352.70 352.70 352.70 352.70 365.00
16 352.70 353.33 353.33 353.33 353.33 353.33 353.33 315.00 315.00 346.94 346.94 346.94 346.94 346.94 346.94 346.94 346.94 346.94 345.26 345.26 345.26 345.26 345.26 345.26 353.33
17 345.26 346.94 346.94 346.94 346.94 346.94 346.94 346.94 346.94 346.94 346.94 346.94 346.94 346.94 346.94 346.94 346.94 315.00 315.00 315.00 345.26 345.26 345.26 345.26 346.94
18 362.92 365.00 365.00 365.00 365.00 365.00 365.00 365.00 366.11 366.11 366.11 366.11 366.11 366.11 366.11 366.11 366.11 366.11 353.33 353.33 353.33 352.70 352.70 352.70 366.11
19 352.70 353.33 353.33 353.33 353.33 353.33 353.33 353.33 353.98 353.98 366.11 366.11 366.11 366.11 366.11 366.11 366.11 366.11 353.33 353.33 353.33 352.70 352.70 352.70 366.11
20 352.70 353.33 353.33 353.33 353.33 353.33 353.33 353.33 353.98 353.98 366.11 366.11 366.11 366.11 366.11 366.11 366.11 366.11 353.33 353.33 353.33 352.70 352.70 352.70 366.11
21 352.70 353.33 353.33 353.33 353.33 353.33 353.33 353.33 353.98 353.98 366.11 366.11 366.11 366.11 366.11 366.11 366.11 366.11 353.33 315.00 315.00 315.00 315.00 315.00 366.11
22 315.00 315.00 353.33 353.33 353.33 353.33 353.33 353.33 353.98 353.98 366.11 366.11 366.11 366.11 366.11 366.11 366.11 366.11 353.33 353.33 353.33 352.70 352.70 352.70 366.11
23 315.00 315.00 315.00 315.00 315.00 315.00 315.00 315.00 315.00 315.00 315.00 315.00 315.00 315.00 315.00 315.00 315.00 315.00 315.00 315.00 315.00 315.00 315.00 315.00 315.00
24 315.00 315.00 315.00 315.00 315.00 315.00 315.00 315.00 315.00 315.00 315.00 315.00 315.00 315.00 315.00 315.00 315.00 315.00 315.00 315.00 315.00 315.00 315.00 315.00 315.00
25 315.00 315.00 315.00 315.00 315.00 315.00 315.00 315.00 315.00 315.00 315.00 315.00 315.00 315.00 315.00 315.00 315.00 315.00 315.00 315.00 315.00 315.00 315.00 315.00 315.00
26 352.70 353.33 353.33 353.33 353.33 353.33 353.33 353.33 338.47 315.00 347.86 366.11 366.11 366.11 366.11 366.11 366.11 366.11 353.33 353.33 353.33 352.70 352.70 352.70 366.11
27 352.70 353.33 353.33 353.33 353.33 353.33 353.33 353.33 353.98 315.00 315.00 315.00 315.00 315.00 315.00 366.11 366.11 366.11 353.33 353.33 353.33 352.70 352.70 352.70 366.11
28 348.82 349.85 349.85 349.85 349.85 349.85 349.85 349.85 349.85 315.00 315.00 315.00 315.00 315.00 315.00 365.00 365.00 365.00 348.82 348.82 348.82 348.82 348.82 348.82 365.00
29 348.82 349.85 349.85 349.85 349.85 349.85 349.85 349.85 349.85 315.00 315.00 365.00 365.00 365.00 365.00 365.00 365.00 365.00 348.82 348.82 348.82 348.82 348.82 348.82 365.00
30 348.82 349.85 349.85 349.85 349.85 349.85 352.70 352.70 352.70 315.00 315.00 315.00 315.00 315.00 315.00 315.00 315.00 315.00 315.00 315.00 315.00 315.00 315.00 315.00 352.70
31 315.00 315.00 315.00 315.00 315.00 315.00 315.00 315.00 315.00 315.00 315.00 315.00 315.00 315.00 315.00 315.00 315.00 315.00 315.00 315.00 315.00 315.00 315.00 315.00 315.00
august 2025

--- PDF PAGE 13 ---
12 
Persoane de contact 
          
 
Email: Monitorizare.Piata@transelectrica.ro 
Fax: 021 3035630 
 
Public 